delta = 0.400000, m = 6
0.766057	0.900000	0.028755	0.758206	0.893333	0.030852	0.722515	0.880000	0.014947
0.727776	0.873333	0.021333	0.758206	0.893333	0.022864	0.741932	0.886667	0.011235
0.741932	0.886667	0.018314	0.758206	0.893333	0.025127	0.722515	0.880000	0.012023
0.798067	0.900000	0.020351	0.758206	0.893333	0.029225	0.749751	0.873333	0.010813
0.728735	0.813333	0.018385	0.758206	0.893333	0.033066	0.792511	0.920000	0.010697
0.798067	0.900000	0.018172	0.758206	0.893333	0.023927	0.756185	0.880000	0.012724
0.798067	0.900000	0.022171	0.758206	0.893333	0.026055	0.798067	0.900000	0.016903
0.728735	0.813333	0.018067	0.758206	0.893333	0.026614	0.754966	0.906667	0.012906
0.727749	0.880000	0.024812	0.750781	0.886667	0.027809	0.771104	0.873333	0.011201
0.738735	0.893333	0.020796	0.758206	0.893333	0.025644	0.740300	0.833333	0.018476
0.822641	0.933333	0.020456	0.758206	0.893333	0.024351	0.758206	0.893333	0.012617
0.741932	0.886667	0.022936	0.758206	0.893333	0.025054	0.727776	0.873333	0.010814
0.798067	0.900000	0.017624	0.758206	0.893333	0.023890	0.798067	0.900000	0.014994
0.813866	0.913333	0.019764	0.750781	0.886667	0.024042	0.758206	0.893333	0.011980
0.750781	0.886667	0.020369	0.758206	0.893333	0.024546	0.741932	0.886667	0.011527
0.770141	0.893333	0.020934	0.758206	0.893333	0.026475	0.777317	0.880000	0.011666
0.777706	0.900000	0.023983	0.758206	0.893333	0.028800	0.727749	0.880000	0.010091
0.735303	0.886667	0.020873	0.758206	0.893333	0.026544	0.803797	0.933333	0.012468
0.734654	0.880000	0.025469	0.758206	0.893333	0.026214	0.750781	0.886667	0.011587
0.750781	0.886667	0.022588	0.758206	0.893333	0.023616	0.713897	0.866667	0.011502
0.720622	0.873333	0.017295	0.758206	0.893333	0.028235	0.741932	0.886667	0.012173
0.766057	0.900000	0.032207	0.758206	0.893333	0.024121	0.758206	0.893333	0.011724
0.805754	0.906667	0.020209	0.758206	0.893333	0.031967	0.737888	0.860000	0.014440
0.767290	0.913333	0.020902	0.758206	0.893333	0.026166	0.741932	0.886667	0.012078
0.750781	0.886667	0.026887	0.750781	0.886667	0.026914	0.758206	0.893333	0.010570
0.813866	0.913333	0.022668	0.758206	0.893333	0.022716	0.813045	0.933333	0.015096
0.758206	0.893333	0.022847	0.758206	0.893333	0.024749	0.749751	0.873333	0.011283
0.785696	0.906667	0.021427	0.758206	0.893333	0.029170	0.785696	0.906667	0.012563
0.770141	0.893333	0.019260	0.758206	0.893333	0.027211	0.790781	0.893333	0.011238
0.734654	0.880000	0.032283	0.758206	0.893333	0.025402	0.668946	0.860000	0.012373
0.790781	0.893333	0.021546	0.758206	0.893333	0.023676	0.771104	0.873333	0.014109
0.805754	0.906667	0.017848	0.758206	0.893333	0.024536	0.737888	0.860000	0.013043
0.749637	0.893333	0.017773	0.758206	0.893333	0.031628	0.802731	0.933333	0.011772
0.754372	0.853333	0.027820	0.758206	0.893333	0.024942	0.749637	0.893333	0.012783
0.785696	0.906667	0.019402	0.758206	0.893333	0.026645	0.758206	0.893333	0.011295
0.805754	0.906667	0.020442	0.758206	0.893333	0.030374	0.758206	0.893333	0.012155
0.741932	0.886667	0.020952	0.758206	0.893333	0.030874	0.749637	0.893333	0.013726
0.805754	0.906667	0.025386	0.758206	0.893333	0.027503	0.758206	0.893333	0.014056
0.790781	0.893333	0.023073	0.758206	0.893333	0.029178	0.798067	0.900000	0.010692
0.790781	0.893333	0.020364	0.758206	0.893333	0.030512	0.750781	0.886667	0.010986
0.728735	0.813333	0.024909	0.758206	0.893333	0.024038	0.750781	0.886667	0.011237
0.758206	0.893333	0.021297	0.758206	0.893333	0.025661	0.749637	0.893333	0.012338
0.758206	0.893333	0.020590	0.758206	0.893333	0.031043	0.766057	0.900000	0.012918
0.750781	0.886667	0.022928	0.758206	0.893333	0.027141	0.671851	0.860000	0.012885
0.708142	0.866667	0.025126	0.758206	0.893333	0.025144	0.766057	0.900000	0.010008
0.777706	0.900000	0.023835	0.758206	0.893333	0.025551	0.741932	0.886667	0.014163
0.734654	0.880000	0.021575	0.758206	0.893333	0.030630	0.789962	0.926667	0.013770
0.805754	0.906667	0.019511	0.758206	0.893333	0.024140	0.790781	0.893333	0.012392
0.777706	0.900000	0.032128	0.758206	0.893333	0.027515	0.689744	0.786667	0.014045
0.777706	0.900000	0.016028	0.758206	0.893333	0.033272	0.741932	0.886667	0.011279
delta = 0.400000, m = 9
0.798067	0.900000	0.020484	0.758206	0.893333	0.029987	0.741932	0.886667	0.016305
0.758206	0.893333	0.022161	0.758206	0.893333	0.030928	0.758206	0.893333	0.013990
0.727749	0.880000	0.024617	0.758206	0.893333	0.028946	0.734654	0.880000	0.012665
0.777706	0.900000	0.023481	0.758206	0.893333	0.034881	0.758206	0.893333	0.016552
0.758206	0.893333	0.021929	0.758206	0.893333	0.030444	0.758206	0.893333	0.015458
0.758206	0.893333	0.024093	0.758206	0.893333	0.026997	0.730664	0.880000	0.014081
0.750781	0.886667	0.020085	0.758206	0.893333	0.025489	0.749396	0.846667	0.011288
0.798067	0.900000	0.023293	0.758206	0.893333	0.029506	0.798067	0.900000	0.010714
0.750781	0.886667	0.028934	0.758206	0.893333	0.030151	0.758206	0.893333	0.011913
0.758206	0.893333	0.025576	0.758206	0.893333	0.030896	0.770141	0.893333	0.012919
0.798067	0.900000	0.029148	0.758206	0.893333	0.027069	0.766057	0.900000	0.015895
0.798067	0.900000	0.022696	0.758206	0.893333	0.030523	0.758206	0.893333	0.012628
0.805754	0.906667	0.024360	0.758206	0.893333	0.032523	0.741932	0.886667	0.013076
0.798067	0.900000	0.026131	0.758206	0.893333	0.029894	0.758206	0.893333	0.014641
0.758206	0.893333	0.022170	0.758206	0.893333	0.026825	0.758206	0.893333	0.013060
0.798067	0.900000	0.020928	0.758206	0.893333	0.031231	0.758206	0.893333	0.012075
0.798067	0.900000	0.024193	0.758206	0.893333	0.028397	0.766057	0.900000	0.011600
0.758206	0.893333	0.021330	0.758206	0.893333	0.034105	0.758206	0.893333	0.012219
0.758206	0.893333	0.027859	0.758206	0.893333	0.029915	0.770141	0.893333	0.012186
0.790781	0.893333	0.019200	0.758206	0.893333	0.031715	0.758206	0.893333	0.012118
0.805754	0.906667	0.026560	0.750781	0.886667	0.027477	0.774365	0.906667	0.011913
0.798067	0.900000	0.021446	0.758206	0.893333	0.032491	0.766057	0.900000	0.012894
0.750781	0.886667	0.026349	0.758206	0.893333	0.026576	0.734654	0.880000	0.012657
0.766057	0.900000	0.021825	0.758206	0.893333	0.031673	0.758206	0.893333	0.011871
0.758206	0.893333	0.021534	0.758206	0.893333	0.026881	0.757800	0.900000	0.014673
0.750781	0.886667	0.023668	0.758206	0.893333	0.025320	0.750781	0.886667	0.012310
0.798067	0.900000	0.019876	0.758206	0.893333	0.027794	0.750781	0.886667	0.011730
0.750781	0.886667	0.024004	0.758206	0.893333	0.026205	0.770141	0.893333	0.012521
0.741932	0.886667	0.021785	0.758206	0.893333	0.028960	0.798067	0.900000	0.011938
0.758206	0.893333	0.020439	0.758206	0.893333	0.028109	0.758206	0.893333	0.012026
0.790781	0.893333	0.024834	0.758206	0.893333	0.029414	0.758206	0.893333	0.012891
0.758206	0.893333	0.023394	0.758206	0.893333	0.027501	0.750781	0.886667	0.012984
0.798067	0.900000	0.021241	0.758206	0.893333	0.029156	0.468328	0.593333	0.021455
0.777706	0.900000	0.029636	0.758206	0.893333	0.030220	0.741932	0.886667	0.011147
0.758206	0.893333	0.027283	0.758206	0.893333	0.033499	0.756185	0.880000	0.013337
0.798067	0.900000	0.026467	0.758206	0.893333	0.027722	0.807105	0.933333	0.014620
0.758206	0.893333	0.021305	0.758206	0.893333	0.029564	0.770141	0.893333	0.011542
0.805754	0.906667	0.019380	0.758206	0.893333	0.030788	0.798067	0.900000	0.011227
0.758206	0.893333	0.027182	0.750781	0.886667	0.026160	0.758206	0.893333	0.013340
0.750781	0.886667	0.024029	0.750781	0.886667	0.028705	0.743317	0.893333	0.018568
0.798067	0.900000	0.022897	0.758206	0.893333	0.029298	0.762975	0.886667	0.010477
0.734654	0.880000	0.025591	0.758206	0.893333	0.028146	0.761536	0.886667	0.013977
0.750781	0.886667	0.025233	0.758206	0.893333	0.029783	0.749637	0.893333	0.013221
0.805754	0.906667	0.023360	0.758206	0.893333	0.027423	0.798067	0.900000	0.010823
0.741932	0.886667	0.025659	0.758206	0.893333	0.030080	0.750781	0.886667	0.013900
0.798067	0.900000	0.020871	0.758206	0.893333	0.033028	0.749637	0.893333	0.013696
0.805754	0.906667	0.022793	0.758206	0.893333	0.027677	0.750781	0.886667	0.012671
0.758206	0.893333	0.026564	0.758206	0.893333	0.037838	0.747635	0.900000	0.013551
0.790781	0.893333	0.028561	0.758206	0.893333	0.030693	0.795905	0.926667	0.014452
0.798067	0.900000	0.028792	0.758206	0.893333	0.030687	0.766057	0.900000	0.011620
delta = 0.400000, m = 12
0.750781	0.886667	0.028422	0.758206	0.893333	0.029381	0.747635	0.900000	0.015648
0.758206	0.893333	0.021474	0.758206	0.893333	0.032284	0.758206	0.893333	0.013534
0.758206	0.893333	0.022596	0.758206	0.893333	0.028970	0.757800	0.900000	0.014394
0.758206	0.893333	0.024190	0.758206	0.893333	0.028807	0.749637	0.893333	0.014045
0.758206	0.893333	0.024832	0.758206	0.893333	0.032758	0.795905	0.926667	0.013794
0.758206	0.893333	0.026617	0.758206	0.893333	0.028170	0.741932	0.886667	0.014303
0.758206	0.893333	0.020696	0.758206	0.893333	0.031806	0.789962	0.926667	0.016461
0.758206	0.893333	0.024523	0.750781	0.886667	0.028942	0.802448	0.926667	0.013547
0.766057	0.900000	0.020376	0.758206	0.893333	0.030458	0.798067	0.900000	0.012797
0.758206	0.893333	0.024002	0.758206	0.893333	0.028043	0.758206	0.893333	0.014914
0.758206	0.893333	0.022147	0.758206	0.893333	0.032052	0.758206	0.893333	0.014025
0.758206	0.893333	0.025175	0.758206	0.893333	0.035924	0.750781	0.886667	0.013832
0.758206	0.893333	0.024248	0.750781	0.886667	0.034331	0.758206	0.893333	0.014544
0.758206	0.893333	0.028144	0.758206	0.893333	0.027893	0.750781	0.886667	0.013794
0.758206	0.893333	0.023423	0.758206	0.893333	0.030496	0.758206	0.893333	0.012100
0.750781	0.886667	0.025970	0.758206	0.893333	0.029510	0.758206	0.893333	0.014268
0.758206	0.893333	0.021881	0.758206	0.893333	0.028309	0.741932	0.886667	0.014266
0.758206	0.893333	0.022041	0.758206	0.893333	0.027815	0.741932	0.886667	0.015772
0.758206	0.893333	0.025280	0.750781	0.886667	0.032479	0.727776	0.873333	0.015504
0.758206	0.893333	0.024431	0.758206	0.893333	0.029490	0.802448	0.926667	0.013865
0.758206	0.893333	0.024227	0.758206	0.893333	0.028064	0.758206	0.893333	0.012985
0.770141	0.893333	0.026125	0.758206	0.893333	0.031664	0.766057	0.900000	0.012345
0.758206	0.893333	0.020633	0.758206	0.893333	0.030334	0.750781	0.886667	0.012688
0.758206	0.893333	0.024712	0.758206	0.893333	0.029028	0.749637	0.893333	0.013006
0.777706	0.900000	0.030323	0.758206	0.893333	0.027285	0.758206	0.893333	0.012059
0.758206	0.893333	0.024607	0.758206	0.893333	0.037258	0.758206	0.893333	0.013640
0.758206	0.893333	0.026664	0.758206	0.893333	0.026590	0.758206	0.893333	0.013795
0.758206	0.893333	0.031473	0.758206	0.893333	0.028667	0.758206	0.893333	0.016109
0.758206	0.893333	0.020532	0.758206	0.893333	0.027566	0.802731	0.933333	0.013615
0.758206	0.893333	0.026047	0.758206	0.893333	0.026133	0.758206	0.893333	0.014754
0.758206	0.893333	0.023470	0.758206	0.893333	0.027830	0.758206	0.893333	0.012974
0.758206	0.893333	0.025424	0.758206	0.893333	0.029544	0.758206	0.893333	0.014057
0.758206	0.893333	0.025392	0.758206	0.893333	0.028567	0.758206	0.893333	0.012114
0.758206	0.893333	0.024996	0.758206	0.893333	0.034563	0.794144	0.913333	0.011845
0.758206	0.893333	0.021545	0.758206	0.893333	0.029435	0.758206	0.893333	0.013462
0.758206	0.893333	0.028600	0.758206	0.893333	0.030121	0.758206	0.893333	0.015055
0.758206	0.893333	0.023262	0.758206	0.893333	0.028568	0.750781	0.886667	0.014357
0.758206	0.893333	0.021902	0.758206	0.893333	0.027861	0.766057	0.900000	0.013970
0.758206	0.893333	0.026363	0.758206	0.893333	0.029341	0.749637	0.893333	0.013107
0.770141	0.893333	0.023059	0.758206	0.893333	0.027219	0.749637	0.893333	0.019204
0.758206	0.893333	0.024120	0.758206	0.893333	0.026645	0.758206	0.893333	0.013473
0.758206	0.893333	0.022958	0.758206	0.893333	0.036626	0.758206	0.893333	0.014223
0.750781	0.886667	0.025642	0.758206	0.893333	0.029448	0.749637	0.893333	0.012020
0.758206	0.893333	0.022975	0.750781	0.886667	0.031658	0.750781	0.886667	0.013354
0.750781	0.886667	0.024041	0.758206	0.893333	0.028596	0.741932	0.886667	0.012680
0.758206	0.893333	0.021406	0.758206	0.893333	0.033683	0.758206	0.893333	0.012949
0.758206	0.893333	0.022827	0.758206	0.893333	0.030550	0.758206	0.893333	0.012729
0.758206	0.893333	0.026258	0.758206	0.893333	0.030940	0.758206	0.893333	0.014400
0.758206	0.893333	0.025681	0.758206	0.893333	0.028233	0.758206	0.893333	0.013706
0.758206	0.893333	0.028905	0.758206	0.893333	0.028443	0.758206	0.893333	0.014387
delta = 0.400000, m = 15
0.758206	0.893333	0.024271	0.758206	0.893333	0.034118	0.758206	0.893333	0.013890
0.758206	0.893333	0.024074	0.758206	0.893333	0.031361	0.741932	0.886667	0.015708
0.758206	0.893333	0.029614	0.758206	0.893333	0.034357	0.758206	0.893333	0.015953
0.758206	0.893333	0.023149	0.758206	0.893333	0.030939	0.758206	0.893333	0.017539
0.758206	0.893333	0.027199	0.758206	0.893333	0.033352	0.758206	0.893333	0.016142
0.770141	0.893333	0.028341	0.750781	0.886667	0.029871	0.758206	0.893333	0.014572
0.758206	0.893333	0.022918	0.758206	0.893333	0.032135	0.741932	0.886667	0.017719
0.758206	0.893333	0.026271	0.758206	0.893333	0.033161	0.750781	0.886667	0.016475
0.758206	0.893333	0.026228	0.758206	0.893333	0.032545	0.750781	0.886667	0.014799
0.758206	0.893333	0.027195	0.758206	0.893333	0.031228	0.758206	0.893333	0.016069
0.758206	0.893333	0.031179	0.758206	0.893333	0.031881	0.750781	0.886667	0.014902
0.758206	0.893333	0.025055	0.758206	0.893333	0.040229	0.751827	0.900000	0.014314
0.758206	0.893333	0.025116	0.758206	0.893333	0.032086	0.758206	0.893333	0.014414
0.758206	0.893333	0.029309	0.758206	0.893333	0.032945	0.758206	0.893333	0.016209
0.758206	0.893333	0.025276	0.758206	0.893333	0.033408	0.758206	0.893333	0.015656
0.758206	0.893333	0.024288	0.758206	0.893333	0.034822	0.747635	0.900000	0.016982
0.758206	0.893333	0.027563	0.758206	0.893333	0.032359	0.758206	0.893333	0.016485
0.758206	0.893333	0.033633	0.758206	0.893333	0.034172	0.758206	0.893333	0.016296
0.758206	0.893333	0.032771	0.758206	0.893333	0.031546	0.758206	0.893333	0.016577
0.758206	0.893333	0.027321	0.758206	0.893333	0.030176	0.758206	0.893333	0.012729
0.758206	0.893333	0.026296	0.758206	0.893333	0.030245	0.758206	0.893333	0.016788
0.758206	0.893333	0.026498	0.758206	0.893333	0.033864	0.758206	0.893333	0.013952
0.758206	0.893333	0.029480	0.758206	0.893333	0.031558	0.750781	0.886667	0.014834
0.758206	0.893333	0.028059	0.758206	0.893333	0.030378	0.758206	0.893333	0.016511
0.758206	0.893333	0.026340	0.758206	0.893333	0.035622	0.758206	0.893333	0.015033
0.758206	0.893333	0.028594	0.758206	0.893333	0.033231	0.743657	0.866667	0.014651
0.758206	0.893333	0.028960	0.758206	0.893333	0.033536	0.758206	0.893333	0.014769
0.758206	0.893333	0.034045	0.758206	0.893333	0.030974	0.758206	0.893333	0.015281
0.758206	0.893333	0.027801	0.758206	0.893333	0.036813	0.758206	0.893333	0.013243
0.758206	0.893333	0.023863	0.750781	0.886667	0.034431	0.757131	0.906667	0.017791
0.758206	0.893333	0.026438	0.758206	0.893333	0.032780	0.751827	0.900000	0.016600
0.758206	0.893333	0.027132	0.750781	0.886667	0.032350	0.758206	0.893333	0.015066
0.758206	0.893333	0.026299	0.758206	0.893333	0.030918	0.758206	0.893333	0.013771
0.758206	0.893333	0.025518	0.758206	0.893333	0.032903	0.758206	0.893333	0.016476
0.758206	0.893333	0.024529	0.750781	0.886667	0.032257	0.758206	0.893333	0.014902
0.758206	0.893333	0.026014	0.758206	0.893333	0.029625	0.758206	0.893333	0.014978
0.758206	0.893333	0.027611	0.758206	0.893333	0.030349	0.758206	0.893333	0.013144
0.758206	0.893333	0.029715	0.758206	0.893333	0.031263	0.798067	0.900000	0.013949
0.758206	0.893333	0.025976	0.758206	0.893333	0.031833	0.741932	0.886667	0.015095
0.758206	0.893333	0.031088	0.750781	0.886667	0.031215	0.758206	0.893333	0.014594
0.758206	0.893333	0.026864	0.758206	0.893333	0.030014	0.758206	0.893333	0.013915
0.758206	0.893333	0.028912	0.758206	0.893333	0.031484	0.758206	0.893333	0.013693
0.758206	0.893333	0.023798	0.758206	0.893333	0.036736	0.758206	0.893333	0.014170
0.758206	0.893333	0.029256	0.758206	0.893333	0.033139	0.778198	0.920000	0.015101
0.758206	0.893333	0.029624	0.758206	0.893333	0.037091	0.758206	0.893333	0.014217
0.758206	0.893333	0.027630	0.758206	0.893333	0.030555	0.758206	0.893333	0.015079
0.750781	0.886667	0.028686	0.758206	0.893333	0.029137	0.767290	0.913333	0.016780
0.758206	0.893333	0.025660	0.758206	0.893333	0.032570	0.789962	0.926667	0.015361
0.758206	0.893333	0.026980	0.758206	0.893333	0.029870	0.758206	0.893333	0.013779
0.758206	0.893333	0.027192	0.758206	0.893333	0.033406	0.758206	0.893333	0.014179
delta = 0.400000, m = 18
0.758206	0.893333	0.031020	0.758206	0.893333	0.033271	0.758206	0.893333	0.017117
0.758206	0.893333	0.031031	0.758206	0.893333	0.033584	0.758206	0.893333	0.015953
0.750781	0.886667	0.031953	0.758206	0.893333	0.035645	0.758206	0.893333	0.015945
0.758206	0.893333	0.032621	0.758206	0.893333	0.033670	0.758206	0.893333	0.016427
0.758206	0.893333	0.031623	0.758206	0.893333	0.036325	0.758206	0.893333	0.016972
0.758206	0.893333	0.034066	0.758206	0.893333	0.039820	0.798067	0.900000	0.015427
0.758206	0.893333	0.027848	0.758206	0.893333	0.039983	0.758206	0.893333	0.015090
0.758206	0.893333	0.030789	0.758206	0.893333	0.034584	0.758206	0.893333	0.016025
0.758206	0.893333	0.029542	0.758206	0.893333	0.032878	0.758206	0.893333	0.015705
0.758206	0.893333	0.032830	0.758206	0.893333	0.033496	0.749637	0.893333	0.015513
0.758206	0.893333	0.031093	0.758206	0.893333	0.033328	0.777340	0.920000	0.017252
0.758206	0.893333	0.028536	0.758206	0.893333	0.034485	0.758206	0.893333	0.015963
0.758206	0.893333	0.029727	0.758206	0.893333	0.036020	0.758206	0.893333	0.017490
0.758206	0.893333	0.034403	0.758206	0.893333	0.032813	0.750781	0.886667	0.016013
0.758206	0.893333	0.033760	0.758206	0.893333	0.033828	0.758206	0.893333	0.018658
0.758206	0.893333	0.032281	0.758206	0.893333	0.038913	0.758206	0.893333	0.017260
0.758206	0.893333	0.031575	0.758206	0.893333	0.035377	0.750781	0.886667	0.021782
0.758206	0.893333	0.033512	0.758206	0.893333	0.033580	0.758206	0.893333	0.015613
0.758206	0.893333	0.031900	0.758206	0.893333	0.036935	0.758206	0.893333	0.016567
0.758206	0.893333	0.030384	0.758206	0.893333	0.035859	0.758206	0.893333	0.016388
0.758206	0.893333	0.029914	0.758206	0.893333	0.035599	0.758206	0.893333	0.019232
0.758206	0.893333	0.031357	0.758206	0.893333	0.032267	0.766057	0.900000	0.014418
0.758206	0.893333	0.032112	0.758206	0.893333	0.032723	0.758206	0.893333	0.016915
0.758206	0.893333	0.031969	0.758206	0.893333	0.037277	0.758206	0.893333	0.017166
0.758206	0.893333	0.027821	0.758206	0.893333	0.035439	0.758206	0.893333	0.016731
0.758206	0.893333	0.033616	0.758206	0.893333	0.033104	0.758206	0.893333	0.018472
0.758206	0.893333	0.032532	0.750781	0.886667	0.031878	0.750781	0.886667	0.015909
0.758206	0.893333	0.033524	0.758206	0.893333	0.032821	0.750781	0.886667	0.019217
0.758206	0.893333	0.030588	0.758206	0.893333	0.040209	0.758206	0.893333	0.018377
0.758206	0.893333	0.029858	0.758206	0.893333	0.035607	0.758206	0.893333	0.016910
0.758206	0.893333	0.032976	0.750781	0.886667	0.040007	0.758206	0.893333	0.020679
0.758206	0.893333	0.032083	0.758206	0.893333	0.033778	0.758206	0.893333	0.015769
0.758206	0.893333	0.031933	0.758206	0.893333	0.032513	0.758206	0.893333	0.017752
0.758206	0.893333	0.030976	0.758206	0.893333	0.036276	0.758206	0.893333	0.016825
0.758206	0.893333	0.030876	0.758206	0.893333	0.033307	0.758206	0.893333	0.017613
0.758206	0.893333	0.032548	0.758206	0.893333	0.034265	0.758206	0.893333	0.015591
0.758206	0.893333	0.030346	0.758206	0.893333	0.038985	0.758206	0.893333	0.017749
0.758206	0.893333	0.027219	0.758206	0.893333	0.033930	0.758206	0.893333	0.015001
0.758206	0.893333	0.028647	0.758206	0.893333	0.033422	0.758206	0.893333	0.015315
0.758206	0.893333	0.030915	0.758206	0.893333	0.033101	0.741932	0.886667	0.014190
0.758206	0.893333	0.032796	0.758206	0.893333	0.039412	0.758206	0.893333	0.015822
0.758206	0.893333	0.031419	0.758206	0.893333	0.034251	0.758206	0.893333	0.015995
0.750781	0.886667	0.032373	0.758206	0.893333	0.038441	0.766057	0.900000	0.015288
0.758206	0.893333	0.032318	0.758206	0.893333	0.033903	0.750781	0.886667	0.017423
0.750781	0.886667	0.032781	0.758206	0.893333	0.034405	0.757131	0.906667	0.017094
0.758206	0.893333	0.031411	0.758206	0.893333	0.033872	0.758206	0.893333	0.017807
0.758206	0.893333	0.032090	0.758206	0.893333	0.036132	0.789962	0.926667	0.018686
0.758206	0.893333	0.039256	0.758206	0.893333	0.034656	0.758206	0.893333	0.016657
0.758206	0.893333	0.032236	0.758206	0.893333	0.040796	0.750781	0.886667	0.017876
0.758206	0.893333	0.030087	0.758206	0.893333	0.032217	0.778198	0.920000	0.017696
delta = 0.400000, m = 21
0.758206	0.893333	0.033539	0.758206	0.893333	0.043191	0.758206	0.893333	0.017937
0.758206	0.893333	0.035168	0.758206	0.893333	0.046188	0.749637	0.893333	0.019327
0.758206	0.893333	0.033943	0.758206	0.893333	0.038587	0.758206	0.893333	0.016824
0.758206	0.893333	0.034186	0.750781	0.886667	0.042240	0.758206	0.893333	0.018796
0.758206	0.893333	0.030995	0.758206	0.893333	0.041357	0.758206	0.893333	0.018664
0.758206	0.893333	0.034498	0.758206	0.893333	0.038506	0.758206	0.893333	0.017810
0.758206	0.893333	0.035564	0.758206	0.893333	0.041455	0.758206	0.893333	0.019993
0.750781	0.886667	0.032776	0.758206	0.893333	0.038310	0.758206	0.893333	0.018964
0.758206	0.893333	0.036175	0.758206	0.893333	0.038176	0.758206	0.893333	0.018420
0.758206	0.893333	0.037262	0.758206	0.893333	0.040218	0.758206	0.893333	0.019435
0.758206	0.893333	0.033984	0.758206	0.893333	0.040813	0.758206	0.893333	0.018521
0.758206	0.893333	0.033698	0.750781	0.886667	0.038299	0.758206	0.893333	0.017792
0.758206	0.893333	0.039580	0.750781	0.886667	0.046960	0.758206	0.893333	0.018857
0.758206	0.893333	0.032781	0.758206	0.893333	0.043371	0.757800	0.900000	0.017962
0.758206	0.893333	0.036051	0.758206	0.893333	0.045548	0.758206	0.893333	0.017715
0.758206	0.893333	0.033889	0.758206	0.893333	0.041684	0.758206	0.893333	0.018614
0.758206	0.893333	0.034632	0.758206	0.893333	0.035721	0.758206	0.893333	0.018061
0.758206	0.893333	0.032988	0.758206	0.893333	0.039688	0.758206	0.893333	0.016891
0.758206	0.893333	0.033141	0.758206	0.893333	0.037135	0.758206	0.893333	0.018636
0.758206	0.893333	0.034476	0.750781	0.886667	0.038070	0.758206	0.893333	0.018954
0.758206	0.893333	0.031028	0.758206	0.893333	0.035814	0.758206	0.893333	0.017325
0.758206	0.893333	0.034224	0.758206	0.893333	0.035482	0.758206	0.893333	0.018267
0.758206	0.893333	0.036293	0.758206	0.893333	0.045027	0.770141	0.893333	0.019901
0.758206	0.893333	0.037554	0.758206	0.893333	0.039400	0.758206	0.893333	0.019891
0.758206	0.893333	0.034082	0.758206	0.893333	0.039679	0.758206	0.893333	0.018612
0.758206	0.893333	0.034990	0.758206	0.893333	0.037267	0.758206	0.893333	0.017306
0.758206	0.893333	0.035121	0.758206	0.893333	0.035642	0.758206	0.893333	0.019989
0.758206	0.893333	0.031635	0.758206	0.893333	0.037979	0.749637	0.893333	0.016414
0.758206	0.893333	0.032175	0.758206	0.893333	0.036001	0.758206	0.893333	0.016874
0.758206	0.893333	0.033828	0.758206	0.893333	0.037148	0.758206	0.893333	0.017484
0.758206	0.893333	0.034119	0.750781	0.886667	0.040087	0.758206	0.893333	0.018862
0.758206	0.893333	0.030393	0.758206	0.893333	0.044041	0.750781	0.886667	0.018538
0.758206	0.893333	0.031772	0.758206	0.893333	0.036155	0.758206	0.893333	0.018839
0.758206	0.893333	0.030876	0.758206	0.893333	0.039450	0.766057	0.900000	0.021915
0.758206	0.893333	0.033287	0.758206	0.893333	0.037557	0.758206	0.893333	0.019609
0.758206	0.893333	0.033406	0.758206	0.893333	0.038161	0.758206	0.893333	0.017371
0.758206	0.893333	0.034105	0.758206	0.893333	0.043572	0.758206	0.893333	0.017400
0.758206	0.893333	0.034098	0.758206	0.893333	0.036382	0.749637	0.893333	0.018136
0.758206	0.893333	0.034462	0.758206	0.893333	0.038386	0.758206	0.893333	0.018295
0.758206	0.893333	0.030742	0.758206	0.893333	0.037028	0.750781	0.886667	0.016208
0.758206	0.893333	0.034246	0.758206	0.893333	0.035528	0.758206	0.893333	0.018500
0.758206	0.893333	0.036705	0.758206	0.893333	0.039611	0.750781	0.886667	0.016899
0.758206	0.893333	0.036385	0.758206	0.893333	0.039412	0.766459	0.906667	0.021401
0.758206	0.893333	0.031593	0.758206	0.893333	0.037923	0.758206	0.893333	0.019325
0.758206	0.893333	0.040004	0.758206	0.893333	0.042092	0.758206	0.893333	0.018501
0.758206	0.893333	0.033759	0.758206	0.893333	0.037966	0.758206	0.893333	0.018473
0.758206	0.893333	0.033526	0.758206	0.893333	0.038739	0.741932	0.886667	0.018484
0.758206	0.893333	0.036106	0.758206	0.893333	0.040717	0.758206	0.893333	0.018888
0.758206	0.893333	0.032643	0.750781	0.886667	0.037947	0.758206	0.893333	0.017257
0.758206	0.893333	0.033432	0.758206	0.893333	0.039751	0.758206	0.893333	0.018317
delta = 0.400000, m = 24
0.758206	0.893333	0.035458	0.758206	0.893333	0.042217	0.758206	0.893333	0.021307
0.758206	0.893333	0.034127	0.758206	0.893333	0.042675	0.758206	0.893333	0.020582
0.758206	0.893333	0.038534	0.758206	0.893333	0.044403	0.758206	0.893333	0.025022
0.758206	0.893333	0.037363	0.758206	0.893333	0.041864	0.758206	0.893333	0.022182
0.758206	0.893333	0.034748	0.750781	0.886667	0.053028	0.758206	0.893333	0.021117
0.758206	0.893333	0.034879	0.758206	0.893333	0.043936	0.758206	0.893333	0.021463
0.758206	0.893333	0.035419	0.758206	0.893333	0.048900	0.750781	0.886667	0.021430
0.758206	0.893333	0.036283	0.758206	0.893333	0.047465	0.758206	0.893333	0.022817
0.758206	0.893333	0.035128	0.758206	0.893333	0.041013	0.758206	0.893333	0.018026
0.758206	0.893333	0.041953	0.758206	0.893333	0.044649	0.758206	0.893333	0.024618
0.758206	0.893333	0.037774	0.758206	0.893333	0.047593	0.758206	0.893333	0.021432
0.758206	0.893333	0.038713	0.758206	0.893333	0.042898	0.758206	0.893333	0.020194
0.758206	0.893333	0.040402	0.750781	0.886667	0.045596	0.758206	0.893333	0.021705
0.758206	0.893333	0.035986	0.758206	0.893333	0.041609	0.749637	0.893333	0.024363
0.758206	0.893333	0.043647	0.758206	0.893333	0.042240	0.758206	0.893333	0.019558
0.758206	0.893333	0.038433	0.758206	0.893333	0.043596	0.758206	0.893333	0.022222
0.758206	0.893333	0.037579	0.758206	0.893333	0.044868	0.758206	0.893333	0.021480
0.758206	0.893333	0.042066	0.758206	0.893333	0.042544	0.758206	0.893333	0.020611
0.758206	0.893333	0.038752	0.758206	0.893333	0.043846	0.758206	0.893333	0.020949
0.758206	0.893333	0.040440	0.750781	0.886667	0.043925	0.758206	0.893333	0.021878
0.758206	0.893333	0.036438	0.758206	0.893333	0.043496	0.758206	0.893333	0.024021
0.758206	0.893333	0.036820	0.758206	0.893333	0.044495	0.758206	0.893333	0.023101
0.758206	0.893333	0.041157	0.758206	0.893333	0.043108	0.750781	0.886667	0.022770
0.758206	0.893333	0.045310	0.758206	0.893333	0.040037	0.758206	0.893333	0.023252
0.758206	0.893333	0.035151	0.758206	0.893333	0.047334	0.758206	0.893333	0.021168
0.758206	0.893333	0.038308	0.750781	0.886667	0.044424	0.758206	0.893333	0.023427
0.758206	0.893333	0.038480	0.758206	0.893333	0.043173	0.758206	0.893333	0.021946
0.758206	0.893333	0.045492	0.758206	0.893333	0.040423	0.758206	0.893333	0.022143
0.758206	0.893333	0.037426	0.758206	0.893333	0.038305	0.758206	0.893333	0.022531
0.758206	0.893333	0.043904	0.758206	0.893333	0.044600	0.758206	0.893333	0.025571
0.758206	0.893333	0.038184	0.750781	0.886667	0.042513	0.758206	0.893333	0.021357
0.758206	0.893333	0.049552	0.758206	0.893333	0.042120	0.758206	0.893333	0.024144
0.758206	0.893333	0.040002	0.750781	0.886667	0.051831	0.758206	0.893333	0.020793
0.758206	0.893333	0.039704	0.758206	0.893333	0.043966	0.751827	0.900000	0.026878
0.758206	0.893333	0.041763	0.750781	0.886667	0.043928	0.758206	0.893333	0.024034
0.758206	0.893333	0.039063	0.758206	0.893333	0.045242	0.758206	0.893333	0.024649
0.758206	0.893333	0.041280	0.750781	0.886667	0.041239	0.758206	0.893333	0.023991
0.758206	0.893333	0.036390	0.758206	0.893333	0.043306	0.750781	0.886667	0.022285
0.758206	0.893333	0.035589	0.758206	0.893333	0.044189	0.758206	0.893333	0.024034
0.758206	0.893333	0.037646	0.758206	0.893333	0.044851	0.758206	0.893333	0.022878
0.758206	0.893333	0.038595	0.758206	0.893333	0.045208	0.758206	0.893333	0.023174
0.758206	0.893333	0.039050	0.758206	0.893333	0.047358	0.758206	0.893333	0.022452
0.758206	0.893333	0.037256	0.758206	0.893333	0.042120	0.741932	0.886667	0.023453
0.758206	0.893333	0.043232	0.758206	0.893333	0.040719	0.758206	0.893333	0.021917
0.758206	0.893333	0.040767	0.758206	0.893333	0.043462	0.750781	0.886667	0.021233
0.758206	0.893333	0.041658	0.758206	0.893333	0.040957	0.758206	0.893333	0.021544
0.758206	0.893333	0.043842	0.758206	0.893333	0.041743	0.758206	0.893333	0.020646
0.758206	0.893333	0.036772	0.758206	0.893333	0.045483	0.758206	0.893333	0.023646
0.758206	0.893333	0.036252	0.758206	0.893333	0.045129	0.750781	0.886667	0.021658
0.758206	0.893333	0.038150	0.758206	0.893333	0.042856	0.758206	0.893333	0.019655
delta = 0.400000, m = 27
0.758206	0.893333	0.045042	0.758206	0.893333	0.046321	0.758206	0.893333	0.026350
0.758206	0.893333	0.046678	0.758206	0.893333	0.049513	0.758206	0.893333	0.021252
0.758206	0.893333	0.045404	0.758206	0.893333	0.046189	0.758206	0.893333	0.021938
0.758206	0.893333	0.039903	0.758206	0.893333	0.046206	0.758206	0.893333	0.023170
0.758206	0.893333	0.041109	0.758206	0.893333	0.052170	0.750781	0.886667	0.021333
0.758206	0.893333	0.041402	0.758206	0.893333	0.046204	0.750781	0.886667	0.023645
0.758206	0.893333	0.040018	0.758206	0.893333	0.044304	0.758206	0.893333	0.023192
0.758206	0.893333	0.038070	0.758206	0.893333	0.048802	0.750781	0.886667	0.025320
0.758206	0.893333	0.042699	0.758206	0.893333	0.051908	0.758206	0.893333	0.022410
0.758206	0.893333	0.041124	0.758206	0.893333	0.051838	0.750781	0.886667	0.024557
0.758206	0.893333	0.039794	0.758206	0.893333	0.048937	0.758206	0.893333	0.026039
0.758206	0.893333	0.049058	0.758206	0.893333	0.046725	0.758206	0.893333	0.022451
0.758206	0.893333	0.040951	0.750781	0.886667	0.048512	0.749637	0.893333	0.021099
0.758206	0.893333	0.044504	0.758206	0.893333	0.047729	0.758206	0.893333	0.022398
0.758206	0.893333	0.043096	0.758206	0.893333	0.047700	0.758206	0.893333	0.021922
0.758206	0.893333	0.044951	0.758206	0.893333	0.053288	0.758206	0.893333	0.023706
0.758206	0.893333	0.042256	0.758206	0.893333	0.049256	0.758206	0.893333	0.021457
0.758206	0.893333	0.045069	0.758206	0.893333	0.047371	0.758206	0.893333	0.023490
0.758206	0.893333	0.049682	0.758206	0.893333	0.048349	0.758206	0.893333	0.022630
0.758206	0.893333	0.041096	0.758206	0.893333	0.048456	0.758206	0.893333	0.023586
0.758206	0.893333	0.040248	0.758206	0.893333	0.045625	0.758206	0.893333	0.022957
0.758206	0.893333	0.043629	0.758206	0.893333	0.045821	0.758206	0.893333	0.024256
0.758206	0.893333	0.039175	0.758206	0.893333	0.048448	0.758206	0.893333	0.023727
0.758206	0.893333	0.038946	0.758206	0.893333	0.050248	0.758206	0.893333	0.021987
0.758206	0.893333	0.040337	0.758206	0.893333	0.046648	0.758206	0.893333	0.021786
0.758206	0.893333	0.039132	0.758206	0.893333	0.047737	0.758206	0.893333	0.026433
0.758206	0.893333	0.040843	0.758206	0.893333	0.047679	0.758206	0.893333	0.025469
0.758206	0.893333	0.041923	0.758206	0.893333	0.047592	0.758206	0.893333	0.022515
0.758206	0.893333	0.040355	0.758206	0.893333	0.050826	0.758206	0.893333	0.023703
0.758206	0.893333	0.045425	0.758206	0.893333	0.047274	0.758206	0.893333	0.022661
0.758206	0.893333	0.036638	0.758206	0.893333	0.048707	0.758206	0.893333	0.023482
0.758206	0.893333	0.039347	0.750781	0.886667	0.050762	0.758206	0.893333	0.021062
0.758206	0.893333	0.037549	0.758206	0.893333	0.051151	0.758206	0.893333	0.024523
0.758206	0.893333	0.040227	0.758206	0.893333	0.045657	0.758206	0.893333	0.024264
0.758206	0.893333	0.045220	0.758206	0.893333	0.051069	0.758206	0.893333	0.021526
0.758206	0.893333	0.040614	0.758206	0.893333	0.051806	0.758206	0.893333	0.026276
0.758206	0.893333	0.052149	0.758206	0.893333	0.043531	0.758206	0.893333	0.023066
0.758206	0.893333	0.043104	0.758206	0.893333	0.048906	0.758206	0.893333	0.023896
0.758206	0.893333	0.038866	0.758206	0.893333	0.048519	0.758206	0.893333	0.023543
0.758206	0.893333	0.038068	0.758206	0.893333	0.048250	0.758206	0.893333	0.023853
0.758206	0.893333	0.037794	0.758206	0.893333	0.045659	0.758206	0.893333	0.022018
0.758206	0.893333	0.037590	0.758206	0.893333	0.043084	0.758206	0.893333	0.022954
0.758206	0.893333	0.038529	0.758206	0.893333	0.042184	0.758206	0.893333	0.023301
0.758206	0.893333	0.040331	0.758206	0.893333	0.049282	0.758206	0.893333	0.022123
0.758206	0.893333	0.043188	0.750781	0.886667	0.052294	0.758206	0.893333	0.023379
0.758206	0.893333	0.037268	0.758206	0.893333	0.048558	0.758206	0.893333	0.022002
0.758206	0.893333	0.042236	0.758206	0.893333	0.047789	0.750781	0.886667	0.022497
0.758206	0.893333	0.041021	0.758206	0.893333	0.045152	0.758206	0.893333	0.022932
0.758206	0.893333	0.037691	0.758206	0.893333	0.045899	0.758206	0.893333	0.021513
0.758206	0.893333	0.037876	0.758206	0.893333	0.048111	0.758206	0.893333	0.022971
delta = 0.400000, m = 30
0.758206	0.893333	0.044203	0.758206	0.893333	0.052864	0.758206	0.893333	0.024629
0.758206	0.893333	0.041014	0.758206	0.893333	0.048626	0.758206	0.893333	0.022404
0.758206	0.893333	0.040641	0.758206	0.893333	0.046957	0.758206	0.893333	0.023996
0.758206	0.893333	0.046131	0.750781	0.886667	0.049487	0.758206	0.893333	0.024029
0.758206	0.893333	0.051787	0.758206	0.893333	0.054959	0.758206	0.893333	0.025634
0.758206	0.893333	0.046503	0.750781	0.886667	0.052190	0.758206	0.893333	0.023435
0.758206	0.893333	0.046870	0.770141	0.893333	0.050692	0.758206	0.893333	0.024182
0.758206	0.893333	0.047244	0.758206	0.893333	0.053076	0.758206	0.893333	0.025238
0.758206	0.893333	0.038302	0.758206	0.893333	0.050003	0.758206	0.893333	0.024421
0.758206	0.893333	0.041873	0.758206	0.893333	0.046795	0.758206	0.893333	0.024843
0.758206	0.893333	0.040353	0.750781	0.886667	0.051487	0.758206	0.893333	0.025204
0.758206	0.893333	0.043148	0.758206	0.893333	0.054603	0.758206	0.893333	0.025299
0.758206	0.893333	0.049799	0.750781	0.886667	0.047937	0.758206	0.893333	0.024875
0.758206	0.893333	0.042438	0.758206	0.893333	0.051017	0.758206	0.893333	0.024739
0.758206	0.893333	0.043280	0.758206	0.893333	0.052178	0.758206	0.893333	0.026738
0.758206	0.893333	0.040193	0.758206	0.893333	0.051149	0.758206	0.893333	0.028051
0.758206	0.893333	0.046320	0.758206	0.893333	0.047835	0.758206	0.893333	0.027210
0.758206	0.893333	0.043890	0.758206	0.893333	0.047954	0.758206	0.893333	0.025302
0.758206	0.893333	0.042797	0.750781	0.886667	0.054726	0.758206	0.893333	0.024358
0.758206	0.893333	0.044626	0.758206	0.893333	0.052935	0.758206	0.893333	0.024435
0.758206	0.893333	0.040350	0.758206	0.893333	0.050309	0.758206	0.893333	0.028390
0.758206	0.893333	0.041073	0.750781	0.886667	0.048419	0.758206	0.893333	0.025138
0.758206	0.893333	0.042451	0.758206	0.893333	0.051162	0.749637	0.893333	0.024204
0.758206	0.893333	0.040479	0.758206	0.893333	0.049820	0.758206	0.893333	0.023724
0.758206	0.893333	0.041670	0.758206	0.893333	0.046131	0.758206	0.893333	0.024371
0.758206	0.893333	0.044363	0.750781	0.886667	0.056692	0.758206	0.893333	0.024520
0.758206	0.893333	0.039471	0.758206	0.893333	0.047926	0.758206	0.893333	0.028454
0.758206	0.893333	0.041635	0.758206	0.893333	0.049861	0.758206	0.893333	0.029560
0.758206	0.893333	0.045702	0.750781	0.886667	0.048151	0.758206	0.893333	0.026835
0.758206	0.893333	0.045195	0.758206	0.893333	0.048895	0.758206	0.893333	0.024703
0.758206	0.893333	0.041212	0.758206	0.893333	0.048504	0.758206	0.893333	0.023400
0.758206	0.893333	0.042229	0.758206	0.893333	0.050185	0.758206	0.893333	0.024833
0.758206	0.893333	0.041743	0.758206	0.893333	0.050481	0.758206	0.893333	0.025035
0.758206	0.893333	0.042738	0.758206	0.893333	0.052550	0.758206	0.893333	0.026269
0.758206	0.893333	0.040166	0.750781	0.886667	0.051869	0.758206	0.893333	0.025839
0.758206	0.893333	0.044449	0.758206	0.893333	0.055568	0.758206	0.893333	0.024413
0.758206	0.893333	0.045400	0.758206	0.893333	0.054897	0.758206	0.893333	0.025035
0.758206	0.893333	0.042964	0.750781	0.886667	0.053707	0.758206	0.893333	0.025288
0.758206	0.893333	0.040785	0.758206	0.893333	0.050683	0.758206	0.893333	0.024658
0.758206	0.893333	0.038907	0.758206	0.893333	0.053328	0.758206	0.893333	0.024392
0.758206	0.893333	0.040127	0.758206	0.893333	0.052038	0.758206	0.893333	0.024908
0.758206	0.893333	0.040528	0.750781	0.886667	0.052962	0.758206	0.893333	0.025287
0.758206	0.893333	0.041227	0.758206	0.893333	0.052884	0.758206	0.893333	0.025212
0.758206	0.893333	0.040457	0.758206	0.893333	0.051025	0.758206	0.893333	0.026008
0.758206	0.893333	0.042047	0.758206	0.893333	0.055206	0.758206	0.893333	0.023995
0.758206	0.893333	0.039545	0.758206	0.893333	0.050768	0.758206	0.893333	0.025307
0.758206	0.893333	0.045561	0.758206	0.893333	0.051789	0.758206	0.893333	0.025458
0.758206	0.893333	0.041647	0.750781	0.886667	0.048545	0.758206	0.893333	0.026505
0.758206	0.893333	0.040450	0.750781	0.886667	0.052559	0.758206	0.893333	0.023651
0.758206	0.893333	0.041308	0.750781	0.886667	0.050995	0.758206	0.893333	0.024500
