delta = 0.300000, m = 6
0.790781	0.893333	0.050828	0.770141	0.893333	0.030124	0.747635	0.900000	0.014729
0.770141	0.893333	0.020776	0.741932	0.886667	0.025851	0.762975	0.886667	0.013688
0.849781	0.953333	0.020762	0.758206	0.893333	0.025052	0.777706	0.900000	0.010969
0.777340	0.920000	0.022237	0.758206	0.893333	0.025179	0.730376	0.886667	0.010922
0.708717	0.740000	0.017092	0.757131	0.906667	0.022778	0.715301	0.833333	0.013642
0.722422	0.840000	0.028545	0.751827	0.900000	0.024879	0.798067	0.900000	0.012164
0.778198	0.920000	0.020620	0.741932	0.886667	0.021112	0.757800	0.900000	0.011018
0.790781	0.893333	0.018581	0.758206	0.893333	0.025618	0.708864	0.746667	0.013239
0.708864	0.746667	0.021768	0.758206	0.893333	0.023479	0.762975	0.886667	0.010878
0.783169	0.913333	0.016712	0.758206	0.893333	0.025707	0.778198	0.920000	0.014117
0.774365	0.906667	0.018324	0.758206	0.893333	0.031411	0.758206	0.893333	0.011669
0.758206	0.893333	0.019139	0.758206	0.893333	0.022325	0.805754	0.906667	0.011841
0.780832	0.920000	0.022356	0.770141	0.893333	0.022997	0.785696	0.906667	0.010771
0.777317	0.880000	0.018335	0.741932	0.886667	0.025593	0.727280	0.846667	0.011774
0.813045	0.933333	0.018445	0.770141	0.893333	0.027189	0.747635	0.900000	0.011574
0.708864	0.746667	0.019665	0.758206	0.893333	0.024290	0.657145	0.706667	0.010547
0.708717	0.740000	0.022812	0.758206	0.893333	0.022854	0.770141	0.893333	0.011209
0.805754	0.906667	0.018432	0.758206	0.893333	0.022684	0.761536	0.886667	0.010454
0.735303	0.886667	0.020421	0.758206	0.893333	0.024689	0.681157	0.760000	0.012183
0.805754	0.906667	0.017040	0.741932	0.886667	0.025756	0.759643	0.860000	0.012264
0.741932	0.886667	0.017017	0.758206	0.893333	0.025681	0.645074	0.860000	0.011009
0.747635	0.900000	0.017594	0.741932	0.886667	0.024348	0.880111	0.966667	0.012569
0.794144	0.913333	0.023900	0.758206	0.893333	0.024763	0.793148	0.913333	0.011118
0.777317	0.880000	0.018707	0.766057	0.900000	0.027639	0.714996	0.780000	0.010070
0.841107	0.933333	0.017358	0.758206	0.893333	0.030555	0.725428	0.806667	0.031019
0.749637	0.893333	0.019614	0.770141	0.893333	0.022679	0.678386	0.800000	0.011248
0.777317	0.880000	0.019314	0.766057	0.900000	0.027050	0.727280	0.846667	0.013291
0.725428	0.806667	0.019877	0.741932	0.886667	0.031920	0.789962	0.926667	0.014187
0.805754	0.906667	0.018399	0.741932	0.886667	0.028550	0.734654	0.880000	0.009871
0.777317	0.880000	0.015194	0.758206	0.893333	0.026408	0.749751	0.873333	0.011014
0.708864	0.746667	0.022445	0.758206	0.893333	0.024755	0.777706	0.900000	0.013638
0.749751	0.873333	0.021735	0.758206	0.893333	0.025316	0.777706	0.900000	0.010576
0.760877	0.906667	0.027031	0.741932	0.886667	0.023970	0.805754	0.906667	0.011353
0.750781	0.886667	0.018991	0.757131	0.906667	0.024171	0.472787	0.720000	0.011196
0.736171	0.826667	0.017963	0.741932	0.886667	0.030500	0.765724	0.913333	0.012832
0.798067	0.900000	0.017086	0.758206	0.893333	0.025966	0.785696	0.906667	0.010103
0.790781	0.893333	0.021719	0.758206	0.893333	0.022798	0.783870	0.886667	0.013691
0.807105	0.933333	0.018449	0.770141	0.893333	0.026914	0.743657	0.866667	0.010844
0.766057	0.900000	0.022589	0.758206	0.893333	0.022817	0.750781	0.886667	0.011473
0.708864	0.746667	0.020024	0.758206	0.893333	0.029248	0.681157	0.760000	0.012459
0.777317	0.880000	0.020333	0.741932	0.886667	0.027658	0.762975	0.886667	0.015175
0.790781	0.893333	0.024885	0.758206	0.893333	0.025617	0.616558	0.666667	0.010604
0.790781	0.893333	0.023377	0.758206	0.893333	0.024766	0.653598	0.526667	0.011426
0.725428	0.806667	0.019672	0.741932	0.886667	0.029878	0.736171	0.826667	0.013297
0.750781	0.886667	0.023375	0.758206	0.893333	0.026393	0.653598	0.526667	0.010621
0.717175	0.786667	0.022565	0.758206	0.893333	0.026112	0.722515	0.880000	0.012152
0.708864	0.746667	0.017391	0.758206	0.893333	0.030421	0.637092	0.820000	0.014031
0.798067	0.900000	0.017330	0.741932	0.886667	0.026539	0.870522	0.960000	0.011562
0.749637	0.893333	0.023075	0.758206	0.893333	0.027627	0.470666	0.606667	0.013744
0.805754	0.906667	0.017473	0.758206	0.893333	0.025298	0.743657	0.866667	0.011813
delta = 0.300000, m = 9
0.777706	0.900000	0.022020	0.758206	0.893333	0.033924	0.778198	0.920000	0.013879
0.734654	0.880000	0.022496	0.766057	0.900000	0.031228	0.783169	0.913333	0.009873
0.758206	0.893333	0.022326	0.758206	0.893333	0.026164	0.757131	0.906667	0.012385
0.803797	0.933333	0.018102	0.758206	0.893333	0.029447	0.750781	0.886667	0.011827
0.783870	0.886667	0.021732	0.766057	0.900000	0.023401	0.777340	0.920000	0.012757
0.790781	0.893333	0.019501	0.770141	0.893333	0.027369	0.705815	0.813333	0.011004
0.747635	0.900000	0.019723	0.758206	0.893333	0.029238	0.728735	0.813333	0.017928
0.741932	0.886667	0.025717	0.758206	0.893333	0.026384	0.749637	0.893333	0.013488
0.758206	0.893333	0.024870	0.758206	0.893333	0.029277	0.727280	0.846667	0.016904
0.790781	0.893333	0.021875	0.758206	0.893333	0.027574	0.785450	0.920000	0.013241
0.790781	0.893333	0.021022	0.758206	0.893333	0.029419	0.790781	0.893333	0.013205
0.758206	0.893333	0.025600	0.758206	0.893333	0.026582	0.758206	0.893333	0.014128
0.750781	0.886667	0.023782	0.758206	0.893333	0.029232	0.738735	0.893333	0.011585
0.751827	0.900000	0.021498	0.758206	0.893333	0.027570	0.758206	0.893333	0.011824
0.813045	0.933333	0.027252	0.758206	0.893333	0.027487	0.790781	0.893333	0.011192
0.798067	0.900000	0.023432	0.758206	0.893333	0.027189	0.758206	0.893333	0.011367
0.758206	0.893333	0.023597	0.758206	0.893333	0.026980	0.708717	0.740000	0.011284
0.766057	0.900000	0.020335	0.758206	0.893333	0.025293	0.798067	0.900000	0.012729
0.750781	0.886667	0.018288	0.758206	0.893333	0.030718	0.770141	0.893333	0.012961
0.790781	0.893333	0.023426	0.758206	0.893333	0.026315	0.758206	0.893333	0.013106
0.766057	0.900000	0.027240	0.758206	0.893333	0.024592	0.749637	0.893333	0.013742
0.790781	0.893333	0.020330	0.758206	0.893333	0.028872	0.790781	0.893333	0.011425
0.758206	0.893333	0.023228	0.758206	0.893333	0.028304	0.758206	0.893333	0.011613
0.740300	0.833333	0.022032	0.758206	0.893333	0.029602	0.857188	0.953333	0.011905
0.770141	0.893333	0.027562	0.758206	0.893333	0.031484	0.750781	0.886667	0.014347
0.758206	0.893333	0.023713	0.758206	0.893333	0.027844	0.748065	0.873333	0.012566
0.802448	0.926667	0.024848	0.758206	0.893333	0.031764	0.757800	0.900000	0.016827
0.758206	0.893333	0.020867	0.766057	0.900000	0.029678	0.749637	0.893333	0.013102
0.770141	0.893333	0.021870	0.758206	0.893333	0.026680	0.795905	0.926667	0.012064
0.766057	0.900000	0.018645	0.770141	0.893333	0.027816	0.785696	0.906667	0.014571
0.749396	0.846667	0.019147	0.758206	0.893333	0.028764	0.798067	0.900000	0.011863
0.798067	0.900000	0.022550	0.749637	0.893333	0.026654	0.798067	0.900000	0.013117
0.777317	0.880000	0.022652	0.758206	0.893333	0.026887	0.766057	0.900000	0.011071
0.777706	0.900000	0.021733	0.758206	0.893333	0.027287	0.734654	0.880000	0.016611
0.805754	0.906667	0.018762	0.758206	0.893333	0.027432	0.802448	0.926667	0.011001
0.798067	0.900000	0.025263	0.758206	0.893333	0.026602	0.722422	0.840000	0.010201
0.758206	0.893333	0.025527	0.758206	0.893333	0.028344	0.798067	0.900000	0.012753
0.777317	0.880000	0.052105	0.766057	0.900000	0.031219	0.750781	0.886667	0.012183
0.766057	0.900000	0.020896	0.766057	0.900000	0.024861	0.789962	0.926667	0.016669
0.760877	0.906667	0.024453	0.758206	0.893333	0.033964	0.780832	0.920000	0.011424
0.798067	0.900000	0.020348	0.758206	0.893333	0.027890	0.766057	0.900000	0.012810
0.777317	0.880000	0.019884	0.770141	0.893333	0.033165	0.737105	0.873333	0.012518
0.770141	0.893333	0.023270	0.758206	0.893333	0.030589	0.750781	0.886667	0.014916
0.758206	0.893333	0.021883	0.758206	0.893333	0.028742	0.798067	0.900000	0.011891
0.802448	0.926667	0.026591	0.758206	0.893333	0.029313	0.777706	0.900000	0.012425
0.770523	0.913333	0.024163	0.770141	0.893333	0.026362	0.789962	0.926667	0.015951
0.805754	0.906667	0.021875	0.749637	0.893333	0.030890	0.778198	0.920000	0.013741
0.807105	0.933333	0.023522	0.758206	0.893333	0.026576	0.766057	0.900000	0.013368
0.737105	0.873333	0.022045	0.758206	0.893333	0.029288	0.690209	0.820000	0.014341
0.790781	0.893333	0.028204	0.758206	0.893333	0.025217	0.777317	0.880000	0.011421
delta = 0.300000, m = 12
0.777706	0.900000	0.023241	0.758206	0.893333	0.030139	0.770141	0.893333	0.013477
0.789962	0.926667	0.025803	0.758206	0.893333	0.031361	0.766057	0.900000	0.013364
0.758206	0.893333	0.024826	0.758206	0.893333	0.028773	0.749637	0.893333	0.013756
0.758206	0.893333	0.023960	0.758206	0.893333	0.033025	0.750781	0.886667	0.016136
0.758206	0.893333	0.032271	0.770141	0.893333	0.029503	0.741932	0.886667	0.013489
0.758206	0.893333	0.025618	0.758206	0.893333	0.032093	0.750781	0.886667	0.012035
0.758206	0.893333	0.039781	0.758206	0.893333	0.031786	0.749637	0.893333	0.014233
0.758206	0.893333	0.029462	0.758206	0.893333	0.030902	0.785696	0.906667	0.016144
0.758206	0.893333	0.022532	0.758206	0.893333	0.027746	0.807105	0.933333	0.013475
0.758206	0.893333	0.022837	0.758206	0.893333	0.030118	0.758206	0.893333	0.013595
0.766057	0.900000	0.024038	0.758206	0.893333	0.030823	0.766057	0.900000	0.014872
0.770141	0.893333	0.023929	0.758206	0.893333	0.030394	0.760877	0.906667	0.012862
0.798067	0.900000	0.024942	0.770141	0.893333	0.027810	0.766057	0.900000	0.016136
0.798067	0.900000	0.022941	0.758206	0.893333	0.031201	0.751827	0.900000	0.014788
0.766057	0.900000	0.022951	0.758206	0.893333	0.030465	0.758206	0.893333	0.013990
0.766057	0.900000	0.025797	0.758206	0.893333	0.028450	0.780832	0.920000	0.014834
0.758206	0.893333	0.028522	0.758206	0.893333	0.027782	0.758206	0.893333	0.010734
0.758206	0.893333	0.032372	0.758206	0.893333	0.031621	0.824387	0.940000	0.013754
0.777706	0.900000	0.023713	0.758206	0.893333	0.028775	0.758206	0.893333	0.015175
0.770141	0.893333	0.023777	0.758206	0.893333	0.029097	0.775657	0.913333	0.015956
0.758206	0.893333	0.028958	0.758206	0.893333	0.027064	0.789962	0.926667	0.013455
0.766057	0.900000	0.029224	0.758206	0.893333	0.028997	0.758206	0.893333	0.014004
0.766057	0.900000	0.028779	0.758206	0.893333	0.027908	0.803797	0.933333	0.015941
0.758206	0.893333	0.024158	0.758206	0.893333	0.029275	0.813866	0.913333	0.014219
0.766057	0.900000	0.021569	0.758206	0.893333	0.028351	0.758206	0.893333	0.013917
0.758206	0.893333	0.025439	0.758206	0.893333	0.032783	0.766057	0.900000	0.014033
0.758206	0.893333	0.023384	0.758206	0.893333	0.030839	0.770141	0.893333	0.014720
0.758206	0.893333	0.024365	0.758206	0.893333	0.029790	0.758206	0.893333	0.015983
0.750781	0.886667	0.024880	0.758206	0.893333	0.030217	0.813045	0.933333	0.014528
0.758206	0.893333	0.024025	0.758206	0.893333	0.030857	0.749637	0.893333	0.014609
0.758206	0.893333	0.023898	0.758206	0.893333	0.028844	0.790781	0.893333	0.013534
0.766057	0.900000	0.025718	0.758206	0.893333	0.035535	0.749637	0.893333	0.015708
0.758206	0.893333	0.023874	0.758206	0.893333	0.027571	0.777706	0.900000	0.013933
0.758206	0.893333	0.023325	0.758206	0.893333	0.028629	0.770141	0.893333	0.012754
0.789962	0.926667	0.021738	0.758206	0.893333	0.032503	0.766057	0.900000	0.014303
0.777706	0.900000	0.023632	0.758206	0.893333	0.028756	0.774365	0.906667	0.013963
0.758206	0.893333	0.022418	0.758206	0.893333	0.030460	0.733794	0.893333	0.012905
0.766057	0.900000	0.026126	0.758206	0.893333	0.032372	0.766057	0.900000	0.013027
0.766057	0.900000	0.030244	0.758206	0.893333	0.029890	0.758206	0.893333	0.012664
0.758206	0.893333	0.024633	0.758206	0.893333	0.027842	0.749637	0.893333	0.013010
0.798067	0.900000	0.025557	0.758206	0.893333	0.027444	0.766057	0.900000	0.015759
0.758206	0.893333	0.021917	0.758206	0.893333	0.029478	0.766057	0.900000	0.015403
0.777340	0.920000	0.027452	0.758206	0.893333	0.028604	0.722422	0.840000	0.011628
0.758206	0.893333	0.024872	0.758206	0.893333	0.044943	0.770141	0.893333	0.020777
0.766057	0.900000	0.025747	0.758206	0.893333	0.028705	0.798067	0.900000	0.011636
0.758206	0.893333	0.025975	0.758206	0.893333	0.032959	0.790781	0.893333	0.012202
0.813045	0.933333	0.022989	0.758206	0.893333	0.029535	0.757800	0.900000	0.013150
0.805754	0.906667	0.021936	0.758206	0.893333	0.029384	0.766057	0.900000	0.015931
0.758206	0.893333	0.020471	0.758206	0.893333	0.030978	0.758206	0.893333	0.013560
0.758206	0.893333	0.022936	0.758206	0.893333	0.027919	0.758206	0.893333	0.012717
delta = 0.300000, m = 15
0.758206	0.893333	0.024020	0.770141	0.893333	0.032408	0.758206	0.893333	0.015092
0.758206	0.893333	0.025944	0.758206	0.893333	0.030054	0.785450	0.920000	0.013939
0.758206	0.893333	0.027084	0.758206	0.893333	0.030028	0.758206	0.893333	0.015246
0.758206	0.893333	0.026384	0.758206	0.893333	0.032583	0.741932	0.886667	0.013580
0.758206	0.893333	0.027917	0.770141	0.893333	0.032219	0.789962	0.926667	0.016633
0.758206	0.893333	0.027330	0.758206	0.893333	0.031538	0.758206	0.893333	0.013343
0.758206	0.893333	0.028931	0.758206	0.893333	0.032948	0.777317	0.880000	0.016189
0.758206	0.893333	0.029591	0.758206	0.893333	0.030681	0.757800	0.900000	0.014314
0.758206	0.893333	0.026175	0.758206	0.893333	0.031520	0.762975	0.886667	0.016835
0.758206	0.893333	0.028174	0.770141	0.893333	0.038519	0.774365	0.906667	0.016143
0.758206	0.893333	0.028354	0.758206	0.893333	0.029748	0.743657	0.866667	0.014724
0.758206	0.893333	0.029629	0.758206	0.893333	0.030848	0.750781	0.886667	0.012816
0.758206	0.893333	0.030960	0.758206	0.893333	0.030975	0.758206	0.893333	0.013582
0.777706	0.900000	0.026416	0.758206	0.893333	0.033172	0.758206	0.893333	0.015042
0.758206	0.893333	0.025682	0.750781	0.886667	0.033655	0.758206	0.893333	0.013912
0.758206	0.893333	0.026048	0.758206	0.893333	0.033339	0.766459	0.906667	0.016459
0.758206	0.893333	0.027921	0.758206	0.893333	0.030510	0.766459	0.906667	0.014966
0.758206	0.893333	0.028028	0.766057	0.900000	0.029378	0.758206	0.893333	0.015147
0.758206	0.893333	0.024135	0.758206	0.893333	0.032408	0.758206	0.893333	0.014268
0.758206	0.893333	0.031619	0.758206	0.893333	0.029813	0.758206	0.893333	0.016666
0.758206	0.893333	0.029694	0.770141	0.893333	0.030284	0.750781	0.886667	0.015616
0.758206	0.893333	0.025608	0.758206	0.893333	0.030949	0.757800	0.900000	0.019140
0.758206	0.893333	0.032605	0.758206	0.893333	0.035170	0.766057	0.900000	0.015105
0.758206	0.893333	0.025765	0.758206	0.893333	0.032280	0.757800	0.900000	0.014003
0.758206	0.893333	0.026498	0.758206	0.893333	0.032946	0.777340	0.920000	0.016316
0.758206	0.893333	0.029556	0.758206	0.893333	0.036315	0.758206	0.893333	0.014481
0.758206	0.893333	0.024981	0.758206	0.893333	0.033611	0.758206	0.893333	0.017111
0.758206	0.893333	0.030598	0.758206	0.893333	0.031094	0.766057	0.900000	0.014548
0.770141	0.893333	0.028135	0.758206	0.893333	0.035328	0.751827	0.900000	0.016207
0.758206	0.893333	0.029908	0.758206	0.893333	0.032084	0.758206	0.893333	0.014493
0.758206	0.893333	0.028048	0.750781	0.886667	0.035597	0.758206	0.893333	0.013012
0.758206	0.893333	0.031758	0.758206	0.893333	0.031707	0.789962	0.926667	0.019468
0.758206	0.893333	0.030125	0.758206	0.893333	0.055919	0.770141	0.893333	0.014650
0.758206	0.893333	0.031001	0.766057	0.900000	0.032509	0.758206	0.893333	0.011980
0.758206	0.893333	0.027417	0.758206	0.893333	0.038227	0.766057	0.900000	0.019265
0.758206	0.893333	0.026343	0.770141	0.893333	0.031934	0.766057	0.900000	0.015034
0.758206	0.893333	0.027668	0.758206	0.893333	0.032048	0.766057	0.900000	0.014411
0.758206	0.893333	0.028218	0.758206	0.893333	0.029855	0.785450	0.920000	0.013595
0.758206	0.893333	0.032245	0.758206	0.893333	0.031034	0.766057	0.900000	0.015593
0.758206	0.893333	0.028885	0.758206	0.893333	0.032358	0.750781	0.886667	0.015787
0.766057	0.900000	0.025691	0.770141	0.893333	0.030510	0.758206	0.893333	0.015317
0.758206	0.893333	0.027912	0.758206	0.893333	0.029046	0.749751	0.873333	0.014656
0.777706	0.900000	0.028253	0.758206	0.893333	0.031029	0.730376	0.886667	0.015606
0.770141	0.893333	0.027327	0.758206	0.893333	0.032650	0.758206	0.893333	0.014327
0.758206	0.893333	0.025016	0.758206	0.893333	0.034516	0.758206	0.893333	0.014999
0.758206	0.893333	0.028298	0.758206	0.893333	0.035922	0.757800	0.900000	0.016359
0.758206	0.893333	0.026489	0.758206	0.893333	0.032251	0.766057	0.900000	0.014354
0.758206	0.893333	0.031012	0.758206	0.893333	0.037137	0.789962	0.926667	0.015904
0.758206	0.893333	0.026052	0.758206	0.893333	0.033024	0.750781	0.886667	0.014116
0.758206	0.893333	0.026530	0.758206	0.893333	0.034255	0.805754	0.906667	0.014479
delta = 0.300000, m = 18
0.758206	0.893333	0.033922	0.758206	0.893333	0.033064	0.822641	0.933333	0.015026
0.758206	0.893333	0.034861	0.758206	0.893333	0.038606	0.758206	0.893333	0.028480
0.758206	0.893333	0.032289	0.758206	0.893333	0.032664	0.766057	0.900000	0.017392
0.758206	0.893333	0.033478	0.758206	0.893333	0.031035	0.758206	0.893333	0.017064
0.758206	0.893333	0.033531	0.758206	0.893333	0.032121	0.758206	0.893333	0.016131
0.758206	0.893333	0.035908	0.758206	0.893333	0.033449	0.758206	0.893333	0.015988
0.758206	0.893333	0.028944	0.770141	0.893333	0.036614	0.758206	0.893333	0.016737
0.770141	0.893333	0.032994	0.758206	0.893333	0.035585	0.758206	0.893333	0.015956
0.758206	0.893333	0.029279	0.758206	0.893333	0.034190	0.758206	0.893333	0.022732
0.758206	0.893333	0.035696	0.758206	0.893333	0.039475	0.758206	0.893333	0.015121
0.758206	0.893333	0.033350	0.758206	0.893333	0.037010	0.777706	0.900000	0.015643
0.758206	0.893333	0.030134	0.770141	0.893333	0.035281	0.758206	0.893333	0.017364
0.758206	0.893333	0.029483	0.758206	0.893333	0.035542	0.766057	0.900000	0.015352
0.758206	0.893333	0.029564	0.758206	0.893333	0.033636	0.749751	0.873333	0.016061
0.777706	0.900000	0.032213	0.758206	0.893333	0.032501	0.757131	0.906667	0.018954
0.758206	0.893333	0.028150	0.758206	0.893333	0.034748	0.766459	0.906667	0.019079
0.758206	0.893333	0.042754	0.758206	0.893333	0.043737	0.777706	0.900000	0.021321
0.758206	0.893333	0.048218	0.758206	0.893333	0.035031	0.766057	0.900000	0.017706
0.758206	0.893333	0.042552	0.758206	0.893333	0.035604	0.758206	0.893333	0.016218
0.758206	0.893333	0.033993	0.758206	0.893333	0.043726	0.749637	0.893333	0.026047
0.758206	0.893333	0.047239	0.758206	0.893333	0.063099	0.758206	0.893333	0.018216
0.758206	0.893333	0.030141	0.758206	0.893333	0.036826	0.798067	0.900000	0.016971
0.758206	0.893333	0.036260	0.758206	0.893333	0.032882	0.766057	0.900000	0.018201
0.758206	0.893333	0.045080	0.758206	0.893333	0.039877	0.758206	0.893333	0.032539
0.758206	0.893333	0.046554	0.750781	0.886667	0.033296	0.749637	0.893333	0.015551
0.758206	0.893333	0.028529	0.758206	0.893333	0.046610	0.758206	0.893333	0.020261
0.758206	0.893333	0.036582	0.758206	0.893333	0.039173	0.757800	0.900000	0.018230
0.770141	0.893333	0.030997	0.758206	0.893333	0.036852	0.747635	0.900000	0.019155
0.758206	0.893333	0.034120	0.758206	0.893333	0.038947	0.766057	0.900000	0.017130
0.758206	0.893333	0.031471	0.758206	0.893333	0.046395	0.758206	0.893333	0.018131
0.758206	0.893333	0.031818	0.758206	0.893333	0.036835	0.758206	0.893333	0.017113
0.758206	0.893333	0.026150	0.758206	0.893333	0.034652	0.766057	0.900000	0.019409
0.758206	0.893333	0.030010	0.758206	0.893333	0.035213	0.785696	0.906667	0.016838
0.758206	0.893333	0.031715	0.758206	0.893333	0.034296	0.777706	0.900000	0.015596
0.758206	0.893333	0.034952	0.758206	0.893333	0.037314	0.758206	0.893333	0.017644
0.758206	0.893333	0.027208	0.758206	0.893333	0.034345	0.766057	0.900000	0.017847
0.758206	0.893333	0.031257	0.758206	0.893333	0.036198	0.789962	0.926667	0.017062
0.758206	0.893333	0.032270	0.758206	0.893333	0.033403	0.758206	0.893333	0.016113
0.758206	0.893333	0.031695	0.758206	0.893333	0.032577	0.766057	0.900000	0.014873
0.758206	0.893333	0.027250	0.758206	0.893333	0.050498	0.758206	0.893333	0.025296
0.770141	0.893333	0.026941	0.758206	0.893333	0.032583	0.774365	0.906667	0.015544
0.758206	0.893333	0.032878	0.758206	0.893333	0.035848	0.758206	0.893333	0.018004
0.758206	0.893333	0.036308	0.758206	0.893333	0.036874	0.770141	0.893333	0.017223
0.758206	0.893333	0.031987	0.758206	0.893333	0.040458	0.750781	0.886667	0.021190
0.758206	0.893333	0.035417	0.758206	0.893333	0.033093	0.741932	0.886667	0.018570
0.758206	0.893333	0.035780	0.758206	0.893333	0.047430	0.766057	0.900000	0.018494
0.758206	0.893333	0.039002	0.758206	0.893333	0.044336	0.758206	0.893333	0.018425
0.758206	0.893333	0.034626	0.758206	0.893333	0.041262	0.749637	0.893333	0.019719
0.758206	0.893333	0.037649	0.770141	0.893333	0.037744	0.758206	0.893333	0.018979
0.758206	0.893333	0.036159	0.758206	0.893333	0.039452	0.758206	0.893333	0.019042
delta = 0.300000, m = 21
0.758206	0.893333	0.030794	0.758206	0.893333	0.045949	0.758206	0.893333	0.018780
0.758206	0.893333	0.031324	0.758206	0.893333	0.081920	0.758206	0.893333	0.034445
0.758206	0.893333	0.046611	0.758206	0.893333	0.065095	0.758206	0.893333	0.022109
0.758206	0.893333	0.046336	0.758206	0.893333	0.042652	0.758206	0.893333	0.022494
0.758206	0.893333	0.046283	0.770141	0.893333	0.050635	0.758206	0.893333	0.019732
0.758206	0.893333	0.041655	0.758206	0.893333	0.046369	0.758206	0.893333	0.021776
0.758206	0.893333	0.046965	0.770141	0.893333	0.037576	0.751827	0.900000	0.020823
0.758206	0.893333	0.033590	0.758206	0.893333	0.035703	0.758206	0.893333	0.018629
0.758206	0.893333	0.033948	0.758206	0.893333	0.040630	0.758206	0.893333	0.018260
0.758206	0.893333	0.033273	0.758206	0.893333	0.041919	0.758206	0.893333	0.018755
0.758206	0.893333	0.034986	0.758206	0.893333	0.048056	0.750781	0.886667	0.019974
0.758206	0.893333	0.032623	0.758206	0.893333	0.038222	0.766057	0.900000	0.020936
0.758206	0.893333	0.032011	0.758206	0.893333	0.036172	0.774365	0.906667	0.018473
0.758206	0.893333	0.034720	0.758206	0.893333	0.034832	0.766057	0.900000	0.018490
0.758206	0.893333	0.038915	0.758206	0.893333	0.036627	0.758206	0.893333	0.018278
0.758206	0.893333	0.042870	0.758206	0.893333	0.037800	0.758206	0.893333	0.018196
0.758206	0.893333	0.036812	0.758206	0.893333	0.038281	0.766057	0.900000	0.019753
0.758206	0.893333	0.032683	0.758206	0.893333	0.045284	0.757800	0.900000	0.018607
0.758206	0.893333	0.032277	0.758206	0.893333	0.038176	0.758206	0.893333	0.016800
0.758206	0.893333	0.035576	0.758206	0.893333	0.036956	0.770141	0.893333	0.016828
0.758206	0.893333	0.032905	0.758206	0.893333	0.038038	0.777706	0.900000	0.024193
0.758206	0.893333	0.038092	0.758206	0.893333	0.037596	0.758206	0.893333	0.018093
0.758206	0.893333	0.035531	0.758206	0.893333	0.040227	0.789962	0.926667	0.019774
0.758206	0.893333	0.033051	0.758206	0.893333	0.037704	0.758206	0.893333	0.017328
0.758206	0.893333	0.034385	0.770141	0.893333	0.040434	0.758206	0.893333	0.019061
0.758206	0.893333	0.038216	0.758206	0.893333	0.040358	0.766057	0.900000	0.018355
0.758206	0.893333	0.031274	0.758206	0.893333	0.037072	0.758206	0.893333	0.017745
0.758206	0.893333	0.034368	0.758206	0.893333	0.038911	0.758206	0.893333	0.020275
0.758206	0.893333	0.031584	0.770141	0.893333	0.037452	0.758206	0.893333	0.016337
0.758206	0.893333	0.033398	0.758206	0.893333	0.037534	0.758206	0.893333	0.019784
0.758206	0.893333	0.031790	0.758206	0.893333	0.041019	0.758206	0.893333	0.017688
0.758206	0.893333	0.031306	0.758206	0.893333	0.042320	0.789962	0.926667	0.022430
0.758206	0.893333	0.035981	0.758206	0.893333	0.039059	0.758206	0.893333	0.016966
0.758206	0.893333	0.035531	0.758206	0.893333	0.039590	0.758206	0.893333	0.017588
0.758206	0.893333	0.033746	0.758206	0.893333	0.037862	0.770141	0.893333	0.017319
0.758206	0.893333	0.033270	0.770141	0.893333	0.037209	0.749637	0.893333	0.019617
0.758206	0.893333	0.035335	0.758206	0.893333	0.036304	0.770141	0.893333	0.019302
0.758206	0.893333	0.034410	0.758206	0.893333	0.037571	0.758206	0.893333	0.018563
0.758206	0.893333	0.030867	0.758206	0.893333	0.038068	0.789962	0.926667	0.020265
0.758206	0.893333	0.032791	0.758206	0.893333	0.037000	0.758206	0.893333	0.018539
0.758206	0.893333	0.034372	0.758206	0.893333	0.038470	0.777340	0.920000	0.019012
0.758206	0.893333	0.036773	0.758206	0.893333	0.037113	0.758206	0.893333	0.018353
0.758206	0.893333	0.043245	0.750781	0.886667	0.042808	0.770141	0.893333	0.017523
0.758206	0.893333	0.036402	0.770141	0.893333	0.037233	0.758206	0.893333	0.019156
0.758206	0.893333	0.035153	0.758206	0.893333	0.037020	0.766057	0.900000	0.021023
0.758206	0.893333	0.033268	0.758206	0.893333	0.042447	0.758206	0.893333	0.018196
0.758206	0.893333	0.037652	0.758206	0.893333	0.040840	0.766057	0.900000	0.018140
0.758206	0.893333	0.032915	0.758206	0.893333	0.039358	0.758206	0.893333	0.017202
0.758206	0.893333	0.034337	0.758206	0.893333	0.042330	0.758206	0.893333	0.018913
0.758206	0.893333	0.033432	0.758206	0.893333	0.039658	0.749637	0.893333	0.018687
delta = 0.300000, m = 24
0.758206	0.893333	0.041116	0.750781	0.886667	0.048808	0.758206	0.893333	0.023494
0.758206	0.893333	0.039540	0.770141	0.893333	0.045045	0.758206	0.893333	0.023822
0.758206	0.893333	0.049026	0.758206	0.893333	0.054649	0.758206	0.893333	0.021710
0.758206	0.893333	0.038228	0.758206	0.893333	0.046686	0.750781	0.886667	0.020602
0.758206	0.893333	0.047322	0.758206	0.893333	0.042201	0.758206	0.893333	0.020142
0.758206	0.893333	0.041372	0.758206	0.893333	0.045652	0.749637	0.893333	0.021330
0.758206	0.893333	0.039753	0.758206	0.893333	0.047200	0.777340	0.920000	0.025946
0.758206	0.893333	0.036431	0.798067	0.900000	0.047522	0.758206	0.893333	0.022375
0.758206	0.893333	0.048751	0.758206	0.893333	0.043967	0.758206	0.893333	0.020058
0.758206	0.893333	0.039981	0.758206	0.893333	0.046017	0.766057	0.900000	0.020469
0.758206	0.893333	0.038606	0.758206	0.893333	0.042155	0.758206	0.893333	0.025005
0.758206	0.893333	0.049365	0.758206	0.893333	0.052491	0.758206	0.893333	0.024229
0.758206	0.893333	0.046015	0.758206	0.893333	0.043477	0.758206	0.893333	0.022318
0.758206	0.893333	0.040130	0.758206	0.893333	0.044252	0.770141	0.893333	0.018514
0.758206	0.893333	0.042206	0.758206	0.893333	0.045589	0.758206	0.893333	0.023179
0.758206	0.893333	0.041489	0.758206	0.893333	0.044628	0.758206	0.893333	0.021813
0.758206	0.893333	0.049050	0.770141	0.893333	0.045503	0.758206	0.893333	0.022376
0.758206	0.893333	0.041651	0.770141	0.893333	0.045994	0.749637	0.893333	0.021482
0.758206	0.893333	0.041293	0.758206	0.893333	0.050487	0.757800	0.900000	0.025336
0.758206	0.893333	0.035719	0.758206	0.893333	0.046064	0.758206	0.893333	0.026886
0.758206	0.893333	0.047485	0.758206	0.893333	0.048845	0.758206	0.893333	0.020023
0.758206	0.893333	0.047075	0.758206	0.893333	0.045027	0.757131	0.906667	0.022539
0.758206	0.893333	0.038907	0.758206	0.893333	0.041223	0.758206	0.893333	0.023668
0.758206	0.893333	0.041965	0.758206	0.893333	0.049678	0.758206	0.893333	0.021603
0.758206	0.893333	0.043763	0.758206	0.893333	0.041240	0.758206	0.893333	0.021647
0.758206	0.893333	0.043168	0.758206	0.893333	0.043571	0.758206	0.893333	0.020366
0.758206	0.893333	0.041090	0.758206	0.893333	0.046050	0.758206	0.893333	0.023972
0.758206	0.893333	0.041743	0.798067	0.900000	0.045283	0.758206	0.893333	0.020604
0.758206	0.893333	0.046201	0.758206	0.893333	0.045229	0.758206	0.893333	0.023158
0.758206	0.893333	0.046174	0.766057	0.900000	0.048748	0.766057	0.900000	0.023155
0.758206	0.893333	0.041725	0.758206	0.893333	0.047991	0.766057	0.900000	0.026952
0.758206	0.893333	0.040032	0.758206	0.893333	0.040643	0.758206	0.893333	0.022191
0.758206	0.893333	0.040819	0.770141	0.893333	0.040282	0.758206	0.893333	0.019423
0.758206	0.893333	0.047143	0.750781	0.886667	0.047420	0.741932	0.886667	0.022348
0.758206	0.893333	0.040534	0.758206	0.893333	0.043601	0.758206	0.893333	0.024113
0.758206	0.893333	0.040718	0.758206	0.893333	0.044142	0.750781	0.886667	0.019925
0.758206	0.893333	0.044437	0.770141	0.893333	0.044662	0.757800	0.900000	0.021371
0.758206	0.893333	0.041233	0.758206	0.893333	0.049112	0.758206	0.893333	0.023063
0.758206	0.893333	0.044904	0.758206	0.893333	0.049228	0.758206	0.893333	0.024401
0.758206	0.893333	0.045148	0.758206	0.893333	0.043345	0.789962	0.926667	0.020397
0.758206	0.893333	0.045450	0.758206	0.893333	0.044218	0.785696	0.906667	0.020961
0.758206	0.893333	0.038897	0.758206	0.893333	0.046085	0.758206	0.893333	0.020887
0.758206	0.893333	0.044791	0.758206	0.893333	0.045498	0.758206	0.893333	0.024606
0.758206	0.893333	0.045458	0.758206	0.893333	0.047205	0.758206	0.893333	0.023586
0.758206	0.893333	0.041169	0.770141	0.893333	0.042696	0.758206	0.893333	0.019273
0.758206	0.893333	0.048392	0.758206	0.893333	0.046907	0.758206	0.893333	0.022117
0.758206	0.893333	0.035200	0.758206	0.893333	0.047919	0.766057	0.900000	0.024689
0.758206	0.893333	0.050076	0.758206	0.893333	0.045870	0.758206	0.893333	0.022871
0.758206	0.893333	0.046597	0.758206	0.893333	0.045710	0.758206	0.893333	0.022054
0.758206	0.893333	0.037758	0.758206	0.893333	0.046236	0.785450	0.920000	0.022153
delta = 0.300000, m = 27
0.758206	0.893333	0.045153	0.758206	0.893333	0.051529	0.758206	0.893333	0.024357
0.758206	0.893333	0.045938	0.758206	0.893333	0.045549	0.758206	0.893333	0.022672
0.758206	0.893333	0.042013	0.758206	0.893333	0.048495	0.758206	0.893333	0.022246
0.758206	0.893333	0.043986	0.758206	0.893333	0.051324	0.750781	0.886667	0.024002
0.758206	0.893333	0.045886	0.758206	0.893333	0.047757	0.758206	0.893333	0.023172
0.758206	0.893333	0.047325	0.758206	0.893333	0.048240	0.766057	0.900000	0.024433
0.758206	0.893333	0.047383	0.758206	0.893333	0.050485	0.758206	0.893333	0.023550
0.758206	0.893333	0.037806	0.758206	0.893333	0.048359	0.758206	0.893333	0.023791
0.758206	0.893333	0.041189	0.758206	0.893333	0.049765	0.770141	0.893333	0.022021
0.758206	0.893333	0.039277	0.758206	0.893333	0.047571	0.758206	0.893333	0.024022
0.758206	0.893333	0.039668	0.758206	0.893333	0.047270	0.758206	0.893333	0.022991
0.758206	0.893333	0.037904	0.770141	0.893333	0.048040	0.758206	0.893333	0.024953
0.758206	0.893333	0.039728	0.758206	0.893333	0.049223	0.758206	0.893333	0.023170
0.758206	0.893333	0.041428	0.770141	0.893333	0.049568	0.758206	0.893333	0.025856
0.758206	0.893333	0.043604	0.758206	0.893333	0.050129	0.758206	0.893333	0.022463
0.758206	0.893333	0.047211	0.758206	0.893333	0.046413	0.758206	0.893333	0.022421
0.758206	0.893333	0.041336	0.758206	0.893333	0.046834	0.758206	0.893333	0.021917
0.758206	0.893333	0.044691	0.758206	0.893333	0.049400	0.741932	0.886667	0.022991
0.758206	0.893333	0.046256	0.758206	0.893333	0.048016	0.758206	0.893333	0.022576
0.758206	0.893333	0.047454	0.750781	0.886667	0.049814	0.758206	0.893333	0.024186
0.758206	0.893333	0.040035	0.758206	0.893333	0.052685	0.758206	0.893333	0.021955
0.758206	0.893333	0.039317	0.758206	0.893333	0.045840	0.758206	0.893333	0.023332
0.758206	0.893333	0.044439	0.758206	0.893333	0.047464	0.758206	0.893333	0.023921
0.758206	0.893333	0.038774	0.750781	0.886667	0.045405	0.758206	0.893333	0.024418
0.758206	0.893333	0.041052	0.758206	0.893333	0.050061	0.758206	0.893333	0.023141
0.758206	0.893333	0.041738	0.758206	0.893333	0.050388	0.750781	0.886667	0.021892
0.758206	0.893333	0.042530	0.758206	0.893333	0.048408	0.758206	0.893333	0.024474
0.758206	0.893333	0.043106	0.770141	0.893333	0.050452	0.758206	0.893333	0.023058
0.758206	0.893333	0.046760	0.758206	0.893333	0.050811	0.758206	0.893333	0.023481
0.758206	0.893333	0.041643	0.758206	0.893333	0.047507	0.758206	0.893333	0.024378
0.758206	0.893333	0.041671	0.758206	0.893333	0.051908	0.766057	0.900000	0.026890
0.758206	0.893333	0.042630	0.758206	0.893333	0.046631	0.757800	0.900000	0.024511
0.758206	0.893333	0.041609	0.758206	0.893333	0.049186	0.778198	0.920000	0.023851
0.758206	0.893333	0.041948	0.758206	0.893333	0.045265	0.758206	0.893333	0.023884
0.758206	0.893333	0.043324	0.758206	0.893333	0.045198	0.758206	0.893333	0.023263
0.758206	0.893333	0.040764	0.758206	0.893333	0.049591	0.758206	0.893333	0.021945
0.758206	0.893333	0.038046	0.758206	0.893333	0.049907	0.758206	0.893333	0.025408
0.758206	0.893333	0.045090	0.758206	0.893333	0.047003	0.766057	0.900000	0.025019
0.758206	0.893333	0.042717	0.750781	0.886667	0.050427	0.758206	0.893333	0.022769
0.758206	0.893333	0.044773	0.758206	0.893333	0.054975	0.758206	0.893333	0.271871
0.758206	0.893333	0.049097	0.758206	0.893333	0.043948	0.766057	0.900000	0.022042
0.758206	0.893333	0.039990	0.758206	0.893333	0.049190	0.758206	0.893333	0.022950
0.758206	0.893333	0.037678	0.758206	0.893333	0.047373	0.758206	0.893333	0.023059
0.758206	0.893333	0.039397	0.758206	0.893333	0.045765	0.758206	0.893333	0.024639
0.758206	0.893333	0.036832	0.758206	0.893333	0.049779	0.758206	0.893333	0.023217
0.758206	0.893333	0.040876	0.750781	0.886667	0.048537	0.758206	0.893333	0.022183
0.758206	0.893333	0.043748	0.750781	0.886667	0.049130	0.758206	0.893333	0.022327
0.758206	0.893333	0.040136	0.758206	0.893333	0.044874	0.758206	0.893333	0.022575
0.758206	0.893333	0.042162	0.758206	0.893333	0.043521	0.766057	0.900000	0.022671
0.758206	0.893333	0.041823	0.758206	0.893333	0.047863	0.758206	0.893333	0.022767
delta = 0.300000, m = 30
0.758206	0.893333	0.043802	0.758206	0.893333	0.049081	0.770141	0.893333	0.025291
0.758206	0.893333	0.047381	0.758206	0.893333	0.048203	0.758206	0.893333	0.027044
0.758206	0.893333	0.043630	0.770141	0.893333	0.052539	0.758206	0.893333	0.025917
0.758206	0.893333	0.055596	0.758206	0.893333	0.051979	0.758206	0.893333	0.025072
0.758206	0.893333	0.048866	0.770141	0.893333	0.055567	0.750781	0.886667	0.025756
0.758206	0.893333	0.045308	0.758206	0.893333	0.052148	0.758206	0.893333	0.030031
0.758206	0.893333	0.052592	0.770141	0.893333	0.052026	0.766057	0.900000	0.027002
0.758206	0.893333	0.044124	0.770141	0.893333	0.052539	0.758206	0.893333	0.024094
0.758206	0.893333	0.041928	0.758206	0.893333	0.051358	0.750781	0.886667	0.025562
0.758206	0.893333	0.041607	0.758206	0.893333	0.056507	0.770141	0.893333	0.025455
0.758206	0.893333	0.046530	0.758206	0.893333	0.049006	0.758206	0.893333	0.026635
0.758206	0.893333	0.045047	0.758206	0.893333	0.050763	0.758206	0.893333	0.029550
0.758206	0.893333	0.049711	0.758206	0.893333	0.051409	0.758206	0.893333	0.026976
0.758206	0.893333	0.041827	0.758206	0.893333	0.052333	0.758206	0.893333	0.024614
0.758206	0.893333	0.045939	0.758206	0.893333	0.057184	0.758206	0.893333	0.025382
0.758206	0.893333	0.049393	0.758206	0.893333	0.066634	0.758206	0.893333	0.030140
0.758206	0.893333	0.057532	0.758206	0.893333	0.057958	0.758206	0.893333	0.027338
0.758206	0.893333	0.059238	0.758206	0.893333	0.061175	0.758206	0.893333	0.025329
0.758206	0.893333	0.050979	0.758206	0.893333	0.063368	0.758206	0.893333	0.030742
0.758206	0.893333	0.065333	0.758206	0.893333	0.061855	0.758206	0.893333	0.025798
0.758206	0.893333	0.043768	0.770141	0.893333	0.053011	0.758206	0.893333	0.025611
0.758206	0.893333	0.045858	0.758206	0.893333	0.070447	0.770141	0.893333	0.024925
0.758206	0.893333	0.075361	0.758206	0.893333	0.067322	0.758206	0.893333	0.026777
0.758206	0.893333	0.046708	0.758206	0.893333	0.063509	0.758206	0.893333	0.029653
0.758206	0.893333	0.051895	0.770141	0.893333	0.057905	0.766057	0.900000	0.029473
0.758206	0.893333	0.050051	0.750781	0.886667	0.057072	0.758206	0.893333	0.031891
0.758206	0.893333	0.053665	0.758206	0.893333	0.061006	0.758206	0.893333	0.026018
0.758206	0.893333	0.044536	0.770141	0.893333	0.055947	0.758206	0.893333	0.028480
0.758206	0.893333	0.048889	0.750781	0.886667	0.056219	0.758206	0.893333	0.028363
0.758206	0.893333	0.048411	0.770141	0.893333	0.051347	0.758206	0.893333	0.026149
0.758206	0.893333	0.045074	0.758206	0.893333	0.050686	0.758206	0.893333	0.026485
0.758206	0.893333	0.043065	0.758206	0.893333	0.053460	0.758206	0.893333	0.026985
0.758206	0.893333	0.049289	0.770141	0.893333	0.050122	0.757800	0.900000	0.026816
0.758206	0.893333	0.043275	0.766057	0.900000	0.051849	0.758206	0.893333	0.029577
0.758206	0.893333	0.045357	0.758206	0.893333	0.057491	0.758206	0.893333	0.026058
0.758206	0.893333	0.049949	0.758206	0.893333	0.054171	0.758206	0.893333	0.025662
0.758206	0.893333	0.043746	0.770141	0.893333	0.051101	0.758206	0.893333	0.024655
0.758206	0.893333	0.045661	0.770141	0.893333	0.052702	0.758206	0.893333	0.026825
0.758206	0.893333	0.041442	0.766057	0.900000	0.050720	0.758206	0.893333	0.025717
0.758206	0.893333	0.044694	0.758206	0.893333	0.049802	0.758206	0.893333	0.025018
0.758206	0.893333	0.042478	0.758206	0.893333	0.052623	0.758206	0.893333	0.025745
0.758206	0.893333	0.040347	0.758206	0.893333	0.049832	0.758206	0.893333	0.032800
0.758206	0.893333	0.042079	0.770141	0.893333	0.052645	0.758206	0.893333	0.030163
0.758206	0.893333	0.047498	0.770141	0.893333	0.053305	0.758206	0.893333	0.024949
0.758206	0.893333	0.040483	0.770141	0.893333	0.048529	0.758206	0.893333	0.024509
0.758206	0.893333	0.041222	0.758206	0.893333	0.053905	0.758206	0.893333	0.026326
0.758206	0.893333	0.042320	0.758206	0.893333	0.049405	0.758206	0.893333	0.023572
0.758206	0.893333	0.040123	0.758206	0.893333	0.047709	0.758206	0.893333	0.026533
0.758206	0.893333	0.042217	0.758206	0.893333	0.049121	0.766057	0.900000	0.039605
0.758206	0.893333	0.041573	0.798067	0.900000	0.049850	0.758206	0.893333	0.030891
