delta = 0.260000, m = 6
0.798067	0.900000	0.010880	0.708994	0.733333	0.087082	0.741932	0.886667	0.014988	0.709332	0.853333	0.006550
0.822641	0.933333	0.009376	0.743317	0.893333	0.075912	0.798067	0.900000	0.011479	0.777317	0.880000	0.006664
0.771104	0.873333	0.008571	0.722397	0.800000	0.077915	0.750781	0.886667	0.012911	0.813866	0.913333	0.006395
0.702355	0.806667	0.008168	0.727280	0.846667	0.074762	0.798067	0.900000	0.012475	0.596667	0.680000	0.006255
0.805754	0.906667	0.011020	0.795905	0.926667	0.075198	0.798067	0.900000	0.011801	0.685031	0.820000	0.008425
0.770141	0.893333	0.008500	0.749751	0.873333	0.077245	0.758206	0.893333	0.011804	0.741932	0.886667	0.006565
0.777317	0.880000	0.012358	0.747635	0.900000	0.075150	0.790781	0.893333	0.011820	0.713562	0.826667	0.006215
0.813866	0.913333	0.009040	0.749637	0.893333	0.079066	0.758206	0.893333	0.011860	0.711547	0.766667	0.006797
0.710996	0.720000	0.010370	0.732316	0.820000	0.077480	0.777706	0.900000	0.012213	0.713116	0.773333	0.007032
0.805754	0.906667	0.008445	0.727749	0.880000	0.078667	0.777706	0.900000	0.012302	0.756185	0.880000	0.006502
0.822641	0.933333	0.007879	0.637078	0.826667	0.078016	0.798067	0.900000	0.013731	0.805754	0.906667	0.006914
0.805754	0.906667	0.009440	0.822641	0.933333	0.078057	0.805754	0.906667	0.011820	0.777317	0.880000	0.006440
0.708717	0.740000	0.009669	0.536081	0.693333	0.080475	0.783870	0.886667	0.012699	0.727749	0.880000	0.007538
0.702355	0.806667	0.009789	0.758206	0.893333	0.077883	0.767290	0.913333	0.011787	0.715301	0.873333	0.007070
0.665932	0.840000	0.012282	0.758206	0.893333	0.079976	0.750781	0.886667	0.011430	0.709551	0.820000	0.006437
0.705815	0.813333	0.011872	0.813045	0.933333	0.076921	0.805754	0.906667	0.011639	0.777340	0.920000	0.006427
0.708994	0.733333	0.008651	0.794144	0.913333	0.078538	0.790781	0.893333	0.013072	0.709551	0.820000	0.006843
0.770141	0.893333	0.008982	0.722515	0.880000	0.076855	0.798067	0.900000	0.012604	0.765217	0.866667	0.008797
0.709737	0.726667	0.008999	0.762975	0.886667	0.076928	0.783870	0.886667	0.011377	0.813045	0.933333	0.006479
0.705815	0.813333	0.008750	0.750781	0.886667	0.074835	0.790781	0.893333	0.012419	0.766057	0.900000	0.006039
0.812566	0.926667	0.008183	0.798067	0.900000	0.075996	0.783870	0.886667	0.012459	0.708717	0.740000	0.007613
0.798067	0.900000	0.009811	0.778198	0.920000	0.077220	0.758206	0.893333	0.012015	0.732316	0.820000	0.006375
0.813045	0.933333	0.009679	0.428953	0.780000	0.076845	0.758206	0.893333	0.013286	0.783870	0.886667	0.006272
0.805754	0.906667	0.008539	0.744707	0.840000	0.079842	0.741932	0.886667	0.012395	0.798067	0.900000	0.007068
0.710996	0.720000	0.009715	0.813866	0.913333	0.076308	0.798067	0.900000	0.012283	0.713116	0.773333	0.007345
0.740300	0.833333	0.010894	0.813866	0.913333	0.075736	0.798067	0.900000	0.012198	0.722931	0.693333	0.008010
0.705815	0.813333	0.008575	0.705815	0.813333	0.074134	0.758206	0.893333	0.013064	0.802448	0.926667	0.006031
0.785696	0.906667	0.009525	0.805754	0.906667	0.077630	0.758206	0.893333	0.014349	0.683820	0.740000	0.009355
0.705815	0.813333	0.009610	0.798067	0.900000	0.076753	0.805754	0.906667	0.013250	0.569246	0.520000	0.007332
0.790781	0.893333	0.009810	0.807105	0.933333	0.074251	0.790781	0.893333	0.012007	0.713562	0.826667	0.007893
0.702355	0.806667	0.010596	0.777317	0.880000	0.073884	0.798067	0.900000	0.011146	0.749751	0.873333	0.006216
0.719644	0.793333	0.009338	0.705815	0.813333	0.074469	0.798067	0.900000	0.012204	0.813866	0.913333	0.006239
0.686667	0.853333	0.010355	0.798067	0.900000	0.076942	0.798067	0.900000	0.013099	0.732316	0.820000	0.006404
0.777317	0.880000	0.009954	0.798067	0.900000	0.076132	0.750781	0.886667	0.012269	0.822436	0.920000	0.007678
0.777317	0.880000	0.008480	0.777317	0.880000	0.074329	0.758206	0.893333	0.011381	0.679522	0.860000	0.006085
0.813045	0.933333	0.009116	0.790781	0.893333	0.074216	0.758206	0.893333	0.012052	0.623330	0.720000	0.006427
0.777317	0.880000	0.008982	0.702355	0.806667	0.073887	0.758206	0.893333	0.011126	0.743657	0.866667	0.006066
0.744707	0.840000	0.010585	0.777706	0.900000	0.073099	0.798067	0.900000	0.011719	0.705815	0.813333	0.006559
0.713116	0.773333	0.010354	0.813866	0.913333	0.072140	0.758206	0.893333	0.011855	0.750781	0.886667	0.006047
0.736171	0.826667	0.009850	0.666278	0.773333	0.077221	0.798067	0.900000	0.011675	0.785696	0.906667	0.005977
0.790781	0.893333	0.009434	0.798067	0.900000	0.076920	0.798067	0.900000	0.012008	0.783870	0.886667	0.006569
0.777317	0.880000	0.009107	0.766057	0.900000	0.078292	0.790781	0.893333	0.011506	0.770141	0.893333	0.005714
0.833375	0.940000	0.009652	0.792511	0.920000	0.076945	0.790781	0.893333	0.012231	0.736171	0.826667	0.008350
0.710996	0.720000	0.008788	0.813866	0.913333	0.074613	0.790781	0.893333	0.011772	0.777706	0.900000	0.006811
0.777317	0.880000	0.009684	0.790781	0.893333	0.075909	0.805754	0.906667	0.012075	0.737888	0.860000	0.005959
0.798067	0.900000	0.008584	0.777317	0.880000	0.075254	0.805754	0.906667	0.012070	0.732316	0.820000	0.005863
0.785696	0.906667	0.008530	0.766057	0.900000	0.074635	0.750781	0.886667	0.012370	0.765217	0.866667	0.007164
0.710996	0.720000	0.008155	0.477669	0.546667	0.075601	0.798067	0.900000	0.011655	0.777340	0.920000	0.009158
0.713116	0.773333	0.008978	0.777317	0.880000	0.072521	0.758206	0.893333	0.014315	0.805754	0.906667	0.006614
0.765724	0.913333	0.009159	0.692593	0.793333	0.075460	0.758206	0.893333	0.012516	0.705815	0.813333	0.006234
delta = 0.260000, m = 7
0.703710	0.866667	0.011262	0.798067	0.900000	0.090197	0.798067	0.900000	0.011941	0.750781	0.886667	0.007071
0.736171	0.826667	0.009915	0.798067	0.900000	0.089537	0.758206	0.893333	0.013829	0.750781	0.886667	0.007099
0.777706	0.900000	0.011119	0.571490	0.840000	0.090561	0.798067	0.900000	0.012880	0.758206	0.893333	0.007681
0.777317	0.880000	0.013282	0.678163	0.720000	0.089685	0.798067	0.900000	0.012890	0.771104	0.873333	0.006335
0.790781	0.893333	0.010056	0.758206	0.893333	0.089570	0.790781	0.893333	0.012419	0.805754	0.906667	0.006811
0.813866	0.913333	0.009314	0.754372	0.853333	0.088051	0.777317	0.880000	0.012846	0.792511	0.920000	0.007016
0.737105	0.873333	0.009202	0.708864	0.746667	0.086674	0.798067	0.900000	0.012724	0.783870	0.886667	0.006968
0.734654	0.880000	0.011266	0.680689	0.706667	0.087744	0.798067	0.900000	0.013078	0.748125	0.886667	0.006007
0.798067	0.900000	0.009429	0.778198	0.920000	0.088216	0.798067	0.900000	0.012879	0.722397	0.800000	0.007134
0.790781	0.893333	0.009143	0.783870	0.886667	0.088748	0.777706	0.900000	0.013219	0.521413	0.640000	0.006985
0.785696	0.906667	0.009952	0.805754	0.906667	0.089852	0.798067	0.900000	0.012972	0.766057	0.900000	0.007910
0.777317	0.880000	0.009443	0.777317	0.880000	0.089775	0.790781	0.893333	0.011924	0.722422	0.840000	0.005870
0.709401	0.753333	0.011001	0.813866	0.913333	0.090296	0.758206	0.893333	0.014337	0.758206	0.893333	0.006516
0.754372	0.853333	0.008729	0.798067	0.900000	0.089861	0.758206	0.893333	0.011582	0.798067	0.900000	0.008060
0.722397	0.800000	0.011179	0.727280	0.846667	0.089804	0.798067	0.900000	0.012025	0.761536	0.886667	0.006939
0.777317	0.880000	0.010536	0.805754	0.906667	0.090478	0.798067	0.900000	0.012736	0.790781	0.893333	0.007473
0.727749	0.880000	0.008683	0.813045	0.933333	0.088590	0.798067	0.900000	0.012885	0.748065	0.873333	0.006240
0.759643	0.860000	0.009592	0.750781	0.886667	0.089325	0.750781	0.886667	0.012826	0.785696	0.906667	0.006660
0.777317	0.880000	0.010415	0.798067	0.900000	0.088824	0.798067	0.900000	0.013970	0.777317	0.880000	0.008144
0.715114	0.873333	0.012218	0.765217	0.866667	0.087607	0.790781	0.893333	0.012902	0.864186	0.960000	0.006616
0.717175	0.786667	0.009340	0.737105	0.873333	0.087837	0.798067	0.900000	0.012455	0.713116	0.773333	0.006781
0.771104	0.873333	0.010162	0.709737	0.726667	0.091142	0.790781	0.893333	0.012364	0.766057	0.900000	0.006758
0.708994	0.733333	0.010491	0.798067	0.900000	0.088560	0.790781	0.893333	0.013176	0.757800	0.900000	0.007016
0.805754	0.906667	0.008255	0.766057	0.900000	0.090975	0.783870	0.886667	0.012568	0.737888	0.860000	0.006647
0.777317	0.880000	0.010339	0.777317	0.880000	0.088084	0.790781	0.893333	0.013686	0.783870	0.886667	0.006748
0.708994	0.733333	0.010603	0.343705	0.620000	0.090360	0.777317	0.880000	0.014017	0.638002	0.713333	0.007905
0.690602	0.840000	0.011331	0.750781	0.886667	0.090352	0.750781	0.886667	0.012652	0.790781	0.893333	0.006046
0.709737	0.726667	0.010159	0.805754	0.906667	0.092074	0.750781	0.886667	0.012869	0.631233	0.560000	0.008593
0.790781	0.893333	0.011766	0.790781	0.893333	0.091450	0.758206	0.893333	0.013780	0.749637	0.893333	0.008323
0.725428	0.806667	0.011044	0.762975	0.886667	0.086680	0.798067	0.900000	0.013318	0.749396	0.846667	0.009019
0.798067	0.900000	0.010643	0.790781	0.893333	0.089021	0.798067	0.900000	0.012914	0.805754	0.906667	0.006931
0.722397	0.800000	0.010037	0.758206	0.893333	0.089017	0.798067	0.900000	0.012132	0.770141	0.893333	0.007446
0.719644	0.793333	0.010643	0.758206	0.893333	0.088491	0.790781	0.893333	0.011932	0.706663	0.820000	0.007954
0.722422	0.840000	0.009414	0.682866	0.766667	0.090386	0.749637	0.893333	0.012512	0.562116	0.680000	0.007867
0.777317	0.880000	0.010654	0.790781	0.893333	0.091818	0.790781	0.893333	0.012005	0.677668	0.726667	0.008172
0.696260	0.793333	0.009955	0.708717	0.740000	0.087681	0.741932	0.886667	0.013066	0.749751	0.873333	0.006653
0.750781	0.886667	0.009998	0.777317	0.880000	0.088287	0.783870	0.886667	0.013336	0.771104	0.873333	0.006957
0.708864	0.746667	0.015735	0.766057	0.900000	0.085817	0.798067	0.900000	0.013484	0.709551	0.820000	0.008319
0.727749	0.880000	0.011155	0.777317	0.880000	0.085932	0.798067	0.900000	0.011925	0.736171	0.826667	0.008583
0.798067	0.900000	0.010654	0.734654	0.880000	0.086518	0.798067	0.900000	0.012187	0.760877	0.906667	0.006742
0.759643	0.860000	0.010218	0.695711	0.800000	0.090536	0.798067	0.900000	0.013190	0.620135	0.800000	0.007358
0.790781	0.893333	0.008931	0.770141	0.893333	0.088110	0.798067	0.900000	0.011543	0.870522	0.960000	0.006883
0.700412	0.866667	0.012077	0.802731	0.933333	0.089542	0.783870	0.886667	0.012991	0.777317	0.880000	0.006319
0.750781	0.886667	0.010001	0.741932	0.886667	0.088011	0.798067	0.900000	0.012643	0.798067	0.900000	0.006365
0.777317	0.880000	0.012464	0.777317	0.880000	0.089127	0.758206	0.893333	0.013203	0.722422	0.840000	0.006663
0.777317	0.880000	0.011373	0.732316	0.820000	0.087181	0.750781	0.886667	0.014079	0.749637	0.893333	0.006692
0.708994	0.733333	0.010119	0.708717	0.740000	0.091921	0.783870	0.886667	0.013318	0.750781	0.886667	0.006703
0.709401	0.753333	0.012309	0.798067	0.900000	0.088662	0.798067	0.900000	0.013045	0.474029	0.600000	0.007044
0.798067	0.900000	0.009832	0.681157	0.760000	0.087268	0.750781	0.886667	0.012529	0.750781	0.886667	0.008196
0.759643	0.860000	0.009172	0.813866	0.913333	0.092019	0.798067	0.900000	0.012522	0.813866	0.913333	0.008503
delta = 0.260000, m = 8
0.805754	0.906667	0.011889	0.798067	0.900000	0.105031	0.798067	0.900000	0.012495	0.785450	0.920000	0.006812
0.798067	0.900000	0.014167	0.728735	0.813333	0.105726	0.798067	0.900000	0.013209	0.777317	0.880000	0.006844
0.805754	0.906667	0.009878	0.732316	0.820000	0.108021	0.777317	0.880000	0.013427	0.708717	0.740000	0.007029
0.722397	0.800000	0.011615	0.709401	0.753333	0.104707	0.798067	0.900000	0.013590	0.756185	0.880000	0.007299
0.783870	0.886667	0.010200	0.749637	0.893333	0.102719	0.798067	0.900000	0.013892	0.758206	0.893333	0.006798
0.785696	0.906667	0.010355	0.789962	0.926667	0.103493	0.790781	0.893333	0.013136	0.783870	0.886667	0.007501
0.722397	0.800000	0.011727	0.798067	0.900000	0.104431	0.798067	0.900000	0.012946	0.777706	0.900000	0.007278
0.805754	0.906667	0.013270	0.766057	0.900000	0.106188	0.790781	0.893333	0.013096	0.709551	0.820000	0.007322
0.805754	0.906667	0.009870	0.765217	0.866667	0.104839	0.798067	0.900000	0.015775	0.709737	0.726667	0.007159
0.711547	0.766667	0.012449	0.765217	0.866667	0.106364	0.783870	0.886667	0.013098	0.732433	0.853333	0.006421
0.805754	0.906667	0.010113	0.750781	0.886667	0.103368	0.798067	0.900000	0.012716	0.550929	0.673333	0.006618
0.798067	0.900000	0.012003	0.708994	0.733333	0.106151	0.798067	0.900000	0.014249	0.798067	0.900000	0.007102
0.771104	0.873333	0.010589	0.732316	0.820000	0.105577	0.790781	0.893333	0.013265	0.777706	0.900000	0.008467
0.770141	0.893333	0.011507	0.713116	0.773333	0.104778	0.777706	0.900000	0.014759	0.805754	0.906667	0.007655
0.709737	0.726667	0.011863	0.798067	0.900000	0.103148	0.758206	0.893333	0.013538	0.747635	0.900000	0.007467
0.711547	0.766667	0.010836	0.677668	0.726667	0.102121	0.777706	0.900000	0.014107	0.798067	0.900000	0.006594
0.728735	0.813333	0.013632	0.778198	0.920000	0.104397	0.798067	0.900000	0.013904	0.724861	0.860000	0.006835
0.709401	0.753333	0.011529	0.730341	0.853333	0.102467	0.790781	0.893333	0.013607	0.689052	0.860000	0.007585
0.708994	0.733333	0.011782	0.750781	0.886667	0.102749	0.798067	0.900000	0.013250	0.760877	0.906667	0.006398
0.798067	0.900000	0.010275	0.777317	0.880000	0.105095	0.777706	0.900000	0.013175	0.798067	0.900000	0.007536
0.790781	0.893333	0.009944	0.785696	0.906667	0.103215	0.758206	0.893333	0.014914	0.798067	0.900000	0.006497
0.798067	0.900000	0.011353	0.780832	0.920000	0.101294	0.798067	0.900000	0.012926	0.758206	0.893333	0.006272
0.708717	0.740000	0.014087	0.728735	0.813333	0.100256	0.798067	0.900000	0.013398	0.758206	0.893333	0.006476
0.708864	0.746667	0.011085	0.824387	0.940000	0.101455	0.798067	0.900000	0.012299	0.758206	0.893333	0.007560
0.708717	0.740000	0.011401	0.777317	0.880000	0.105242	0.798067	0.900000	0.012973	0.709551	0.820000	0.006686
0.744707	0.840000	0.011811	0.750781	0.886667	0.103228	0.798067	0.900000	0.014208	0.777317	0.880000	0.006624
0.708994	0.733333	0.010642	0.798067	0.900000	0.103037	0.798067	0.900000	0.013268	0.777317	0.880000	0.007856
0.734654	0.880000	0.011770	0.708994	0.733333	0.105013	0.790781	0.893333	0.012631	0.758206	0.893333	0.006658
0.713116	0.773333	0.011994	0.777317	0.880000	0.105020	0.798067	0.900000	0.013667	0.748065	0.873333	0.006526
0.695917	0.846667	0.012206	0.740300	0.833333	0.105329	0.783870	0.886667	0.014540	0.813045	0.933333	0.006385
0.777317	0.880000	0.011198	0.737105	0.873333	0.103377	0.777317	0.880000	0.014147	0.738735	0.893333	0.006022
0.777317	0.880000	0.011618	0.785696	0.906667	0.104927	0.798067	0.900000	0.015435	0.798067	0.900000	0.007378
0.732316	0.820000	0.011316	0.766057	0.900000	0.101659	0.805754	0.906667	0.013198	0.708994	0.733333	0.007525
0.759643	0.860000	0.010668	0.705815	0.813333	0.100001	0.790781	0.893333	0.013512	0.722422	0.840000	0.006257
0.783870	0.886667	0.010460	0.805754	0.906667	0.104458	0.783870	0.886667	0.014260	0.777317	0.880000	0.008636
0.798067	0.900000	0.012834	0.750781	0.886667	0.106912	0.777706	0.900000	0.018257	0.805754	0.906667	0.007096
0.798067	0.900000	0.010081	0.864186	0.960000	0.103242	0.783870	0.886667	0.014150	0.710303	0.760000	0.007200
0.722397	0.800000	0.011481	0.798067	0.900000	0.104961	0.790781	0.893333	0.013525	0.824387	0.940000	0.006710
0.798067	0.900000	0.011276	0.798067	0.900000	0.103676	0.758206	0.893333	0.013229	0.777706	0.900000	0.006718
0.732316	0.820000	0.014642	0.728735	0.813333	0.106562	0.777706	0.900000	0.013867	0.695917	0.846667	0.006936
0.750781	0.886667	0.010190	0.728735	0.813333	0.105646	0.798067	0.900000	0.013187	0.560444	0.760000	0.008021
0.798067	0.900000	0.009394	0.785696	0.906667	0.107533	0.783870	0.886667	0.013529	0.798067	0.900000	0.008245
0.362252	0.613333	0.009313	0.709737	0.726667	0.105573	0.798067	0.900000	0.013006	0.774365	0.906667	0.009479
0.798067	0.900000	0.012026	0.740300	0.833333	0.108900	0.805754	0.906667	0.013768	0.777317	0.880000	0.008186
0.805754	0.906667	0.010703	0.790781	0.893333	0.106555	0.758206	0.893333	0.013360	0.756185	0.880000	0.008192
0.708717	0.740000	0.011906	0.790781	0.893333	0.102665	0.798067	0.900000	0.013337	0.822641	0.933333	0.006712
0.805754	0.906667	0.009446	0.777706	0.900000	0.104866	0.798067	0.900000	0.013082	0.750781	0.886667	0.006600
0.790781	0.893333	0.009228	0.759643	0.860000	0.106617	0.798067	0.900000	0.016091	0.798067	0.900000	0.007320
0.777317	0.880000	0.009600	0.727280	0.846667	0.103683	0.777706	0.900000	0.013509	0.798067	0.900000	0.007072
0.709737	0.726667	0.011105	0.790781	0.893333	0.104951	0.798067	0.900000	0.013977	0.750781	0.886667	0.008110
delta = 0.260000, m = 9
0.709737	0.726667	0.009589	0.750781	0.886667	0.116176	0.790781	0.893333	0.013969	0.765217	0.866667	0.008150
0.713116	0.773333	0.010505	0.741841	0.866667	0.118166	0.798067	0.900000	0.014361	0.798067	0.900000	0.006516
0.798067	0.900000	0.011298	0.798067	0.900000	0.119278	0.758206	0.893333	0.013674	0.766057	0.900000	0.007494
0.805754	0.906667	0.010428	0.785696	0.906667	0.121568	0.790781	0.893333	0.014495	0.761536	0.886667	0.007131
0.790781	0.893333	0.011338	0.777317	0.880000	0.116532	0.798067	0.900000	0.013329	0.743657	0.866667	0.007319
0.713116	0.773333	0.013003	0.783870	0.886667	0.121494	0.790781	0.893333	0.014250	0.785696	0.906667	0.006911
0.708994	0.733333	0.011070	0.813866	0.913333	0.121539	0.798067	0.900000	0.014940	0.783870	0.886667	0.007617
0.777317	0.880000	0.009687	0.770141	0.893333	0.120404	0.798067	0.900000	0.013577	0.756185	0.880000	0.006750
0.798067	0.900000	0.011338	0.708994	0.733333	0.122902	0.783870	0.886667	0.015311	0.749637	0.893333	0.007075
0.732316	0.820000	0.011998	0.708717	0.740000	0.120678	0.750781	0.886667	0.013680	0.467158	0.733333	0.007434
0.798067	0.900000	0.010236	0.805754	0.906667	0.122828	0.790781	0.893333	0.014142	0.497557	0.766667	0.006980
0.719644	0.793333	0.011941	0.743317	0.893333	0.123541	0.798067	0.900000	0.014365	0.750781	0.886667	0.008934
0.758206	0.893333	0.013224	0.741932	0.886667	0.120656	0.777706	0.900000	0.014854	0.747635	0.900000	0.006623
0.790781	0.893333	0.011423	0.798067	0.900000	0.119955	0.758206	0.893333	0.015370	0.766057	0.900000	0.007081
0.777317	0.880000	0.011570	0.789962	0.926667	0.124648	0.805754	0.906667	0.013883	0.766057	0.900000	0.006796
0.722397	0.800000	0.011167	0.728735	0.813333	0.121507	0.790781	0.893333	0.014220	0.762975	0.886667	0.006907
0.732316	0.820000	0.010708	0.798067	0.900000	0.121227	0.777317	0.880000	0.014535	0.785696	0.906667	0.008241
0.777317	0.880000	0.011953	0.798067	0.900000	0.122876	0.798067	0.900000	0.014612	0.758206	0.893333	0.006680
0.777317	0.880000	0.010863	0.798067	0.900000	0.122548	0.798067	0.900000	0.013164	0.864186	0.960000	0.006821
0.740300	0.833333	0.012353	0.766057	0.900000	0.119097	0.798067	0.900000	0.014032	0.758206	0.893333	0.007215
0.777317	0.880000	0.010793	0.708994	0.733333	0.121208	0.798067	0.900000	0.015332	0.766459	0.906667	0.008051
0.777706	0.900000	0.013636	0.777706	0.900000	0.119501	0.798067	0.900000	0.014236	0.758206	0.893333	0.007466
0.758206	0.893333	0.011011	0.805754	0.906667	0.120090	0.777706	0.900000	0.014349	0.777340	0.920000	0.008087
0.798067	0.900000	0.010198	0.728735	0.813333	0.122218	0.798067	0.900000	0.013741	0.741841	0.866667	0.007747
0.708994	0.733333	0.013292	0.771104	0.873333	0.122569	0.777317	0.880000	0.013921	0.774365	0.906667	0.010482
0.709737	0.726667	0.012757	0.708994	0.733333	0.120225	0.790781	0.893333	0.014261	0.792511	0.920000	0.007255
0.790781	0.893333	0.009207	0.805754	0.906667	0.118603	0.798067	0.900000	0.013592	0.777317	0.880000	0.007072
0.758206	0.893333	0.010202	0.722397	0.800000	0.128578	0.758206	0.893333	0.013584	0.767290	0.913333	0.006377
0.777317	0.880000	0.011401	0.765217	0.866667	0.123695	0.783870	0.886667	0.014758	0.777317	0.880000	0.007853
0.711547	0.766667	0.012236	0.798067	0.900000	0.120711	0.783870	0.886667	0.014521	0.798067	0.900000	0.007358
0.798067	0.900000	0.010798	0.798067	0.900000	0.118278	0.750781	0.886667	0.014120	0.759643	0.860000	0.007430
0.777706	0.900000	0.011189	0.805754	0.906667	0.122184	0.790781	0.893333	0.014586	0.766057	0.900000	0.008033
0.713116	0.773333	0.012442	0.728735	0.813333	0.121720	0.783870	0.886667	0.014450	0.508804	0.606667	0.008422
0.777317	0.880000	0.011261	0.699096	0.806667	0.116488	0.798067	0.900000	0.014278	0.777317	0.880000	0.006957
0.798067	0.900000	0.011542	0.785696	0.906667	0.118411	0.798067	0.900000	0.015610	0.798067	0.900000	0.006843
0.445841	0.553333	0.009408	0.749751	0.873333	0.123183	0.798067	0.900000	0.013792	0.803086	0.920000	0.007067
0.798067	0.900000	0.010504	0.708994	0.733333	0.122065	0.798067	0.900000	0.015460	0.705815	0.813333	0.006527
0.798067	0.900000	0.012001	0.728735	0.813333	0.121277	0.777706	0.900000	0.013983	0.732316	0.820000	0.006800
0.728735	0.813333	0.012131	0.798067	0.900000	0.118951	0.798067	0.900000	0.013703	0.702746	0.813333	0.008595
0.777317	0.880000	0.011085	0.765217	0.866667	0.123316	0.805754	0.906667	0.014752	0.623110	0.693333	0.007123
0.777706	0.900000	0.012691	0.777317	0.880000	0.118641	0.798067	0.900000	0.014159	0.777340	0.920000	0.009685
0.798067	0.900000	0.012684	0.777317	0.880000	0.118435	0.790781	0.893333	0.013689	0.777706	0.900000	0.008185
0.708994	0.733333	0.013088	0.798067	0.900000	0.117712	0.798067	0.900000	0.013876	0.757800	0.900000	0.007413
0.771104	0.873333	0.013727	0.777317	0.880000	0.119712	0.790781	0.893333	0.013717	0.758206	0.893333	0.007348
0.790781	0.893333	0.011649	0.766057	0.900000	0.118572	0.798067	0.900000	0.013548	0.762975	0.886667	0.006634
0.728735	0.813333	0.012690	0.798067	0.900000	0.117270	0.777706	0.900000	0.015081	0.741841	0.866667	0.006538
0.798067	0.900000	0.009797	0.744707	0.840000	0.117230	0.798067	0.900000	0.014187	0.790781	0.893333	0.007450
0.759643	0.860000	0.012096	0.741932	0.886667	0.120612	0.777317	0.880000	0.014466	0.709401	0.753333	0.007072
0.719644	0.793333	0.011727	0.750781	0.886667	0.121004	0.798067	0.900000	0.013917	0.766057	0.900000	0.007536
0.805754	0.906667	0.011447	0.798067	0.900000	0.118597	0.798067	0.900000	0.014288	0.703866	0.853333	0.006793
delta = 0.260000, m = 10
0.805754	0.906667	0.012671	0.777317	0.880000	0.134839	0.798067	0.900000	0.014565	0.777317	0.880000	0.007908
0.798067	0.900000	0.013046	0.759643	0.860000	0.136411	0.798067	0.900000	0.015292	0.709737	0.726667	0.007752
0.722397	0.800000	0.011710	0.790781	0.893333	0.137058	0.805754	0.906667	0.015566	0.777706	0.900000	0.008010
0.798067	0.900000	0.010409	0.750781	0.886667	0.138627	0.798067	0.900000	0.014361	0.790781	0.893333	0.009704
0.777706	0.900000	0.014268	0.777706	0.900000	0.135363	0.798067	0.900000	0.014052	0.798067	0.900000	0.008239
0.708994	0.733333	0.015255	0.785696	0.906667	0.135510	0.783870	0.886667	0.014292	0.770141	0.893333	0.007205
0.790781	0.893333	0.012186	0.783870	0.886667	0.131752	0.783870	0.886667	0.015356	0.717175	0.786667	0.007345
0.777317	0.880000	0.011433	0.790781	0.893333	0.132079	0.783870	0.886667	0.014254	0.749751	0.873333	0.007659
0.728735	0.813333	0.012410	0.758206	0.893333	0.131043	0.798067	0.900000	0.015278	0.743657	0.866667	0.007109
0.467431	0.600000	0.011836	0.750781	0.886667	0.131202	0.790781	0.893333	0.015459	0.766057	0.900000	0.009017
0.770141	0.893333	0.014656	0.749396	0.846667	0.136736	0.798067	0.900000	0.015515	0.770141	0.893333	0.008480
0.732316	0.820000	0.010875	0.750781	0.886667	0.136371	0.777317	0.880000	0.016332	0.758206	0.893333	0.008326
0.798067	0.900000	0.012924	0.758206	0.893333	0.132991	0.783870	0.886667	0.016350	0.798067	0.900000	0.008829
0.790781	0.893333	0.012527	0.766057	0.900000	0.138002	0.790781	0.893333	0.015498	0.802448	0.926667	0.008986
0.762975	0.886667	0.011246	0.709401	0.753333	0.133821	0.798067	0.900000	0.014971	0.681157	0.760000	0.008791
0.708994	0.733333	0.011636	0.798067	0.900000	0.134320	0.798067	0.900000	0.013650	0.798067	0.900000	0.007985
0.798067	0.900000	0.010827	0.783870	0.886667	0.136369	0.798067	0.900000	0.015682	0.805754	0.906667	0.007784
0.711547	0.766667	0.012730	0.711547	0.766667	0.139094	0.798067	0.900000	0.014227	0.717851	0.833333	0.008596
0.754372	0.853333	0.013846	0.740300	0.833333	0.136801	0.798067	0.900000	0.014001	0.728735	0.813333	0.009716
0.777317	0.880000	0.011967	0.798067	0.900000	0.134472	0.790781	0.893333	0.015373	0.757800	0.900000	0.007107
0.807105	0.933333	0.014336	0.798067	0.900000	0.133082	0.798067	0.900000	0.014694	0.766057	0.900000	0.009120
0.777317	0.880000	0.011006	0.758206	0.893333	0.134512	0.783870	0.886667	0.015330	0.757800	0.900000	0.007379
0.798067	0.900000	0.012527	0.777317	0.880000	0.134754	0.798067	0.900000	0.013781	0.798067	0.900000	0.008148
0.798067	0.900000	0.011591	0.770141	0.893333	0.137386	0.798067	0.900000	0.014552	0.727280	0.846667	0.007380
0.777317	0.880000	0.012972	0.728735	0.813333	0.136558	0.790781	0.893333	0.014090	0.791886	0.926667	0.009332
0.777317	0.880000	0.012076	0.792511	0.920000	0.136566	0.790781	0.893333	0.015505	0.813866	0.913333	0.008201
0.805754	0.906667	0.010967	0.777317	0.880000	0.135294	0.798067	0.900000	0.016459	0.802448	0.926667	0.007438
0.777317	0.880000	0.013328	0.805754	0.906667	0.136716	0.798067	0.900000	0.014405	0.777317	0.880000	0.008990
0.777317	0.880000	0.014316	0.798067	0.900000	0.134197	0.758206	0.893333	0.017223	0.717851	0.833333	0.006870
0.798067	0.900000	0.012344	0.777706	0.900000	0.137179	0.798067	0.900000	0.014848	0.822641	0.933333	0.006843
0.732316	0.820000	0.012290	0.758206	0.893333	0.134688	0.798067	0.900000	0.015204	0.802448	0.926667	0.007274
0.783870	0.886667	0.012315	0.778198	0.920000	0.134556	0.750781	0.886667	0.014586	0.798067	0.900000	0.007996
0.732316	0.820000	0.014332	0.741932	0.886667	0.141844	0.798067	0.900000	0.014054	0.777317	0.880000	0.007933
0.790781	0.893333	0.010904	0.777317	0.880000	0.131057	0.798067	0.900000	0.013977	0.708994	0.733333	0.008175
0.777706	0.900000	0.013803	0.689744	0.786667	0.135184	0.798067	0.900000	0.014510	0.702746	0.813333	0.007316
0.722397	0.800000	0.012816	0.771104	0.873333	0.136928	0.758206	0.893333	0.014046	0.790781	0.893333	0.006849
0.708994	0.733333	0.012492	0.766057	0.900000	0.137054	0.798067	0.900000	0.014569	0.822641	0.933333	0.007076
0.798067	0.900000	0.011079	0.758206	0.893333	0.134909	0.798067	0.900000	0.014724	0.777340	0.920000	0.006620
0.790781	0.893333	0.011344	0.790781	0.893333	0.138423	0.798067	0.900000	0.016060	0.777317	0.880000	0.006835
0.777317	0.880000	0.013338	0.766057	0.900000	0.143515	0.783870	0.886667	0.013949	0.790781	0.893333	0.007542
0.777317	0.880000	0.011532	0.783870	0.886667	0.134288	0.798067	0.900000	0.013906	0.805754	0.906667	0.007127
0.798067	0.900000	0.010654	0.754372	0.853333	0.136416	0.798067	0.900000	0.013695	0.692412	0.840000	0.006699
0.722397	0.800000	0.012026	0.750781	0.886667	0.139646	0.790781	0.893333	0.015022	0.790781	0.893333	0.007606
0.798067	0.900000	0.012176	0.744707	0.840000	0.132705	0.798067	0.900000	0.016535	0.732316	0.820000	0.007521
0.766057	0.900000	0.010290	0.777317	0.880000	0.132393	0.777317	0.880000	0.014293	0.789962	0.926667	0.008861
0.777317	0.880000	0.010332	0.798067	0.900000	0.131048	0.798067	0.900000	0.014997	0.805754	0.906667	0.006934
0.777317	0.880000	0.011447	0.777317	0.880000	0.133550	0.798067	0.900000	0.014355	0.750781	0.886667	0.007320
0.725428	0.806667	0.010678	0.758206	0.893333	0.135911	0.790781	0.893333	0.015564	0.736171	0.826667	0.009603
0.708717	0.740000	0.012049	0.735303	0.886667	0.137129	0.783870	0.886667	0.015793	0.766057	0.900000	0.008215
0.777317	0.880000	0.011628	0.777317	0.880000	0.134184	0.790781	0.893333	0.014776	0.777317	0.880000	0.006905
delta = 0.260000, m = 11
0.777317	0.880000	0.012228	0.798067	0.900000	0.155770	0.777317	0.880000	0.015960	0.639310	0.773333	0.009791
0.709401	0.753333	0.012755	0.790781	0.893333	0.156225	0.783870	0.886667	0.015830	0.790781	0.893333	0.007562
0.770141	0.893333	0.013039	0.777706	0.900000	0.155880	0.790781	0.893333	0.015930	0.767290	0.913333	0.007228
0.777317	0.880000	0.011978	0.765217	0.866667	0.152840	0.783870	0.886667	0.016714	0.722515	0.880000	0.008071
0.798067	0.900000	0.011367	0.728735	0.813333	0.154122	0.783870	0.886667	0.015280	0.766057	0.900000	0.007664
0.722397	0.800000	0.012788	0.790781	0.893333	0.157104	0.798067	0.900000	0.015321	0.798067	0.900000	0.008450
0.777317	0.880000	0.011556	0.780832	0.920000	0.153632	0.798067	0.900000	0.015837	0.798067	0.900000	0.007790
0.777317	0.880000	0.011112	0.777340	0.920000	0.154867	0.798067	0.900000	0.016453	0.805754	0.906667	0.008890
0.770141	0.893333	0.011974	0.805754	0.906667	0.152165	0.798067	0.900000	0.015784	0.777317	0.880000	0.007272
0.798067	0.900000	0.013505	0.741932	0.886667	0.156469	0.798067	0.900000	0.016597	0.758206	0.893333	0.007106
0.798067	0.900000	0.011381	0.798067	0.900000	0.152903	0.798067	0.900000	0.015891	0.728735	0.813333	0.009594
0.798067	0.900000	0.013155	0.777317	0.880000	0.154683	0.777317	0.880000	0.015953	0.757131	0.906667	0.007955
0.777317	0.880000	0.012327	0.777317	0.880000	0.155847	0.798067	0.900000	0.016624	0.766057	0.900000	0.007733
0.758206	0.893333	0.011065	0.798067	0.900000	0.149670	0.798067	0.900000	0.015249	0.798067	0.900000	0.008385
0.777706	0.900000	0.011892	0.798067	0.900000	0.150409	0.790781	0.893333	0.015817	0.710303	0.760000	0.007476
0.759643	0.860000	0.013234	0.722397	0.800000	0.150590	0.790781	0.893333	0.015544	0.798067	0.900000	0.008158
0.798067	0.900000	0.011961	0.767290	0.913333	0.152404	0.790781	0.893333	0.015527	0.757800	0.900000	0.008572
0.798067	0.900000	0.012056	0.777317	0.880000	0.153268	0.798067	0.900000	0.016177	0.748065	0.873333	0.007342
0.777317	0.880000	0.013219	0.798067	0.900000	0.151506	0.790781	0.893333	0.015499	0.750781	0.886667	0.007945
0.790781	0.893333	0.012013	0.798067	0.900000	0.152251	0.777317	0.880000	0.015441	0.770141	0.893333	0.007438
0.759643	0.860000	0.012346	0.750781	0.886667	0.154415	0.783870	0.886667	0.014286	0.766057	0.900000	0.007448
0.732316	0.820000	0.012151	0.805754	0.906667	0.153612	0.777706	0.900000	0.015990	0.735303	0.886667	0.007380
0.777317	0.880000	0.011134	0.732316	0.820000	0.154127	0.798067	0.900000	0.015675	0.736171	0.826667	0.010083
0.805754	0.906667	0.011132	0.749396	0.846667	0.155189	0.798067	0.900000	0.016156	0.766057	0.900000	0.009288
0.777317	0.880000	0.012694	0.749396	0.846667	0.154615	0.798067	0.900000	0.015780	0.798067	0.900000	0.007254
0.798067	0.900000	0.011552	0.770141	0.893333	0.157183	0.783870	0.886667	0.016713	0.750781	0.886667	0.007383
0.777317	0.880000	0.012419	0.777317	0.880000	0.151810	0.798067	0.900000	0.015239	0.783870	0.886667	0.007580
0.785696	0.906667	0.013365	0.777317	0.880000	0.154598	0.798067	0.900000	0.015097	0.750781	0.886667	0.009479
0.722397	0.800000	0.015757	0.783870	0.886667	0.153603	0.798067	0.900000	0.015025	0.762975	0.886667	0.006533
0.722397	0.800000	0.014945	0.798067	0.900000	0.156795	0.783870	0.886667	0.015473	0.783870	0.886667	0.007331
0.798067	0.900000	0.013017	0.805754	0.906667	0.155961	0.777317	0.880000	0.015948	0.774365	0.906667	0.009494
0.777706	0.900000	0.011226	0.824387	0.940000	0.154770	0.798067	0.900000	0.014574	0.766057	0.900000	0.008128
0.777317	0.880000	0.011909	0.757800	0.900000	0.155808	0.798067	0.900000	0.014860	0.705815	0.813333	0.007598
0.805754	0.906667	0.013510	0.759643	0.860000	0.156058	0.777317	0.880000	0.015317	0.790781	0.893333	0.008235
0.456903	0.720000	0.011211	0.783870	0.886667	0.153238	0.798067	0.900000	0.015104	0.744707	0.840000	0.009345
0.777317	0.880000	0.012412	0.734654	0.880000	0.152265	0.783870	0.886667	0.016249	0.578116	0.840000	0.006952
0.798067	0.900000	0.012086	0.758206	0.893333	0.164281	0.798067	0.900000	0.017014	0.737888	0.860000	0.007284
0.790781	0.893333	0.012564	0.777317	0.880000	0.154908	0.798067	0.900000	0.016659	0.708864	0.746667	0.008718
0.740300	0.833333	0.012300	0.807105	0.933333	0.152480	0.783870	0.886667	0.016451	0.789962	0.926667	0.008445
0.790781	0.893333	0.012051	0.750781	0.886667	0.152988	0.783870	0.886667	0.015270	0.798067	0.900000	0.009675
0.744707	0.840000	0.012568	0.798067	0.900000	0.157832	0.798067	0.900000	0.015288	0.790781	0.893333	0.008392
0.708994	0.733333	0.017543	0.798067	0.900000	0.155744	0.798067	0.900000	0.016033	0.770141	0.893333	0.007857
0.798067	0.900000	0.011783	0.777317	0.880000	0.154596	0.798067	0.900000	0.014954	0.798067	0.900000	0.007741
0.790781	0.893333	0.012460	0.766057	0.900000	0.151336	0.798067	0.900000	0.015065	0.798067	0.900000	0.008192
0.785696	0.906667	0.011379	0.766057	0.900000	0.155447	0.777706	0.900000	0.017042	0.758206	0.893333	0.007802
0.807105	0.933333	0.012106	0.805754	0.906667	0.155473	0.798067	0.900000	0.014899	0.813866	0.913333	0.011236
0.805754	0.906667	0.013170	0.777706	0.900000	0.154380	0.798067	0.900000	0.016027	0.777340	0.920000	0.007679
0.777317	0.880000	0.012402	0.758206	0.893333	0.152797	0.783870	0.886667	0.016491	0.758206	0.893333	0.008316
0.798067	0.900000	0.012759	0.803086	0.920000	0.155883	0.790781	0.893333	0.015209	0.757800	0.900000	0.007564
0.777317	0.880000	0.011917	0.783870	0.886667	0.156980	0.783870	0.886667	0.015772	0.777317	0.880000	0.007948
delta = 0.260000, m = 12
0.777317	0.880000	0.012279	0.798067	0.900000	0.172129	0.790781	0.893333	0.015792	0.767290	0.913333	0.011157
0.777317	0.880000	0.012044	0.741932	0.886667	0.173444	0.798067	0.900000	0.016246	0.798067	0.900000	0.007920
0.777317	0.880000	0.013093	0.750781	0.886667	0.171650	0.798067	0.900000	0.015273	0.758206	0.893333	0.007326
0.732316	0.820000	0.011853	0.798067	0.900000	0.164776	0.798067	0.900000	0.015882	0.762975	0.886667	0.007493
0.777317	0.880000	0.011847	0.757131	0.906667	0.169565	0.798067	0.900000	0.015751	0.805754	0.906667	0.009241
0.790781	0.893333	0.012973	0.790781	0.893333	0.175228	0.783870	0.886667	0.017379	0.737888	0.860000	0.007419
0.736171	0.826667	0.013392	0.785450	0.920000	0.172070	0.790781	0.893333	0.015798	0.798067	0.900000	0.008164
0.736171	0.826667	0.013340	0.785696	0.906667	0.171794	0.777706	0.900000	0.016008	0.798067	0.900000	0.008980
0.777317	0.880000	0.012001	0.805754	0.906667	0.173387	0.798067	0.900000	0.016734	0.759643	0.860000	0.008377
0.771104	0.873333	0.012255	0.758206	0.893333	0.172046	0.783870	0.886667	0.017123	0.758206	0.893333	0.008021
0.777317	0.880000	0.012605	0.798067	0.900000	0.173983	0.798067	0.900000	0.015530	0.766057	0.900000	0.007459
0.783870	0.886667	0.012760	0.766057	0.900000	0.170289	0.798067	0.900000	0.016677	0.798067	0.900000	0.007172
0.798067	0.900000	0.012177	0.777317	0.880000	0.172783	0.798067	0.900000	0.016564	0.777317	0.880000	0.007269
0.740300	0.833333	0.013067	0.798067	0.900000	0.172732	0.798067	0.900000	0.016212	0.798067	0.900000	0.008659
0.732316	0.820000	0.014058	0.758206	0.893333	0.176167	0.790781	0.893333	0.017544	0.770141	0.893333	0.008579
0.777317	0.880000	0.011581	0.798067	0.900000	0.171927	0.798067	0.900000	0.016157	0.805754	0.906667	0.007966
0.798067	0.900000	0.012283	0.759643	0.860000	0.172104	0.783870	0.886667	0.016570	0.798067	0.900000	0.007727
0.777317	0.880000	0.012496	0.737105	0.873333	0.171543	0.798067	0.900000	0.015546	0.813045	0.933333	0.007647
0.777317	0.880000	0.013166	0.790781	0.893333	0.174691	0.798067	0.900000	0.016125	0.798067	0.900000	0.008035
0.777317	0.880000	0.012541	0.766057	0.900000	0.177261	0.798067	0.900000	0.015216	0.798067	0.900000	0.008513
0.777317	0.880000	0.013478	0.777317	0.880000	0.176799	0.783870	0.886667	0.016493	0.798067	0.900000	0.007936
0.777317	0.880000	0.014149	0.777317	0.880000	0.170594	0.798067	0.900000	0.016256	0.777317	0.880000	0.007723
0.777706	0.900000	0.012244	0.783870	0.886667	0.174219	0.798067	0.900000	0.015639	0.798067	0.900000	0.009214
0.736171	0.826667	0.015309	0.777317	0.880000	0.175045	0.798067	0.900000	0.015145	0.790781	0.893333	0.007623
0.783870	0.886667	0.013151	0.777317	0.880000	0.170776	0.777706	0.900000	0.017357	0.789962	0.926667	0.009522
0.777317	0.880000	0.013222	0.777706	0.900000	0.174272	0.798067	0.900000	0.017000	0.749751	0.873333	0.007470
0.777317	0.880000	0.012471	0.798067	0.900000	0.175359	0.798067	0.900000	0.015624	0.750781	0.886667	0.007421
0.777317	0.880000	0.012679	0.732316	0.820000	0.175779	0.798067	0.900000	0.016617	0.749637	0.893333	0.009978
0.777317	0.880000	0.012908	0.798067	0.900000	0.166677	0.798067	0.900000	0.015349	0.758206	0.893333	0.007375
0.777317	0.880000	0.012959	0.798067	0.900000	0.169259	0.790781	0.893333	0.015953	0.777340	0.920000	0.009517
0.790781	0.893333	0.013454	0.765217	0.866667	0.172846	0.777317	0.880000	0.016696	0.759643	0.860000	0.009146
0.732316	0.820000	0.013681	0.798067	0.900000	0.170032	0.798067	0.900000	0.016556	0.798067	0.900000	0.008412
0.777317	0.880000	0.013121	0.790781	0.893333	0.173661	0.798067	0.900000	0.016500	0.708994	0.733333	0.008505
0.765217	0.866667	0.013104	0.770141	0.893333	0.174890	0.798067	0.900000	0.016135	0.758206	0.893333	0.007728
0.777317	0.880000	0.012185	0.798067	0.900000	0.174793	0.777317	0.880000	0.016759	0.750781	0.886667	0.007226
0.777317	0.880000	0.012880	0.749637	0.893333	0.176346	0.798067	0.900000	0.016416	0.777317	0.880000	0.007230
0.732316	0.820000	0.014432	0.798067	0.900000	0.171635	0.798067	0.900000	0.015549	0.750781	0.886667	0.008026
0.798067	0.900000	0.014863	0.777317	0.880000	0.165081	0.798067	0.900000	0.016158	0.803086	0.920000	0.008639
0.798067	0.900000	0.013061	0.790781	0.893333	0.169253	0.798067	0.900000	0.016268	0.766057	0.900000	0.009116
0.777317	0.880000	0.012361	0.777317	0.880000	0.176231	0.798067	0.900000	0.014942	0.754372	0.853333	0.008161
0.777317	0.880000	0.013620	0.777317	0.880000	0.170943	0.777706	0.900000	0.017529	0.734654	0.880000	0.008960
0.740300	0.833333	0.013286	0.758206	0.893333	0.168747	0.798067	0.900000	0.016233	0.789962	0.926667	0.009648
0.802448	0.926667	0.012455	0.813866	0.913333	0.171008	0.798067	0.900000	0.015193	0.750781	0.886667	0.008818
0.798067	0.900000	0.013266	0.770141	0.893333	0.167815	0.783870	0.886667	0.016586	0.798067	0.900000	0.009149
0.798067	0.900000	0.013096	0.758206	0.893333	0.172260	0.783870	0.886667	0.016933	0.728735	0.813333	0.007423
0.805754	0.906667	0.011501	0.708717	0.740000	0.178761	0.798067	0.900000	0.015758	0.798067	0.900000	0.007786
0.783870	0.886667	0.014139	0.766057	0.900000	0.170083	0.798067	0.900000	0.015734	0.758206	0.893333	0.007920
0.798067	0.900000	0.011984	0.790781	0.893333	0.172287	0.777317	0.880000	0.017049	0.795905	0.926667	0.008713
0.798067	0.900000	0.012790	0.798067	0.900000	0.175147	0.798067	0.900000	0.016761	0.783870	0.886667	0.007971
0.798067	0.900000	0.014463	0.777706	0.900000	0.172557	0.798067	0.900000	0.015529	0.790781	0.893333	0.007893
delta = 0.260000, m = 13
0.777317	0.880000	0.013875	0.798067	0.900000	0.189250	0.790781	0.893333	0.016001	0.798067	0.900000	0.008530
0.736171	0.826667	0.013268	0.798067	0.900000	0.191501	0.798067	0.900000	0.015781	0.750781	0.886667	0.008146
0.777317	0.880000	0.015020	0.790781	0.893333	0.188954	0.783870	0.886667	0.017299	0.798067	0.900000	0.008237
0.798067	0.900000	0.013965	0.777317	0.880000	0.188704	0.777706	0.900000	0.017611	0.802448	0.926667	0.008829
0.777317	0.880000	0.013731	0.783870	0.886667	0.192668	0.777317	0.880000	0.017384	0.798067	0.900000	0.008581
0.777317	0.880000	0.014863	0.798067	0.900000	0.192322	0.798067	0.900000	0.018696	0.812566	0.926667	0.009918
0.798067	0.900000	0.013739	0.798067	0.900000	0.193501	0.798067	0.900000	0.016856	0.777340	0.920000	0.010409
0.777317	0.880000	0.013534	0.783870	0.886667	0.189134	0.798067	0.900000	0.016567	0.758206	0.893333	0.007430
0.744707	0.840000	0.014923	0.798067	0.900000	0.188174	0.783870	0.886667	0.016244	0.758206	0.893333	0.008092
0.732316	0.820000	0.012548	0.785696	0.906667	0.191548	0.798067	0.900000	0.017377	0.757800	0.900000	0.007936
0.732316	0.820000	0.012665	0.777317	0.880000	0.190491	0.790781	0.893333	0.016488	0.774365	0.906667	0.010459
0.777317	0.880000	0.014100	0.790781	0.893333	0.186048	0.798067	0.900000	0.017057	0.751827	0.900000	0.009683
0.736171	0.826667	0.015324	0.790781	0.893333	0.189146	0.777706	0.900000	0.017594	0.750781	0.886667	0.009849
0.790781	0.893333	0.013742	0.798067	0.900000	0.186246	0.777317	0.880000	0.017681	0.758206	0.893333	0.008457
0.732316	0.820000	0.013420	0.798067	0.900000	0.188984	0.777317	0.880000	0.017599	0.757800	0.900000	0.010284
0.790781	0.893333	0.014379	0.798067	0.900000	0.188988	0.783870	0.886667	0.015798	0.766057	0.900000	0.010078
0.777317	0.880000	0.015043	0.777317	0.880000	0.184294	0.798067	0.900000	0.016623	0.783870	0.886667	0.008538
0.777317	0.880000	0.013339	0.798067	0.900000	0.186337	0.783870	0.886667	0.015504	0.777317	0.880000	0.007267
0.798067	0.900000	0.013728	0.798067	0.900000	0.185642	0.798067	0.900000	0.018004	0.785450	0.920000	0.008600
0.805754	0.906667	0.012263	0.798067	0.900000	0.187247	0.798067	0.900000	0.016981	0.778198	0.920000	0.008671
0.798067	0.900000	0.012768	0.777317	0.880000	0.186916	0.798067	0.900000	0.016417	0.713116	0.773333	0.008957
0.777317	0.880000	0.012638	0.798067	0.900000	0.186215	0.798067	0.900000	0.017404	0.836583	0.946667	0.007053
0.732316	0.820000	0.013956	0.777317	0.880000	0.189726	0.770141	0.893333	0.018071	0.805754	0.906667	0.009185
0.798067	0.900000	0.013950	0.750781	0.886667	0.189423	0.798067	0.900000	0.016305	0.802448	0.926667	0.008667
0.777317	0.880000	0.013508	0.777317	0.880000	0.186180	0.798067	0.900000	0.016513	0.710303	0.760000	0.008704
0.783870	0.886667	0.015645	0.740300	0.833333	0.188830	0.798067	0.900000	0.018137	0.765217	0.866667	0.010455
0.777317	0.880000	0.012459	0.758206	0.893333	0.190784	0.798067	0.900000	0.017864	0.785450	0.920000	0.008292
0.714996	0.780000	0.014228	0.798067	0.900000	0.189175	0.783870	0.886667	0.017122	0.777317	0.880000	0.008544
0.783870	0.886667	0.013460	0.798067	0.900000	0.190979	0.798067	0.900000	0.017179	0.798067	0.900000	0.008557
0.777317	0.880000	0.012906	0.785696	0.906667	0.189388	0.783870	0.886667	0.016882	0.777340	0.920000	0.007856
0.790781	0.893333	0.014755	0.758206	0.893333	0.187021	0.798067	0.900000	0.015884	0.770141	0.893333	0.008923
0.790781	0.893333	0.013829	0.790781	0.893333	0.189722	0.798067	0.900000	0.015972	0.774365	0.906667	0.008879
0.790781	0.893333	0.014092	0.770141	0.893333	0.188975	0.783870	0.886667	0.017013	0.737888	0.860000	0.007985
0.783870	0.886667	0.014617	0.798067	0.900000	0.189874	0.790781	0.893333	0.017463	0.777317	0.880000	0.008746
0.790781	0.893333	0.013353	0.798067	0.900000	0.194004	0.798067	0.900000	0.017244	0.777317	0.880000	0.007796
0.798067	0.900000	0.015012	0.777317	0.880000	0.191897	0.798067	0.900000	0.017985	0.805754	0.906667	0.009350
0.798067	0.900000	0.014521	0.798067	0.900000	0.194073	0.798067	0.900000	0.015321	0.750781	0.886667	0.008797
0.783870	0.886667	0.013224	0.783870	0.886667	0.189603	0.798067	0.900000	0.016763	0.766057	0.900000	0.008427
0.777317	0.880000	0.013543	0.759643	0.860000	0.185968	0.783870	0.886667	0.016392	0.798067	0.900000	0.009032
0.777317	0.880000	0.012785	0.783870	0.886667	0.190899	0.798067	0.900000	0.017067	0.749637	0.893333	0.008606
0.798067	0.900000	0.013506	0.770141	0.893333	0.189072	0.798067	0.900000	0.019418	0.802448	0.926667	0.009602
0.805754	0.906667	0.014317	0.798067	0.900000	0.189080	0.783870	0.886667	0.018736	0.708994	0.733333	0.012619
0.777317	0.880000	0.014103	0.777317	0.880000	0.189731	0.798067	0.900000	0.016958	0.789962	0.926667	0.008135
0.777317	0.880000	0.014083	0.777317	0.880000	0.190852	0.798067	0.900000	0.017536	0.798067	0.900000	0.007386
0.777317	0.880000	0.013360	0.750781	0.886667	0.188845	0.790781	0.893333	0.016923	0.758206	0.893333	0.008752
0.777317	0.880000	0.012388	0.727749	0.880000	0.192244	0.783870	0.886667	0.016613	0.794144	0.913333	0.007377
0.805754	0.906667	0.014478	0.770141	0.893333	0.193260	0.798067	0.900000	0.017353	0.798067	0.900000	0.007418
0.777317	0.880000	0.014600	0.798067	0.900000	0.192721	0.777317	0.880000	0.016300	0.749637	0.893333	0.007741
0.777317	0.880000	0.013879	0.374880	0.640000	0.188054	0.783870	0.886667	0.016698	0.798067	0.900000	0.007879
0.777317	0.880000	0.014203	0.777317	0.880000	0.194524	0.798067	0.900000	0.017238	0.766057	0.900000	0.010319
delta = 0.260000, m = 14
0.777317	0.880000	0.014522	0.777317	0.880000	0.209092	0.798067	0.900000	0.017682	0.798067	0.900000	0.008522
0.790781	0.893333	0.013102	0.798067	0.900000	0.205050	0.790781	0.893333	0.018547	0.777706	0.900000	0.008481
0.777317	0.880000	0.014112	0.770141	0.893333	0.207714	0.798067	0.900000	0.016862	0.805754	0.906667	0.008121
0.777317	0.880000	0.015326	0.758206	0.893333	0.205267	0.798067	0.900000	0.016707	0.805754	0.906667	0.008263
0.783870	0.886667	0.013236	0.774365	0.906667	0.202523	0.783870	0.886667	0.018518	0.777317	0.880000	0.008469
0.783870	0.886667	0.015300	0.798067	0.900000	0.209301	0.798067	0.900000	0.017355	0.749637	0.893333	0.008470
0.798067	0.900000	0.014618	0.813866	0.913333	0.212171	0.798067	0.900000	0.017518	0.803086	0.920000	0.009965
0.777317	0.880000	0.014521	0.777317	0.880000	0.207755	0.783870	0.886667	0.017916	0.710303	0.760000	0.010543
0.798067	0.900000	0.015172	0.766057	0.900000	0.204834	0.798067	0.900000	0.016451	0.777317	0.880000	0.007720
0.777706	0.900000	0.014045	0.732316	0.820000	0.212158	0.798067	0.900000	0.016907	0.740300	0.833333	0.009252
0.783870	0.886667	0.014369	0.798067	0.900000	0.211868	0.798067	0.900000	0.017474	0.798067	0.900000	0.009416
0.783870	0.886667	0.013658	0.798067	0.900000	0.211643	0.777706	0.900000	0.017962	0.798067	0.900000	0.010248
0.783870	0.886667	0.013056	0.774365	0.906667	0.212311	0.783870	0.886667	0.018616	0.346058	0.520000	0.008923
0.777317	0.880000	0.014272	0.783870	0.886667	0.214045	0.798067	0.900000	0.016867	0.798067	0.900000	0.008973
0.777317	0.880000	0.013016	0.798067	0.900000	0.213346	0.798067	0.900000	0.017701	0.777317	0.880000	0.008914
0.798067	0.900000	0.012429	0.798067	0.900000	0.210136	0.790781	0.893333	0.017698	0.777317	0.880000	0.009954
0.777317	0.880000	0.013525	0.777317	0.880000	0.210075	0.790781	0.893333	0.017662	0.766057	0.900000	0.008174
0.777317	0.880000	0.014445	0.777317	0.880000	0.206312	0.798067	0.900000	0.018698	0.798067	0.900000	0.008951
0.732316	0.820000	0.016879	0.783870	0.886667	0.206885	0.777317	0.880000	0.016951	0.802448	0.926667	0.008450
0.783870	0.886667	0.013019	0.798067	0.900000	0.211689	0.798067	0.900000	0.017911	0.749396	0.846667	0.009914
0.777317	0.880000	0.016030	0.798067	0.900000	0.208064	0.798067	0.900000	0.017639	0.798067	0.900000	0.007740
0.777317	0.880000	0.013813	0.798067	0.900000	0.208505	0.798067	0.900000	0.017447	0.777317	0.880000	0.008079
0.777317	0.880000	0.014096	0.798067	0.900000	0.211707	0.798067	0.900000	0.018637	0.758206	0.893333	0.008355
0.732316	0.820000	0.014556	0.798067	0.900000	0.211666	0.798067	0.900000	0.018376	0.758206	0.893333	0.008087
0.777317	0.880000	0.014895	0.790781	0.893333	0.207947	0.798067	0.900000	0.019363	0.770141	0.893333	0.009041
0.798067	0.900000	0.013144	0.777317	0.880000	0.202950	0.798067	0.900000	0.016715	0.798067	0.900000	0.008778
0.790781	0.893333	0.014226	0.759643	0.860000	0.207140	0.783870	0.886667	0.017303	0.798067	0.900000	0.009531
0.736171	0.826667	0.013684	0.798067	0.900000	0.209126	0.798067	0.900000	0.018400	0.785450	0.920000	0.009156
0.798067	0.900000	0.014254	0.777317	0.880000	0.212441	0.798067	0.900000	0.017868	0.798067	0.900000	0.009002
0.798067	0.900000	0.013694	0.783870	0.886667	0.209823	0.798067	0.900000	0.017769	0.798067	0.900000	0.008667
0.777317	0.880000	0.013659	0.777317	0.880000	0.204664	0.798067	0.900000	0.018172	0.777340	0.920000	0.008855
0.777317	0.880000	0.012998	0.759643	0.860000	0.208951	0.783870	0.886667	0.017895	0.783870	0.886667	0.008476
0.777317	0.880000	0.014296	0.798067	0.900000	0.215013	0.798067	0.900000	0.016497	0.789962	0.926667	0.008690
0.777317	0.880000	0.014018	0.798067	0.900000	0.208511	0.790781	0.893333	0.017158	0.777706	0.900000	0.008647
0.777317	0.880000	0.013678	0.790781	0.893333	0.205088	0.798067	0.900000	0.018006	0.798067	0.900000	0.007629
0.777317	0.880000	0.013298	0.766057	0.900000	0.206168	0.798067	0.900000	0.019205	0.777706	0.900000	0.009484
0.777317	0.880000	0.013769	0.770141	0.893333	0.205019	0.798067	0.900000	0.018386	0.803086	0.920000	0.007787
0.783870	0.886667	0.013564	0.777317	0.880000	0.206155	0.798067	0.900000	0.016400	0.749637	0.893333	0.009516
0.783870	0.886667	0.013195	0.783870	0.886667	0.208619	0.798067	0.900000	0.017420	0.798067	0.900000	0.008399
0.777317	0.880000	0.013639	0.798067	0.900000	0.204874	0.798067	0.900000	0.017028	0.790781	0.893333	0.009873
0.798067	0.900000	0.012512	0.798067	0.900000	0.204626	0.790781	0.893333	0.018011	0.777317	0.880000	0.008820
0.777317	0.880000	0.014996	0.798067	0.900000	0.211153	0.777317	0.880000	0.018171	0.765217	0.866667	0.007833
0.777317	0.880000	0.012650	0.770141	0.893333	0.210238	0.798067	0.900000	0.017462	0.798067	0.900000	0.008394
0.790781	0.893333	0.013380	0.798067	0.900000	0.206131	0.798067	0.900000	0.017693	0.759643	0.860000	0.007630
0.777317	0.880000	0.013589	0.798067	0.900000	0.212377	0.798067	0.900000	0.017817	0.798067	0.900000	0.008609
0.777317	0.880000	0.013269	0.783870	0.886667	0.210337	0.783870	0.886667	0.019106	0.798067	0.900000	0.010353
0.798067	0.900000	0.013161	0.777317	0.880000	0.209471	0.798067	0.900000	0.017667	0.741932	0.886667	0.008982
0.790781	0.893333	0.012398	0.734654	0.880000	0.212049	0.783870	0.886667	0.017319	0.798067	0.900000	0.009385
0.777317	0.880000	0.013937	0.766057	0.900000	0.207808	0.783870	0.886667	0.017593	0.770141	0.893333	0.010011
0.777317	0.880000	0.015163	0.765217	0.866667	0.212497	0.798067	0.900000	0.019176	0.798067	0.900000	0.007538
delta = 0.260000, m = 15
0.777317	0.880000	0.015721	0.777317	0.880000	0.238041	0.783870	0.886667	0.018470	0.783870	0.886667	0.009100
0.777317	0.880000	0.015533	0.758206	0.893333	0.242178	0.783870	0.886667	0.018606	0.758206	0.893333	0.008115
0.777317	0.880000	0.014225	0.790781	0.893333	0.240090	0.783870	0.886667	0.019915	0.777706	0.900000	0.008018
0.777317	0.880000	0.015040	0.759643	0.860000	0.231826	0.783870	0.886667	0.018265	0.728735	0.813333	0.010110
0.783870	0.886667	0.015163	0.750781	0.886667	0.236859	0.790781	0.893333	0.019401	0.790781	0.893333	0.008715
0.777317	0.880000	0.015255	0.777706	0.900000	0.236604	0.798067	0.900000	0.020520	0.758206	0.893333	0.010371
0.777317	0.880000	0.014766	0.798067	0.900000	0.243187	0.777317	0.880000	0.019321	0.741932	0.886667	0.008261
0.798067	0.900000	0.014432	0.771104	0.873333	0.241764	0.798067	0.900000	0.019326	0.798067	0.900000	0.009823
0.798067	0.900000	0.013198	0.777317	0.880000	0.233591	0.798067	0.900000	0.018721	0.798067	0.900000	0.007464
0.740300	0.833333	0.014821	0.783870	0.886667	0.234696	0.783870	0.886667	0.017912	0.757131	0.906667	0.009736
0.777317	0.880000	0.014748	0.758206	0.893333	0.236944	0.798067	0.900000	0.019400	0.770141	0.893333	0.008268
0.783870	0.886667	0.014983	0.777317	0.880000	0.239397	0.783870	0.886667	0.018556	0.798067	0.900000	0.008413
0.777317	0.880000	0.015021	0.790781	0.893333	0.228334	0.798067	0.900000	0.018112	0.758206	0.893333	0.008072
0.783870	0.886667	0.014011	0.777706	0.900000	0.237504	0.798067	0.900000	0.018679	0.770141	0.893333	0.008367
0.798067	0.900000	0.014108	0.790781	0.893333	0.236755	0.798067	0.900000	0.019136	0.798067	0.900000	0.008404
0.798067	0.900000	0.016422	0.777317	0.880000	0.234686	0.783870	0.886667	0.019061	0.750781	0.886667	0.009459
0.798067	0.900000	0.015183	0.783870	0.886667	0.237991	0.798067	0.900000	0.017897	0.766057	0.900000	0.009234
0.777317	0.880000	0.014533	0.798067	0.900000	0.239576	0.798067	0.900000	0.017433	0.798067	0.900000	0.008732
0.777317	0.880000	0.015390	0.783870	0.886667	0.237567	0.783870	0.886667	0.019193	0.766057	0.900000	0.011718
0.790781	0.893333	0.015558	0.798067	0.900000	0.236888	0.790781	0.893333	0.017730	0.798067	0.900000	0.008271
0.777317	0.880000	0.014457	0.798067	0.900000	0.235945	0.798067	0.900000	0.018156	0.783870	0.886667	0.009299
0.740300	0.833333	0.015552	0.750781	0.886667	0.236761	0.798067	0.900000	0.018902	0.750781	0.886667	0.008291
0.777317	0.880000	0.013981	0.749396	0.846667	0.238704	0.798067	0.900000	0.018793	0.805754	0.906667	0.008637
0.783870	0.886667	0.014773	0.798067	0.900000	0.235987	0.798067	0.900000	0.017570	0.798067	0.900000	0.007772
0.798067	0.900000	0.014787	0.798067	0.900000	0.236440	0.798067	0.900000	0.018694	0.785696	0.906667	0.009208
0.777317	0.880000	0.014591	0.777706	0.900000	0.237617	0.790781	0.893333	0.019308	0.777706	0.900000	0.009512
0.777317	0.880000	0.015410	0.805754	0.906667	0.233766	0.777317	0.880000	0.019308	0.777706	0.900000	0.008330
0.798067	0.900000	0.014464	0.758206	0.893333	0.239829	0.798067	0.900000	0.017864	0.770141	0.893333	0.008302
0.777317	0.880000	0.013794	0.777317	0.880000	0.238286	0.790781	0.893333	0.018567	0.798067	0.900000	0.009906
0.777317	0.880000	0.014665	0.798067	0.900000	0.235184	0.790781	0.893333	0.018494	0.798067	0.900000	0.008879
0.783870	0.886667	0.014112	0.798067	0.900000	0.237703	0.798067	0.900000	0.018377	0.758206	0.893333	0.010420
0.798067	0.900000	0.013506	0.798067	0.900000	0.233880	0.783870	0.886667	0.019490	0.774365	0.906667	0.009296
0.777317	0.880000	0.015194	0.798067	0.900000	0.239609	0.798067	0.900000	0.018670	0.750781	0.886667	0.008985
0.777317	0.880000	0.014338	0.798067	0.900000	0.232838	0.798067	0.900000	0.017543	0.758206	0.893333	0.009596
0.777317	0.880000	0.013479	0.798067	0.900000	0.235921	0.798067	0.900000	0.019456	0.813866	0.913333	0.008569
0.783870	0.886667	0.014786	0.798067	0.900000	0.233130	0.798067	0.900000	0.019374	0.777340	0.920000	0.010332
0.783870	0.886667	0.015902	0.790781	0.893333	0.237968	0.798067	0.900000	0.017629	0.758206	0.893333	0.008242
0.798067	0.900000	0.014269	0.798067	0.900000	0.236482	0.798067	0.900000	0.017509	0.798067	0.900000	0.009000
0.783870	0.886667	0.015267	0.798067	0.900000	0.231765	0.790781	0.893333	0.018776	0.656556	0.733333	0.009350
0.777317	0.880000	0.014236	0.777706	0.900000	0.235922	0.805754	0.906667	0.018452	0.749637	0.893333	0.009981
0.798067	0.900000	0.015362	0.790781	0.893333	0.239092	0.798067	0.900000	0.019201	0.774365	0.906667	0.009782
0.790781	0.893333	0.013448	0.798067	0.900000	0.233424	0.777317	0.880000	0.018335	0.783870	0.886667	0.009169
0.777317	0.880000	0.014546	0.777317	0.880000	0.237972	0.790781	0.893333	0.019023	0.790781	0.893333	0.008284
0.790781	0.893333	0.014229	0.798067	0.900000	0.232452	0.798067	0.900000	0.017904	0.798067	0.900000	0.009301
0.798067	0.900000	0.014484	0.777317	0.880000	0.232966	0.798067	0.900000	0.017914	0.749637	0.893333	0.010225
0.777317	0.880000	0.013702	0.803797	0.933333	0.233895	0.798067	0.900000	0.018184	0.777706	0.900000	0.008823
0.798067	0.900000	0.014357	0.798067	0.900000	0.237215	0.777317	0.880000	0.018300	0.798067	0.900000	0.009995
0.777317	0.880000	0.014499	0.798067	0.900000	0.237079	0.798067	0.900000	0.017744	0.805754	0.906667	0.008724
0.777317	0.880000	0.014335	0.777706	0.900000	0.235034	0.790781	0.893333	0.018380	0.798067	0.900000	0.008065
0.798067	0.900000	0.015363	0.798067	0.900000	0.234675	0.783870	0.886667	0.019082	0.758206	0.893333	0.010608
delta = 0.260000, m = 16
0.777317	0.880000	0.014853	0.790781	0.893333	0.253483	0.798067	0.900000	0.031752	0.790781	0.893333	0.009231
0.783870	0.886667	0.015305	0.798067	0.900000	0.255288	0.790781	0.893333	0.019861	0.783870	0.886667	0.008335
0.783870	0.886667	0.015945	0.798067	0.900000	0.251084	0.798067	0.900000	0.019181	0.798067	0.900000	0.009612
0.777317	0.880000	0.015042	0.798067	0.900000	0.251498	0.777317	0.880000	0.017650	0.766057	0.900000	0.008447
0.783870	0.886667	0.020737	0.798067	0.900000	0.264112	0.798067	0.900000	0.018414	0.743657	0.866667	0.009022
0.777317	0.880000	0.014670	0.790781	0.893333	0.252075	0.798067	0.900000	0.022133	0.798067	0.900000	0.010333
0.777317	0.880000	0.028359	0.798067	0.900000	0.248561	0.798067	0.900000	0.018643	0.798067	0.900000	0.010710
0.777317	0.880000	0.018938	0.777317	0.880000	0.251092	0.798067	0.900000	0.019400	0.766057	0.900000	0.008552
0.798067	0.900000	0.016210	0.750781	0.886667	0.284190	0.798067	0.900000	0.021925	0.758206	0.893333	0.009384
0.790781	0.893333	0.014867	0.770141	0.893333	0.248983	0.798067	0.900000	0.018466	0.750781	0.886667	0.014764
0.783870	0.886667	0.014620	0.777317	0.880000	0.282822	0.798067	0.900000	0.022490	0.813866	0.913333	0.008510
0.777317	0.880000	0.015616	0.798067	0.900000	0.255726	0.790781	0.893333	0.023060	0.798067	0.900000	0.009194
0.790781	0.893333	0.049648	0.798067	0.900000	0.252359	0.783870	0.886667	0.020175	0.777317	0.880000	0.010385
0.783870	0.886667	0.015151	0.777317	0.880000	0.322600	0.798067	0.900000	0.019564	0.790781	0.893333	0.008570
0.777317	0.880000	0.024401	0.736171	0.826667	0.300222	0.783870	0.886667	0.021197	0.798067	0.900000	0.009012
0.777317	0.880000	0.042577	0.777317	0.880000	0.252911	0.798067	0.900000	0.018824	0.722422	0.840000	0.008739
0.777317	0.880000	0.015660	0.798067	0.900000	0.253531	0.790781	0.893333	0.018173	0.783870	0.886667	0.009317
0.783870	0.886667	0.014019	0.758206	0.893333	0.254266	0.798067	0.900000	0.017968	0.785450	0.920000	0.011649
0.777317	0.880000	0.014336	0.777317	0.880000	0.254213	0.790781	0.893333	0.033609	0.798067	0.900000	0.008173
0.798067	0.900000	0.015513	0.798067	0.900000	0.251216	0.798067	0.900000	0.040120	0.777706	0.900000	0.010033
0.777317	0.880000	0.015651	0.798067	0.900000	0.251441	0.798067	0.900000	0.019713	0.777317	0.880000	0.008975
0.798067	0.900000	0.015584	0.798067	0.900000	0.251533	0.777317	0.880000	0.019638	0.766057	0.900000	0.008637
0.798067	0.900000	0.016666	0.728735	0.813333	0.252152	0.783870	0.886667	0.019516	0.778198	0.920000	0.009247
0.798067	0.900000	0.014728	0.790781	0.893333	0.251964	0.798067	0.900000	0.019038	0.790781	0.893333	0.008969
0.783870	0.886667	0.015124	0.777317	0.880000	0.245022	0.798067	0.900000	0.020795	0.798067	0.900000	0.015050
0.783870	0.886667	0.015831	0.728735	0.813333	0.256563	0.790781	0.893333	0.019934	0.770141	0.893333	0.008509
0.783870	0.886667	0.014493	0.798067	0.900000	0.246954	0.798067	0.900000	0.020472	0.798067	0.900000	0.008773
0.798067	0.900000	0.030568	0.777317	0.880000	0.258862	0.798067	0.900000	0.018099	0.789962	0.926667	0.009309
0.790781	0.893333	0.014894	0.798067	0.900000	0.251944	0.798067	0.900000	0.019341	0.741932	0.886667	0.009073
0.777317	0.880000	0.015093	0.798067	0.900000	0.250454	0.798067	0.900000	0.044236	0.774365	0.906667	0.010715
0.798067	0.900000	0.014110	0.798067	0.900000	0.269654	0.783870	0.886667	0.020719	0.750781	0.886667	0.009433
0.777317	0.880000	0.016367	0.770141	0.893333	0.249899	0.798067	0.900000	0.018423	0.682066	0.806667	0.013956
0.798067	0.900000	0.014601	0.766057	0.900000	0.290590	0.798067	0.900000	0.068068	0.766057	0.900000	0.009605
0.777317	0.880000	0.014222	0.757800	0.900000	0.254989	0.777317	0.880000	0.019001	0.777706	0.900000	0.008998
0.777317	0.880000	0.020837	0.798067	0.900000	0.252787	0.798067	0.900000	0.019742	0.789962	0.926667	0.014061
0.777317	0.880000	0.014865	0.790781	0.893333	0.256788	0.798067	0.900000	0.020075	0.766057	0.900000	0.015105
0.798067	0.900000	0.021194	0.785696	0.906667	0.277301	0.783870	0.886667	0.019898	0.677668	0.726667	0.008322
0.798067	0.900000	0.015905	0.798067	0.900000	0.253071	0.798067	0.900000	0.020786	0.798067	0.900000	0.008998
0.777317	0.880000	0.014574	0.798067	0.900000	0.265740	0.798067	0.900000	0.019562	0.749637	0.893333	0.010318
0.777317	0.880000	0.016248	0.766057	0.900000	0.250319	0.798067	0.900000	0.019442	0.798067	0.900000	0.015062
0.783870	0.886667	0.014621	0.758206	0.893333	0.255878	0.790781	0.893333	0.019273	0.798067	0.900000	0.009254
0.798067	0.900000	0.015323	0.798067	0.900000	0.252849	0.783870	0.886667	0.020321	0.785450	0.920000	0.010327
0.805754	0.906667	0.016182	0.790781	0.893333	0.253436	0.790781	0.893333	0.019915	0.770141	0.893333	0.008082
0.777317	0.880000	0.015224	0.798067	0.900000	0.265328	0.798067	0.900000	0.024287	0.777706	0.900000	0.008460
0.805754	0.906667	0.014900	0.798067	0.900000	0.247255	0.798067	0.900000	0.019344	0.758206	0.893333	0.009262
0.777317	0.880000	0.028450	0.741932	0.886667	0.253394	0.798067	0.900000	0.020088	0.798067	0.900000	0.010711
0.777317	0.880000	0.017489	0.798067	0.900000	0.246715	0.783870	0.886667	0.018913	0.777340	0.920000	0.008578
0.777317	0.880000	0.015386	0.798067	0.900000	0.276134	0.798067	0.900000	0.019285	0.766057	0.900000	0.009455
0.798067	0.900000	0.014783	0.777317	0.880000	0.253850	0.798067	0.900000	0.025434	0.766057	0.900000	0.024772
0.798067	0.900000	0.016381	0.777317	0.880000	0.283372	0.798067	0.900000	0.019292	0.750781	0.886667	0.015405
delta = 0.260000, m = 17
0.798067	0.900000	0.020093	0.798067	0.900000	0.279151	0.798067	0.900000	0.050112	0.790781	0.893333	0.012973
0.798067	0.900000	0.016508	0.777317	0.880000	0.279611	0.798067	0.900000	0.036647	0.798067	0.900000	0.013979
0.783870	0.886667	0.040476	0.777706	0.900000	0.299036	0.798067	0.900000	0.037306	0.749637	0.893333	0.022473
0.783870	0.886667	0.042368	0.798067	0.900000	0.285321	0.798067	0.900000	0.018255	0.777706	0.900000	0.012124
0.744707	0.840000	0.016178	0.777317	0.880000	0.276679	0.777317	0.880000	0.064602	0.783870	0.886667	0.009758
0.805754	0.906667	0.044549	0.790781	0.893333	0.281364	0.798067	0.900000	0.035863	0.770141	0.893333	0.008597
0.777317	0.880000	0.075902	0.790781	0.893333	0.282034	0.783870	0.886667	0.025243	0.783870	0.886667	0.019337
0.798067	0.900000	0.070036	0.777317	0.880000	0.284509	0.777317	0.880000	0.021115	0.777317	0.880000	0.010850
0.798067	0.900000	0.021260	0.798067	0.900000	0.274210	0.798067	0.900000	0.025594	0.708994	0.733333	0.019235
0.777317	0.880000	0.169320	0.798067	0.900000	0.280287	0.790781	0.893333	0.094703	0.770141	0.893333	0.017587
0.798067	0.900000	0.029858	0.790781	0.893333	0.282660	0.783870	0.886667	0.044372	0.777706	0.900000	0.053204
0.777317	0.880000	0.017464	0.790781	0.893333	0.290845	0.783870	0.886667	0.030288	0.805754	0.906667	0.061454
0.777317	0.880000	0.018831	0.798067	0.900000	0.292384	0.790781	0.893333	0.043396	0.777706	0.900000	0.019601
0.783870	0.886667	0.020815	0.777317	0.880000	0.284787	0.798067	0.900000	0.051330	0.750781	0.886667	0.013066
0.798067	0.900000	0.017760	0.798067	0.900000	0.288768	0.798067	0.900000	0.019356	0.770141	0.893333	0.019153
0.783870	0.886667	0.020319	0.805754	0.906667	0.280409	0.798067	0.900000	0.041722	0.798067	0.900000	0.036617
0.783870	0.886667	0.020701	0.785450	0.920000	0.283830	0.783870	0.886667	0.019937	0.790781	0.893333	0.009766
0.798067	0.900000	0.048460	0.805754	0.906667	0.285389	0.798067	0.900000	0.060951	0.758206	0.893333	0.009872
0.777317	0.880000	0.075516	0.766057	0.900000	0.290300	0.798067	0.900000	0.020156	0.798067	0.900000	0.033175
0.777317	0.880000	0.018030	0.790781	0.893333	0.298047	0.783870	0.886667	0.021456	0.766057	0.900000	0.071586
0.790781	0.893333	0.075507	0.798067	0.900000	0.279862	0.798067	0.900000	0.023339	0.794144	0.913333	0.018473
0.798067	0.900000	0.019212	0.785696	0.906667	0.291408	0.777317	0.880000	0.020054	0.789962	0.926667	0.010398
0.798067	0.900000	0.048968	0.783870	0.886667	0.284283	0.783870	0.886667	0.046039	0.777706	0.900000	0.033070
0.798067	0.900000	0.058437	0.783870	0.886667	0.327579	0.798067	0.900000	0.019893	0.790781	0.893333	0.051862
0.777317	0.880000	0.042360	0.798067	0.900000	0.299033	0.777317	0.880000	0.020147	0.798067	0.900000	0.008417
0.777317	0.880000	0.020569	0.750781	0.886667	0.295332	0.777317	0.880000	0.035885	0.798067	0.900000	0.025171
0.783870	0.886667	0.081058	0.798067	0.900000	0.278893	0.798067	0.900000	0.019717	0.798067	0.900000	0.013786
0.790781	0.893333	0.047073	0.798067	0.900000	0.283144	0.790781	0.893333	0.020141	0.757800	0.900000	0.010722
0.783870	0.886667	0.075362	0.758206	0.893333	0.292538	0.798067	0.900000	0.061878	0.777706	0.900000	0.020502
0.798067	0.900000	0.021167	0.798067	0.900000	0.282159	0.777317	0.880000	0.042493	0.741932	0.886667	0.010177
0.798067	0.900000	0.015853	0.798067	0.900000	0.292630	0.777317	0.880000	0.079946	0.790781	0.893333	0.012955
0.783870	0.886667	0.016310	0.798067	0.900000	0.297197	0.798067	0.900000	0.024722	0.798067	0.900000	0.017451
0.798067	0.900000	0.030039	0.798067	0.900000	0.283259	0.777317	0.880000	0.050802	0.766057	0.900000	0.009702
0.783870	0.886667	0.016931	0.790781	0.893333	0.287199	0.783870	0.886667	0.019580	0.798067	0.900000	0.011784
0.777317	0.880000	0.111668	0.798067	0.900000	0.280034	0.798067	0.900000	0.058799	0.790781	0.893333	0.016035
0.798067	0.900000	0.030091	0.790781	0.893333	0.317276	0.777317	0.880000	0.020784	0.777340	0.920000	0.012985
0.777317	0.880000	0.045655	0.722397	0.800000	0.285372	0.798067	0.900000	0.114845	0.798067	0.900000	0.038734
0.798067	0.900000	0.029135	0.798067	0.900000	0.307826	0.798067	0.900000	0.047912	0.732316	0.820000	0.015089
0.783870	0.886667	0.027791	0.798067	0.900000	0.293470	0.798067	0.900000	0.018609	0.766057	0.900000	0.007211
0.798067	0.900000	0.048975	0.798067	0.900000	0.259397	0.798067	0.900000	0.017779	0.777317	0.880000	0.014721
0.783870	0.886667	0.034087	0.798067	0.900000	0.301896	0.798067	0.900000	0.023261	0.790781	0.893333	0.030867
0.798067	0.900000	0.048124	0.777706	0.900000	0.305254	0.798067	0.900000	0.047583	0.798067	0.900000	0.009500
0.783870	0.886667	0.020260	0.790781	0.893333	0.322353	0.783870	0.886667	0.034653	0.783870	0.886667	0.010797
0.783870	0.886667	0.027971	0.798067	0.900000	0.319751	0.798067	0.900000	0.031382	0.798067	0.900000	0.072848
0.783870	0.886667	0.066655	0.798067	0.900000	0.299653	0.798067	0.900000	0.020456	0.783870	0.886667	0.072907
0.798067	0.900000	0.035389	0.777317	0.880000	0.284532	0.777317	0.880000	0.019538	0.766057	0.900000	0.011063
0.783870	0.886667	0.020094	0.798067	0.900000	0.311503	0.798067	0.900000	0.052099	0.777317	0.880000	0.019609
0.783870	0.886667	0.037708	0.798067	0.900000	0.343130	0.790781	0.893333	0.019873	0.783870	0.886667	0.009694
0.783870	0.886667	0.045075	0.783870	0.886667	0.275964	0.783870	0.886667	0.036878	0.766057	0.900000	0.107160
0.798067	0.900000	0.042612	0.734654	0.880000	0.281265	0.777317	0.880000	0.044938	0.798067	0.900000	0.010211
delta = 0.260000, m = 18
0.783870	0.886667	0.021177	0.798067	0.900000	0.312307	0.798067	0.900000	0.025727	0.777706	0.900000	0.062182
0.798067	0.900000	0.054805	0.798067	0.900000	0.302311	0.798067	0.900000	0.020027	0.783870	0.886667	0.009690
0.777317	0.880000	0.017133	0.798067	0.900000	0.294587	0.798067	0.900000	0.097070	0.758206	0.893333	0.009894
0.798067	0.900000	0.049836	0.766057	0.900000	0.313872	0.783870	0.886667	0.028789	0.766057	0.900000	0.025921
0.798067	0.900000	0.070063	0.798067	0.900000	0.306439	0.790781	0.893333	0.020852	0.766057	0.900000	0.016787
0.790781	0.893333	0.055814	0.798067	0.900000	0.363231	0.777317	0.880000	0.020385	0.798067	0.900000	0.010630
0.798067	0.900000	0.037123	0.777317	0.880000	0.306801	0.798067	0.900000	0.021224	0.798067	0.900000	0.010727
0.783870	0.886667	0.019634	0.798067	0.900000	0.297960	0.798067	0.900000	0.019308	0.798067	0.900000	0.047140
0.790781	0.893333	0.016069	0.777317	0.880000	0.304205	0.777317	0.880000	0.020744	0.777706	0.900000	0.010525
0.783870	0.886667	0.021151	0.798067	0.900000	0.303806	0.798067	0.900000	0.039162	0.798067	0.900000	0.010476
0.783870	0.886667	0.015912	0.783870	0.886667	0.300921	0.798067	0.900000	0.050545	0.790781	0.893333	0.009277
0.798067	0.900000	0.037764	0.798067	0.900000	0.325319	0.798067	0.900000	0.025318	0.790781	0.893333	0.025842
0.798067	0.900000	0.104781	0.766057	0.900000	0.302316	0.790781	0.893333	0.041236	0.766057	0.900000	0.067718
0.777317	0.880000	0.066724	0.732316	0.820000	0.298677	0.783870	0.886667	0.023904	0.798067	0.900000	0.011051
0.783870	0.886667	0.115795	0.798067	0.900000	0.296377	0.798067	0.900000	0.020693	0.798067	0.900000	0.009358
0.798067	0.900000	0.017798	0.790781	0.893333	0.301351	0.777317	0.880000	0.019693	0.750781	0.886667	0.008644
0.783870	0.886667	0.021744	0.766057	0.900000	0.299346	0.790781	0.893333	0.020377	0.790781	0.893333	0.049723
0.783870	0.886667	0.017630	0.798067	0.900000	0.301618	0.783870	0.886667	0.019123	0.790781	0.893333	0.008645
0.798067	0.900000	0.077474	0.749396	0.846667	0.335570	0.798067	0.900000	0.020667	0.750781	0.886667	0.015385
0.798067	0.900000	0.029436	0.798067	0.900000	0.295235	0.777317	0.880000	0.020190	0.798067	0.900000	0.018708
0.783870	0.886667	0.046723	0.798067	0.900000	0.302936	0.777317	0.880000	0.020293	0.770141	0.893333	0.015170
0.798067	0.900000	0.016254	0.783870	0.886667	0.299596	0.798067	0.900000	0.025454	0.777317	0.880000	0.016191
0.777317	0.880000	0.058984	0.790781	0.893333	0.303134	0.798067	0.900000	0.034308	0.798067	0.900000	0.028783
0.783870	0.886667	0.019052	0.798067	0.900000	0.398218	0.798067	0.900000	0.028915	0.798067	0.900000	0.017475
0.783870	0.886667	0.069962	0.798067	0.900000	0.337014	0.798067	0.900000	0.045504	0.798067	0.900000	0.010008
0.777317	0.880000	0.055871	0.798067	0.900000	0.296808	0.798067	0.900000	0.020749	0.798067	0.900000	0.008790
0.790781	0.893333	0.047683	0.798067	0.900000	0.294482	0.798067	0.900000	0.050349	0.798067	0.900000	0.009180
0.783870	0.886667	0.027619	0.798067	0.900000	0.323054	0.798067	0.900000	0.035913	0.777317	0.880000	0.009699
0.783870	0.886667	0.025975	0.798067	0.900000	0.303555	0.798067	0.900000	0.024101	0.783870	0.886667	0.012062
0.783870	0.886667	0.016460	0.798067	0.900000	0.299858	0.798067	0.900000	0.047111	0.749396	0.846667	0.040872
0.790781	0.893333	0.040948	0.798067	0.900000	0.298788	0.777317	0.880000	0.030546	0.798067	0.900000	0.020650
0.777317	0.880000	0.050554	0.798067	0.900000	0.316181	0.798067	0.900000	0.049209	0.766057	0.900000	0.008471
0.783870	0.886667	0.235100	0.777317	0.880000	0.301907	0.777317	0.880000	0.083287	0.749396	0.846667	0.011135
0.783870	0.886667	0.040817	0.783870	0.886667	0.321930	0.798067	0.900000	0.068473	0.777317	0.880000	0.012559
0.777317	0.880000	0.035627	0.798067	0.900000	0.359564	0.783870	0.886667	0.040799	0.766057	0.900000	0.008400
0.783870	0.886667	0.019135	0.798067	0.900000	0.300886	0.798067	0.900000	0.020149	0.758206	0.893333	0.009914
0.798067	0.900000	0.062994	0.777317	0.880000	0.304135	0.798067	0.900000	0.027482	0.757800	0.900000	0.014570
0.798067	0.900000	0.027028	0.783870	0.886667	0.305794	0.783870	0.886667	0.075850	0.430943	0.646667	0.009322
0.783870	0.886667	0.025526	0.783870	0.886667	0.294557	0.790781	0.893333	0.037597	0.777706	0.900000	0.010708
0.783870	0.886667	0.017837	0.798067	0.900000	0.315898	0.798067	0.900000	0.021267	0.774365	0.906667	0.009980
0.798067	0.900000	0.024700	0.777317	0.880000	0.296174	0.790781	0.893333	0.024491	0.798067	0.900000	0.010146
0.783870	0.886667	0.033174	0.798067	0.900000	0.298769	0.777317	0.880000	0.020663	0.798067	0.900000	0.011125
0.783870	0.886667	0.034024	0.798067	0.900000	0.299732	0.777317	0.880000	0.022573	0.798067	0.900000	0.062026
0.798067	0.900000	0.035673	0.790781	0.893333	0.333329	0.783870	0.886667	0.026317	0.798067	0.900000	0.013733
0.783870	0.886667	0.062462	0.770141	0.893333	0.295113	0.798067	0.900000	0.042178	0.798067	0.900000	0.009125
0.777317	0.880000	0.026565	0.798067	0.900000	0.298387	0.798067	0.900000	0.064988	0.750781	0.886667	0.032843
0.798067	0.900000	0.042809	0.798067	0.900000	0.303040	0.798067	0.900000	0.019824	0.783870	0.886667	0.011550
0.798067	0.900000	0.056304	0.783870	0.886667	0.306276	0.790781	0.893333	0.022019	0.771104	0.873333	0.022297
0.798067	0.900000	0.049834	0.790781	0.893333	0.306868	0.777317	0.880000	0.020252	0.748065	0.873333	0.008675
0.783870	0.886667	0.017338	0.777317	0.880000	0.309174	0.783870	0.886667	0.025664	0.798067	0.900000	0.009179
delta = 0.260000, m = 19
0.790781	0.893333	0.017986	0.783870	0.886667	0.338355	0.777317	0.880000	0.021504	0.783870	0.886667	0.053909
0.777317	0.880000	0.029469	0.790781	0.893333	0.332676	0.783870	0.886667	0.020286	0.798067	0.900000	0.008720
0.798067	0.900000	0.019519	0.805754	0.906667	0.333706	0.777317	0.880000	0.023616	0.798067	0.900000	0.012180
0.798067	0.900000	0.027402	0.777317	0.880000	0.338280	0.783870	0.886667	0.021500	0.798067	0.900000	0.009979
0.777317	0.880000	0.053891	0.798067	0.900000	0.330828	0.783870	0.886667	0.065424	0.798067	0.900000	0.038051
0.798067	0.900000	0.020592	0.790781	0.893333	0.335359	0.783870	0.886667	0.033739	0.798067	0.900000	0.030110
0.783870	0.886667	0.046280	0.798067	0.900000	0.333212	0.798067	0.900000	0.022548	0.777317	0.880000	0.010717
0.790781	0.893333	0.117071	0.777317	0.880000	0.434037	0.798067	0.900000	0.032160	0.798067	0.900000	0.035678
0.798067	0.900000	0.016814	0.790781	0.893333	0.337057	0.783870	0.886667	0.021778	0.777317	0.880000	0.095836
0.798067	0.900000	0.046149	0.750781	0.886667	0.339641	0.777317	0.880000	0.030447	0.766057	0.900000	0.010058
0.783870	0.886667	0.025836	0.798067	0.900000	0.354848	0.777317	0.880000	0.024320	0.758206	0.893333	0.011915
0.790781	0.893333	0.038164	0.790781	0.893333	0.336965	0.783870	0.886667	0.022114	0.798067	0.900000	0.014385
0.798067	0.900000	0.034839	0.798067	0.900000	0.338298	0.777317	0.880000	0.039221	0.749637	0.893333	0.008868
0.783870	0.886667	0.081474	0.798067	0.900000	0.335633	0.798067	0.900000	0.023087	0.798067	0.900000	0.065025
0.798067	0.900000	0.083243	0.777706	0.900000	0.341282	0.798067	0.900000	0.040833	0.798067	0.900000	0.066689
0.777317	0.880000	0.038962	0.798067	0.900000	0.332564	0.798067	0.900000	0.020965	0.798067	0.900000	0.013917
0.777317	0.880000	0.028665	0.798067	0.900000	0.331679	0.798067	0.900000	0.021368	0.798067	0.900000	0.089210
0.783870	0.886667	0.037581	0.740300	0.833333	0.334518	0.777317	0.880000	0.053254	0.777706	0.900000	0.010786
0.783870	0.886667	0.018515	0.798067	0.900000	0.336569	0.777317	0.880000	0.022367	0.790781	0.893333	0.009263
0.783870	0.886667	0.020603	0.798067	0.900000	0.329377	0.777317	0.880000	0.028748	0.766057	0.900000	0.052945
0.777317	0.880000	0.025824	0.798067	0.900000	0.335536	0.783870	0.886667	0.037637	0.777340	0.920000	0.023277
0.777317	0.880000	0.055516	0.777317	0.880000	0.330772	0.777317	0.880000	0.054351	0.766057	0.900000	0.013746
0.798067	0.900000	0.021077	0.798067	0.900000	0.344048	0.798067	0.900000	0.022016	0.770141	0.893333	0.010523
0.783870	0.886667	0.017439	0.798067	0.900000	0.412965	0.783870	0.886667	0.022049	0.789962	0.926667	0.011703
0.783870	0.886667	0.060966	0.766057	0.900000	0.334324	0.777317	0.880000	0.025814	0.777317	0.880000	0.010530
0.783870	0.886667	0.064202	0.798067	0.900000	0.401898	0.783870	0.886667	0.020961	0.766057	0.900000	0.064708
0.798067	0.900000	0.017939	0.798067	0.900000	0.327964	0.783870	0.886667	0.066004	0.785696	0.906667	0.026309
0.777317	0.880000	0.035946	0.790781	0.893333	0.330496	0.798067	0.900000	0.021482	0.798067	0.900000	0.010843
0.790781	0.893333	0.069156	0.798067	0.900000	0.337461	0.798067	0.900000	0.030869	0.790781	0.893333	0.018908
0.798067	0.900000	0.017963	0.798067	0.900000	0.387244	0.798067	0.900000	0.046609	0.777317	0.880000	0.010193
0.790781	0.893333	0.044750	0.777317	0.880000	0.329412	0.798067	0.900000	0.082140	0.766057	0.900000	0.009988
0.777317	0.880000	0.023522	0.798067	0.900000	0.345742	0.798067	0.900000	0.055270	0.798067	0.900000	0.020067
0.790781	0.893333	0.027759	0.783870	0.886667	0.330642	0.798067	0.900000	0.035163	0.798067	0.900000	0.034706
0.798067	0.900000	0.034863	0.798067	0.900000	0.344374	0.798067	0.900000	0.067460	0.798067	0.900000	0.025226
0.777317	0.880000	0.029052	0.777317	0.880000	0.329559	0.783870	0.886667	0.022125	0.798067	0.900000	0.022056
0.798067	0.900000	0.017538	0.798067	0.900000	0.345769	0.798067	0.900000	0.057576	0.798067	0.900000	0.032368
0.798067	0.900000	0.032389	0.798067	0.900000	0.350856	0.798067	0.900000	0.021336	0.798067	0.900000	0.008736
0.790781	0.893333	0.023921	0.783870	0.886667	0.342500	0.798067	0.900000	0.019692	0.766057	0.900000	0.011544
0.790781	0.893333	0.021668	0.777317	0.880000	0.338070	0.777317	0.880000	0.027591	0.757131	0.906667	0.012778
0.798067	0.900000	0.017453	0.798067	0.900000	0.339266	0.798067	0.900000	0.020520	0.735303	0.886667	0.014682
0.777317	0.880000	0.050673	0.798067	0.900000	0.330799	0.790781	0.893333	0.022456	0.766057	0.900000	0.023321
0.777317	0.880000	0.032762	0.783870	0.886667	0.386373	0.798067	0.900000	0.021504	0.798067	0.900000	0.011524
0.783870	0.886667	0.126726	0.798067	0.900000	0.353167	0.798067	0.900000	0.023339	0.758206	0.893333	0.035491
0.783870	0.886667	0.040205	0.798067	0.900000	0.333929	0.798067	0.900000	0.084370	0.798067	0.900000	0.050302
0.783870	0.886667	0.044119	0.777317	0.880000	0.348789	0.798067	0.900000	0.072409	0.770141	0.893333	0.010429
0.783870	0.886667	0.018530	0.798067	0.900000	0.330579	0.798067	0.900000	0.023414	0.798067	0.900000	0.009864
0.798067	0.900000	0.017195	0.783870	0.886667	0.366922	0.783870	0.886667	0.021479	0.785450	0.920000	0.033048
0.777317	0.880000	0.032088	0.798067	0.900000	0.338804	0.798067	0.900000	0.103175	0.708994	0.733333	0.014397
0.777317	0.880000	0.126379	0.798067	0.900000	0.372537	0.798067	0.900000	0.041764	0.777317	0.880000	0.012359
0.777317	0.880000	0.019646	0.790781	0.893333	0.359611	0.798067	0.900000	0.022742	0.766057	0.900000	0.011442
delta = 0.260000, m = 20
0.783870	0.886667	0.048994	0.783870	0.886667	0.386623	0.783870	0.886667	0.024466	0.798067	0.900000	0.023256
0.783870	0.886667	0.032449	0.798067	0.900000	0.384533	0.777317	0.880000	0.022614	0.766057	0.900000	0.044232
0.790781	0.893333	0.045560	0.783870	0.886667	0.347455	0.798067	0.900000	0.020672	0.749396	0.846667	0.012421
0.783870	0.886667	0.105328	0.783870	0.886667	0.352630	0.783870	0.886667	0.023062	0.798067	0.900000	0.009142
0.777317	0.880000	0.061829	0.758206	0.893333	0.350992	0.790781	0.893333	0.036284	0.766057	0.900000	0.009810
0.790781	0.893333	0.056910	0.798067	0.900000	0.372064	0.790781	0.893333	0.026297	0.798067	0.900000	0.011021
0.777317	0.880000	0.065630	0.798067	0.900000	0.357725	0.783870	0.886667	0.095617	0.798067	0.900000	0.011026
0.777317	0.880000	0.029867	0.783870	0.886667	0.357623	0.783870	0.886667	0.024520	0.790781	0.893333	0.050337
0.783870	0.886667	0.020269	0.798067	0.900000	0.458895	0.777317	0.880000	0.023601	0.750781	0.886667	0.009613
0.798067	0.900000	0.019782	0.798067	0.900000	0.353707	0.798067	0.900000	0.021606	0.790781	0.893333	0.015890
0.783870	0.886667	0.039662	0.798067	0.900000	0.354090	0.777317	0.880000	0.046006	0.798067	0.900000	0.015006
0.783870	0.886667	0.018504	0.783870	0.886667	0.366187	0.798067	0.900000	0.023831	0.777317	0.880000	0.020147
0.790781	0.893333	0.018223	0.766057	0.900000	0.450370	0.777317	0.880000	0.086362	0.770141	0.893333	0.027478
0.798067	0.900000	0.017708	0.798067	0.900000	0.350060	0.790781	0.893333	0.021677	0.798067	0.900000	0.011266
0.790781	0.893333	0.018754	0.798067	0.900000	0.352973	0.783870	0.886667	0.021227	0.798067	0.900000	0.036332
0.790781	0.893333	0.023786	0.798067	0.900000	0.358917	0.798067	0.900000	0.024671	0.798067	0.900000	0.015474
0.798067	0.900000	0.032755	0.783870	0.886667	0.350752	0.798067	0.900000	0.022719	0.798067	0.900000	0.043488
0.783870	0.886667	0.062069	0.798067	0.900000	0.352154	0.798067	0.900000	0.023250	0.785696	0.906667	0.010074
0.777317	0.880000	0.049122	0.798067	0.900000	0.352546	0.798067	0.900000	0.021878	0.783870	0.886667	0.011247
0.777317	0.880000	0.091810	0.798067	0.900000	0.383999	0.798067	0.900000	0.032651	0.770141	0.893333	0.009761
0.790781	0.893333	0.023033	0.798067	0.900000	0.356065	0.798067	0.900000	0.068076	0.783870	0.886667	0.037594
0.783870	0.886667	0.038981	0.798067	0.900000	0.351413	0.783870	0.886667	0.022375	0.798067	0.900000	0.009422
0.783870	0.886667	0.085822	0.798067	0.900000	0.428074	0.790781	0.893333	0.042373	0.798067	0.900000	0.009461
0.798067	0.900000	0.065862	0.798067	0.900000	0.406428	0.798067	0.900000	0.020529	0.798067	0.900000	0.008962
0.783870	0.886667	0.019067	0.798067	0.900000	0.350877	0.798067	0.900000	0.030683	0.766459	0.906667	0.011887
0.783870	0.886667	0.028416	0.798067	0.900000	0.383185	0.798067	0.900000	0.076600	0.783870	0.886667	0.096464
0.783870	0.886667	0.075786	0.783870	0.886667	0.347418	0.798067	0.900000	0.031397	0.791886	0.926667	0.009709
0.790781	0.893333	0.018381	0.777317	0.880000	0.372513	0.783870	0.886667	0.054948	0.749637	0.893333	0.062991
0.798067	0.900000	0.050382	0.798067	0.900000	0.370749	0.777317	0.880000	0.027602	0.798067	0.900000	0.009963
0.777317	0.880000	0.023528	0.783870	0.886667	0.396539	0.790781	0.893333	0.021534	0.798067	0.900000	0.010610
0.798067	0.900000	0.022480	0.798067	0.900000	0.391561	0.777317	0.880000	0.021948	0.766057	0.900000	0.013469
0.783870	0.886667	0.041741	0.790781	0.893333	0.437169	0.798067	0.900000	0.020365	0.789962	0.926667	0.012008
0.798067	0.900000	0.029299	0.790781	0.893333	0.357812	0.798067	0.900000	0.061655	0.766057	0.900000	0.037207
0.790781	0.893333	0.024581	0.790781	0.893333	0.379693	0.777317	0.880000	0.021914	0.798067	0.900000	0.012791
0.790781	0.893333	0.047351	0.798067	0.900000	0.360079	0.783870	0.886667	0.079430	0.798067	0.900000	0.010494
0.783870	0.886667	0.129781	0.798067	0.900000	0.364226	0.798067	0.900000	0.021353	0.766057	0.900000	0.036990
0.783870	0.886667	0.089336	0.759643	0.860000	0.371552	0.777317	0.880000	0.026601	0.785450	0.920000	0.042014
0.783870	0.886667	0.020475	0.790781	0.893333	0.356547	0.798067	0.900000	0.030919	0.785696	0.906667	0.012335
0.790781	0.893333	0.120147	0.798067	0.900000	0.348689	0.777317	0.880000	0.038533	0.774365	0.906667	0.010171
0.777317	0.880000	0.018127	0.783870	0.886667	0.360380	0.798067	0.900000	0.027469	0.798067	0.900000	0.010947
0.783870	0.886667	0.017332	0.783870	0.886667	0.380494	0.777317	0.880000	0.034551	0.783870	0.886667	0.044140
0.783870	0.886667	0.034122	0.790781	0.893333	0.374120	0.798067	0.900000	0.021693	0.798067	0.900000	0.010691
0.790781	0.893333	0.041653	0.783870	0.886667	0.362018	0.783870	0.886667	0.027250	0.795905	0.926667	0.016287
0.732316	0.820000	0.048277	0.790781	0.893333	0.364150	0.798067	0.900000	0.047708	0.766057	0.900000	0.015058
0.798067	0.900000	0.018880	0.798067	0.900000	0.358177	0.783870	0.886667	0.040605	0.710303	0.760000	0.010073
0.798067	0.900000	0.024645	0.790781	0.893333	0.357975	0.777317	0.880000	0.027494	0.790781	0.893333	0.017133
0.783870	0.886667	0.085555	0.777317	0.880000	0.357929	0.783870	0.886667	0.040320	0.766057	0.900000	0.009345
0.798067	0.900000	0.049223	0.777317	0.880000	0.361452	0.798067	0.900000	0.047839	0.798067	0.900000	0.015224
0.783870	0.886667	0.064243	0.798067	0.900000	0.386659	0.798067	0.900000	0.022801	0.749637	0.893333	0.016761
0.783870	0.886667	0.019986	0.783870	0.886667	0.355510	0.798067	0.900000	0.024708	0.798067	0.900000	0.060610
