delta = 0.100000, m = 10
0.399916	0.450649	0.890095	0.510120	0.578788	0.736503	0.538006	0.556710	0.578268
0.514248	0.547619	0.660727	0.512385	0.576623	0.577669	0.450672	0.445455	0.618877
0.547588	0.529437	0.591025	0.565316	0.601299	0.870983	0.545313	0.516450	0.554195
delta = 0.100000, m = 20
0.522180	0.470130	1.009849	0.481343	0.527706	0.763208	0.493086	0.498701	0.606405
0.536024	0.553247	0.741826	0.504893	0.463636	0.751713	0.477136	0.447619	0.656019
0.526487	0.467532	0.753607	0.504268	0.455844	0.969238	0.494837	0.502597	0.818040
delta = 0.100000, m = 30
0.498291	0.462338	1.260244	0.535727	0.507359	0.825332	0.505972	0.504762	0.622729
0.487860	0.457576	0.994029	0.441884	0.508225	1.081063	0.557285	0.546753	0.565702
0.499500	0.546320	0.924277	0.496781	0.458009	0.801910	0.483557	0.459740	0.693482
delta = 0.100000, m = 40
0.527009	0.479221	0.931843	0.495575	0.460173	1.008527	0.496662	0.451082	0.653774
0.488320	0.466234	1.245944	0.503446	0.458009	0.968841	0.504931	0.463203	0.577109
0.507352	0.457576	0.908935	0.497499	0.461039	0.981339	0.521684	0.479654	0.602054
delta = 0.100000, m = 50
0.469813	0.466667	1.062454	0.496869	0.459307	1.025557	0.527978	0.476623	0.743874
0.569890	0.657143	1.163835	0.496426	0.458874	0.847368	0.563321	0.539394	0.818099
0.582125	0.583550	1.046736	0.534390	0.494372	0.981325	0.498354	0.444589	0.874963
delta = 0.100000, m = 60
0.497327	0.458009	1.403536	0.544804	0.520779	1.052878	0.563445	0.539394	0.938503
0.505370	0.454113	1.488563	0.464826	0.463636	1.146188	0.521975	0.509524	0.736283
0.554267	0.539827	1.265567	0.505399	0.460606	1.017581	0.509810	0.459740	0.769702
delta = 0.100000, m = 70
0.488581	0.493506	1.500502	0.502932	0.457576	1.167076	0.485443	0.451515	0.913920
0.482381	0.416883	1.377250	0.533589	0.493506	0.792205	0.526329	0.476190	0.756156
0.446727	0.408225	1.334024	0.534787	0.505628	1.173997	0.494570	0.494372	0.835050
delta = 0.100000, m = 80
0.518845	0.507359	1.902475	0.546488	0.516450	1.131180	0.524226	0.477922	0.936550
0.485315	0.450216	1.814672	0.559631	0.536364	1.076847	0.486900	0.455844	0.847464
0.481504	0.454113	1.844761	0.457449	0.457143	0.982916	0.535755	0.517316	1.067712
delta = 0.100000, m = 90
0.548406	0.526407	2.190156	0.541088	0.504762	1.294025	0.555376	0.580952	1.244450
0.565062	0.535498	1.603981	0.538224	0.509524	1.089170	0.482779	0.493506	0.905823
0.468644	0.444589	1.688335	0.538099	0.505628	0.745499	0.565057	0.535931	0.835417
delta = 0.100000, m = 100
0.529769	0.483117	2.132225	0.496571	0.458009	1.054046	0.557083	0.644156	0.920932
0.581519	0.618182	2.002424	0.492615	0.489177	1.127605	0.550269	0.587446	1.354110
0.470084	0.492641	1.841882	0.533370	0.493506	1.067863	0.555386	0.521212	1.093060
delta = 0.200000, m = 10
0.464358	0.416450	0.793922	0.483796	0.457576	0.725895	0.538727	0.544156	0.635996
0.478866	0.434199	1.003129	0.493957	0.496104	0.821610	0.487004	0.453680	0.689403
0.467056	0.450216	0.716124	0.526987	0.594372	0.798250	0.516952	0.440260	0.706974
delta = 0.200000, m = 20
0.546734	0.538095	0.814698	0.456425	0.437229	0.612198	0.466919	0.517749	0.626935
0.526067	0.593939	0.949640	0.425472	0.444156	0.846231	0.467017	0.442857	0.619424
0.548558	0.535065	0.792458	0.575842	0.651515	0.736649	0.454291	0.441558	0.827935
delta = 0.200000, m = 30
0.555025	0.563636	0.863377	0.574256	0.648918	0.838193	0.479338	0.485714	0.681780
0.482081	0.527706	0.964331	0.491083	0.489610	0.866128	0.599207	0.679221	0.564144
0.565226	0.546320	0.692920	0.539954	0.560606	0.970107	0.553292	0.539394	0.699508
delta = 0.200000, m = 40
0.552133	0.543290	1.058647	0.552883	0.571429	0.832061	0.550971	0.592641	0.895715
0.573149	0.651948	1.127941	0.548235	0.569697	0.964126	0.533483	0.583983	0.681110
0.461315	0.474459	0.813560	0.555673	0.589177	0.911297	0.471637	0.523810	0.628866
delta = 0.200000, m = 50
0.473459	0.477922	1.101080	0.587927	0.612987	1.215925	0.484829	0.489177	0.861496
0.538873	0.569264	1.081947	0.535128	0.504762	0.782512	0.566816	0.548918	0.764717
0.475865	0.481385	1.331729	0.569095	0.646320	0.884524	0.471984	0.478788	0.863411
delta = 0.200000, m = 60
0.505956	0.498701	1.813951	0.559611	0.593939	0.863823	0.568841	0.551948	0.820029
0.597591	0.669697	1.368651	0.534780	0.504329	1.127770	0.488477	0.494372	0.771061
0.579934	0.604329	1.581139	0.501747	0.498268	0.971414	0.586048	0.608225	0.625256
delta = 0.200000, m = 70
0.563654	0.546320	1.395441	0.507753	0.514719	1.194147	0.492124	0.541991	0.774658
0.455020	0.448918	1.275769	0.484312	0.519048	1.381167	0.548885	0.583550	0.856485
0.593978	0.614286	1.762859	0.535695	0.504762	1.020248	0.470257	0.464502	0.704311
delta = 0.200000, m = 80
0.482032	0.550649	1.426247	0.531259	0.504762	1.139499	0.569505	0.549351	0.831003
0.561582	0.592208	1.674984	0.564949	0.554545	1.004451	0.601227	0.679654	0.946747
0.577362	0.651082	1.790610	0.552397	0.596537	0.790764	0.554411	0.595238	0.937141
delta = 0.200000, m = 90
0.542933	0.518615	1.766445	0.495445	0.497403	1.107803	0.483470	0.553247	0.867708
0.548976	0.583117	1.807518	0.497654	0.492208	0.977741	0.565354	0.546753	0.995545
0.508267	0.499134	1.625540	0.510464	0.452814	1.357307	0.476674	0.467532	0.779771
delta = 0.200000, m = 100
0.462447	0.451948	2.452664	0.533047	0.503896	1.203236	0.541107	0.510823	0.862593
0.544102	0.521645	2.106077	0.506343	0.466234	1.036849	0.573091	0.550649	1.002883
0.547593	0.577056	2.649136	0.467545	0.444589	1.181747	0.530952	0.599567	0.748391
delta = 0.300000, m = 10
0.588008	0.572294	0.653320	0.532046	0.570996	0.711379	0.553074	0.649351	0.580431
0.585628	0.553680	0.756867	0.445399	0.406494	0.682302	0.487037	0.428139	0.688481
0.511178	0.578355	0.584848	0.564372	0.577922	0.821761	0.581995	0.555844	0.771182
delta = 0.300000, m = 20
0.551211	0.571861	1.281209	0.617039	0.686147	0.628159	0.575925	0.552381	0.779471
0.575029	0.551515	0.740650	0.618793	0.681385	0.739308	0.499436	0.486580	0.642542
0.577355	0.554978	0.661992	0.572396	0.583550	0.689737	0.584574	0.606926	0.644971
delta = 0.300000, m = 30
0.572722	0.550216	1.182057	0.572026	0.576190	0.723320	0.509521	0.479654	0.591239
0.482393	0.485714	0.875009	0.576767	0.687879	1.088085	0.524718	0.503896	0.736190
0.593515	0.612121	1.438862	0.495198	0.485714	0.823750	0.478803	0.465368	0.609796
delta = 0.300000, m = 40
0.582567	0.556710	0.844298	0.521448	0.569264	0.787146	0.597025	0.615584	0.798631
0.597097	0.616017	1.262298	0.476856	0.500000	1.010569	0.577284	0.657143	0.778393
0.589315	0.608658	1.019914	0.492702	0.489610	1.121117	0.585186	0.644589	0.953332
delta = 0.300000, m = 50
0.548939	0.632468	1.194493	0.480679	0.462771	0.858856	0.564321	0.575758	0.728508
0.560341	0.596104	1.418204	0.527434	0.499567	0.875991	0.585571	0.650216	0.793130
0.555898	0.579654	1.167676	0.522295	0.500433	1.141249	0.582751	0.651082	0.794067
delta = 0.300000, m = 60
0.475554	0.461905	1.267598	0.525630	0.499134	1.204141	0.584786	0.647619	0.840719
0.612373	0.680952	0.958352	0.486260	0.489610	1.238460	0.591981	0.611688	0.872049
0.563657	0.566667	1.354770	0.499550	0.499567	1.029725	0.563859	0.580952	0.847181
delta = 0.300000, m = 70
0.577816	0.639827	1.952567	0.526850	0.502597	1.207692	0.595511	0.657576	0.666676
0.570217	0.576623	1.848671	0.575607	0.529437	1.177604	0.575060	0.643290	1.417096
0.589580	0.607359	1.792786	0.570245	0.553680	1.005931	0.597557	0.653680	0.820214
delta = 0.300000, m = 80
0.570604	0.595671	2.703210	0.501014	0.493939	1.254891	0.553642	0.597403	0.884313
0.605411	0.677056	1.787319	0.500004	0.496970	1.022993	0.559289	0.601732	0.927056
0.615240	0.678355	1.394319	0.510867	0.471429	0.930411	0.589531	0.555411	0.931123
delta = 0.300000, m = 90
0.624319	0.675758	1.681743	0.466663	0.435931	1.282840	0.564309	0.577922	0.710930
0.629048	0.691342	1.632514	0.506755	0.464935	1.208804	0.619726	0.635498	0.924862
0.592769	0.611255	1.966463	0.498600	0.494805	0.979807	0.562866	0.480952	0.824989
delta = 0.300000, m = 100
0.583577	0.649351	2.012395	0.498148	0.496970	1.445471	0.558675	0.644156	1.125896
0.528332	0.502597	2.272866	0.469935	0.451948	1.100654	0.513535	0.500866	1.098011
0.579367	0.613420	2.322346	0.534316	0.504762	1.608712	0.566733	0.578355	1.049220
delta = 0.400000, m = 10
0.551453	0.520346	0.668663	0.593084	0.553680	0.808725	0.553403	0.594805	0.732706
0.508543	0.573160	0.686797	0.596597	0.570563	0.776103	0.561293	0.551515	0.794044
0.596982	0.566667	0.586205	0.542134	0.580519	0.683068	0.545989	0.579654	0.631095
delta = 0.400000, m = 20
0.548740	0.547619	0.694063	0.544735	0.639827	0.670231	0.544446	0.551948	0.670229
0.561669	0.528139	0.693706	0.521834	0.498701	0.727242	0.573432	0.582251	0.582015
0.546279	0.583550	1.130683	0.537438	0.547186	0.603332	0.615746	0.662338	0.691360
delta = 0.400000, m = 30
0.550683	0.570996	0.885093	0.495454	0.453680	0.913315	0.597336	0.613853	0.665799
0.581716	0.583983	0.855139	0.535617	0.527273	0.700977	0.636962	0.654978	0.792788
0.478759	0.484416	0.889590	0.504630	0.490909	0.750063	0.620151	0.657576	0.758346
delta = 0.400000, m = 40
0.579127	0.641991	0.874913	0.499558	0.499567	1.057785	0.627392	0.682684	0.758589
0.587137	0.555844	0.992200	0.524414	0.497403	0.862167	0.590618	0.582684	0.701620
0.580946	0.582251	0.780070	0.527153	0.500000	0.889716	0.607914	0.642857	0.802966
delta = 0.400000, m = 50
0.615897	0.670563	1.035437	0.524566	0.499567	1.068559	0.607846	0.655411	0.782028
0.535871	0.514719	0.867501	0.534253	0.502597	1.062510	0.642268	0.668398	0.781656
0.574164	0.580952	1.228092	0.495721	0.504329	0.878333	0.624347	0.683983	0.728042
delta = 0.400000, m = 60
0.584835	0.626407	1.175858	0.527209	0.500866	1.065394	0.481926	0.445022	0.819830
0.485331	0.423810	1.301867	0.524540	0.496537	0.952345	0.598733	0.553247	0.866276
0.581225	0.582684	1.433065	0.492180	0.492208	1.000501	0.550622	0.549784	0.843591
delta = 0.400000, m = 70
0.606588	0.664502	1.168104	0.530752	0.503030	1.049500	0.582192	0.583983	0.856838
0.556582	0.564502	1.151399	0.496289	0.489177	1.334007	0.629430	0.686580	0.860348
0.521241	0.504762	1.825926	0.503396	0.521212	1.131854	0.573914	0.591775	1.027907
delta = 0.400000, m = 80
0.613827	0.612554	1.949715	0.508438	0.474892	1.333906	0.577823	0.608658	0.781930
0.645024	0.661905	2.172981	0.520243	0.531602	1.334644	0.572011	0.610823	1.002803
0.597109	0.658874	1.818523	0.506320	0.460173	1.038248	0.564646	0.595238	0.868514
delta = 0.400000, m = 90
0.508544	0.470996	2.306178	0.529288	0.501299	1.113272	0.630810	0.686147	1.013163
0.506077	0.512987	1.755851	0.526888	0.503463	1.376794	0.607636	0.619048	1.138083
0.585109	0.630303	1.442346	0.500531	0.505195	1.228473	0.579832	0.575758	1.029517
delta = 0.400000, m = 100
0.525103	0.499134	2.359585	0.501477	0.510390	1.241254	0.557884	0.548052	1.220809
0.569384	0.602597	2.348131	0.496286	0.504762	1.101889	0.500131	0.504329	1.234209
0.597949	0.652381	2.829489	0.525239	0.503030	1.004669	0.573679	0.598701	0.945156
delta = 0.500000, m = 10
0.588973	0.559740	0.685539	0.579111	0.573160	0.728772	0.599611	0.561472	0.648086
0.558987	0.606061	0.849355	0.626782	0.640693	0.766656	0.547333	0.571861	0.665942
0.453599	0.504762	0.912127	0.611713	0.670130	0.783625	0.580292	0.573593	0.588255
delta = 0.500000, m = 20
0.631998	0.657143	0.685149	0.524012	0.498268	0.856613	0.587464	0.578788	0.652815
0.584493	0.577056	0.645245	0.503737	0.461905	0.638455	0.595781	0.635931	0.725925
