delta = 0.400000, m = 10
0.592892	0.582251	0.751512	0.613364	0.619913	0.640042	0.619022	0.620779	0.683067
0.461903	0.486147	0.831652	0.574666	0.548485	0.608968	0.535506	0.501732	0.665444
0.558885	0.551948	0.855495	0.596849	0.672727	0.651365	0.612827	0.682684	0.580491
0.593160	0.560606	0.723122	0.517359	0.605195	0.508644	0.597010	0.603463	0.791768
0.570867	0.551948	0.820798	0.614629	0.688745	0.774715	0.563041	0.561472	0.607085
0.527293	0.533766	0.676078	0.549564	0.563636	0.833523	0.515744	0.551515	0.564970
0.614721	0.677922	0.609678	0.611770	0.618615	0.616602	0.528023	0.603030	0.606793
0.548566	0.550216	0.656401	0.584690	0.545887	0.745092	0.560317	0.612554	0.599147
0.591115	0.562338	0.651548	0.609724	0.618615	0.703366	0.590469	0.594372	0.631743
0.465162	0.432468	0.687072	0.593589	0.561905	0.710468	0.576156	0.564502	0.638344
0.546206	0.625974	0.725456	0.607918	0.618182	0.729166	0.582269	0.583983	0.617918
0.572796	0.560173	0.668781	0.613542	0.621212	0.937067	0.493436	0.460606	0.709657
0.615992	0.572727	0.611890	0.576346	0.551082	0.737735	0.561433	0.556710	0.694671
0.593643	0.646753	0.633716	0.591411	0.522944	0.751085	0.496041	0.511688	0.650888
0.514897	0.470130	0.560080	0.611522	0.618615	0.894958	0.445713	0.435931	0.624779
0.462317	0.451948	0.505112	0.572211	0.605195	0.670470	0.602770	0.561905	0.567080
0.482329	0.477489	0.700102	0.562421	0.573593	0.722018	0.538082	0.573160	0.666533
0.604895	0.569264	0.803470	0.569326	0.609091	0.989779	0.591810	0.654113	0.595583
0.584888	0.587879	0.749092	0.613146	0.619913	0.737665	0.582074	0.653680	0.619929
0.620628	0.622511	0.738374	0.621503	0.622511	0.696696	0.617341	0.621212	0.709362
0.584954	0.603463	0.619473	0.613267	0.621212	0.848926	0.565078	0.631602	0.538023
0.551692	0.565368	0.715437	0.619237	0.622511	0.871301	0.516525	0.532035	0.563524
0.590962	0.551082	0.676586	0.608161	0.619481	0.745291	0.536182	0.484416	0.625417
0.594215	0.568831	0.650494	0.599978	0.530736	0.774326	0.599724	0.671429	0.636614
0.581759	0.541991	0.726081	0.642879	0.559307	0.580135	0.602547	0.568398	0.669485
0.598820	0.564069	0.721809	0.593099	0.562338	0.687112	0.605737	0.566667	0.593833
0.568995	0.557576	0.668730	0.578726	0.556277	0.828612	0.498512	0.490476	0.589757
0.568538	0.556277	0.721977	0.603295	0.616017	0.797509	0.587558	0.558874	0.647442
0.558828	0.610823	0.632409	0.612803	0.619481	0.539137	0.621644	0.621212	0.664261
0.582656	0.545887	0.623093	0.433530	0.387879	0.840160	0.581726	0.617749	0.595346
0.544585	0.569697	0.653264	0.613539	0.619048	0.685310	0.586863	0.571429	0.644581
0.613269	0.682684	0.799579	0.507931	0.495238	0.837473	0.607316	0.670996	0.842373
0.597912	0.567100	0.560966	0.583120	0.554113	0.666135	0.596002	0.566234	0.712117
0.529445	0.533766	0.697840	0.616019	0.623377	0.775827	0.528824	0.564935	0.584442
0.532827	0.613420	0.648126	0.587654	0.559740	0.658035	0.495532	0.529870	0.625338
0.564058	0.548918	0.557943	0.574877	0.571429	0.727613	0.568689	0.555844	0.752940
0.605983	0.616883	0.713362	0.481424	0.473160	0.849872	0.594413	0.564935	0.624730
0.604877	0.564502	0.899773	0.622053	0.607792	0.616593	0.595135	0.570563	0.588109
0.459933	0.430303	0.654176	0.506771	0.484416	0.729662	0.622105	0.620779	0.825906
0.590441	0.558442	0.674615	0.618806	0.620346	0.848950	0.597497	0.573593	0.544732
0.597211	0.564502	0.666429	0.602268	0.618182	0.621474	0.574307	0.616017	0.600796
0.624998	0.625108	0.843836	0.575944	0.562771	0.748589	0.591802	0.570996	0.584201
0.582869	0.569264	0.675099	0.600453	0.662338	0.620720	0.510348	0.503896	0.738682
0.591168	0.607792	0.674242	0.565794	0.521212	0.774455	0.616650	0.587879	0.591366
0.577153	0.652381	0.839686	0.618778	0.624242	0.655188	0.561295	0.546753	0.724213
0.523669	0.577056	0.665733	0.464934	0.468398	0.935275	0.566391	0.529004	0.627783
0.501157	0.531169	0.715272	0.617266	0.622078	0.808200	0.598392	0.622078	0.609433
0.601643	0.589610	0.735030	0.615326	0.621645	0.775724	0.593137	0.564935	0.641820
0.577717	0.555411	0.798183	0.610573	0.619048	0.661232	0.535031	0.528571	0.554249
0.629719	0.626407	0.832814	0.548103	0.561905	0.681475	0.585663	0.558009	0.641372
delta = 0.400000, m = 15
0.585795	0.554113	0.750577	0.610034	0.621645	0.943826	0.594359	0.558442	0.599924
0.531919	0.566667	0.668841	0.559377	0.534199	0.765437	0.596835	0.558009	0.692361
0.603272	0.611255	0.609806	0.611283	0.620346	0.821086	0.484960	0.503463	0.599197
0.606461	0.616883	0.811723	0.609945	0.619048	0.703965	0.591116	0.559740	0.557020
0.540652	0.577056	0.766399	0.530140	0.507792	0.680246	0.589372	0.657576	0.665121
0.541537	0.580087	1.047269	0.539412	0.604762	0.684731	0.610086	0.619048	0.682537
0.472306	0.451515	0.854103	0.604879	0.664069	0.762394	0.577572	0.654545	0.586418
0.584224	0.566667	0.923673	0.612195	0.622078	0.750557	0.613180	0.617749	0.661229
0.582679	0.579654	0.705907	0.519375	0.521212	0.633047	0.606722	0.617749	0.666788
0.509949	0.555411	0.602382	0.536236	0.490043	0.815076	0.558135	0.593939	0.610562
0.610238	0.618182	0.833401	0.603519	0.616450	0.824059	0.581333	0.622944	0.571519
0.587702	0.666234	0.820061	0.536259	0.490043	0.684910	0.562628	0.555844	0.728679
0.599449	0.563203	0.771394	0.611720	0.619913	0.612282	0.479049	0.432468	0.658992
0.585444	0.561472	0.749052	0.620806	0.622944	0.709926	0.573875	0.641991	0.674664
0.573341	0.644156	0.721443	0.612208	0.621645	0.842090	0.541671	0.550216	0.525758
0.589893	0.561039	0.627849	0.534432	0.505195	0.642497	0.486866	0.467965	0.584990
0.536867	0.600866	0.800201	0.610544	0.619913	0.759483	0.607042	0.617749	0.738868
0.602408	0.563203	0.701571	0.612860	0.621212	0.602228	0.587705	0.556277	0.601965
0.606747	0.618615	0.811674	0.608486	0.622078	0.976309	0.609942	0.619048	0.693852
0.580313	0.553247	0.771086	0.539181	0.604762	0.764848	0.536698	0.593506	0.588690
0.618819	0.623377	0.638669	0.523217	0.532468	0.738685	0.597316	0.612121	0.699855
0.589965	0.649784	0.770103	0.539920	0.602597	0.602286	0.562591	0.600866	0.585804
0.585996	0.560173	0.927467	0.610826	0.619913	0.720509	0.622865	0.624242	0.756903
0.591007	0.558009	0.644821	0.542852	0.511688	0.736237	0.568479	0.612121	0.567384
0.602797	0.564935	0.795848	0.566154	0.541126	0.761978	0.536131	0.596970	0.682736
0.467706	0.426407	0.825706	0.608433	0.620346	0.746283	0.611786	0.620346	0.571560
0.597343	0.561472	0.785126	0.551070	0.566667	0.694585	0.466938	0.426840	0.625842
0.588050	0.558874	0.705017	0.558671	0.632468	0.665289	0.465238	0.468831	0.599632
0.541630	0.599567	0.858868	0.611457	0.621212	0.699855	0.643346	0.654113	0.628119
0.591994	0.561039	0.663644	0.616040	0.622078	0.675719	0.536978	0.522511	0.912666
0.630835	0.647186	0.791561	0.609831	0.620346	0.685495	0.610073	0.618615	0.700648
0.563046	0.638961	0.627963	0.617936	0.530736	0.692405	0.599124	0.562771	0.581533
0.599565	0.664502	0.959402	0.591237	0.609524	0.638750	0.611401	0.674459	0.598750
0.566221	0.638095	0.815435	0.611161	0.622078	0.959536	0.532300	0.573160	0.654011
0.579882	0.551948	0.650080	0.610244	0.620779	0.665924	0.592668	0.560173	0.706245
0.608445	0.618182	0.877005	0.543618	0.625974	0.746530	0.537184	0.588312	0.704401
0.609225	0.620779	0.789983	0.620173	0.670996	0.582242	0.608636	0.617749	0.650749
0.598177	0.613420	0.934671	0.548088	0.611255	0.670036	0.584731	0.553680	0.541380
0.604363	0.616883	0.677093	0.609386	0.619913	0.825139	0.585760	0.553247	0.642268
0.589874	0.551948	0.751976	0.615048	0.621212	0.609945	0.584063	0.654545	0.684646
0.607687	0.617316	0.630011	0.577432	0.579654	0.733907	0.596860	0.561472	0.571925
0.414917	0.427273	0.630810	0.608342	0.617749	0.950367	0.600432	0.560606	0.695731
0.584195	0.563203	0.765835	0.609310	0.618615	0.751507	0.585291	0.566234	0.722110
0.561587	0.562771	0.590468	0.608281	0.619048	0.603730	0.581619	0.578355	0.697319
0.580334	0.582251	0.814893	0.611316	0.619913	0.694390	0.520647	0.493939	0.584104
0.573100	0.585714	0.684621	0.607715	0.558874	0.733925	0.583823	0.601299	0.598654
0.611843	0.617749	0.729955	0.509590	0.530736	0.665089	0.594416	0.563636	0.679872
0.589539	0.558009	0.766174	0.575566	0.644589	0.854019	0.532138	0.550649	0.610468
0.592768	0.559740	0.800515	0.606022	0.616450	0.813945	0.563452	0.631169	0.614153
0.588163	0.558874	0.607250	0.609639	0.620346	0.684473	0.555282	0.498268	0.601378
delta = 0.400000, m = 20
0.509181	0.442857	0.789931	0.604291	0.618615	0.795883	0.559538	0.570996	0.604125
0.609814	0.618615	0.867483	0.549573	0.590476	0.976569	0.591985	0.559307	0.650509
0.609221	0.618615	0.892943	0.611930	0.622078	0.946516	0.601023	0.615584	0.729063
0.554157	0.589610	0.671341	0.542307	0.551515	0.803748	0.536904	0.603030	0.782610
0.610959	0.622078	0.906170	0.528269	0.488745	0.703326	0.604126	0.618615	0.810474
0.607443	0.618182	0.775133	0.502849	0.512121	0.655212	0.611582	0.619048	0.808888
0.610909	0.619481	0.966727	0.512869	0.527273	0.659046	0.608254	0.619481	0.679309
0.582981	0.651948	0.798513	0.536106	0.490476	0.744197	0.594405	0.659740	0.631565
0.592881	0.658442	0.907347	0.616010	0.623810	0.774812	0.597650	0.613420	0.598180
0.575087	0.642424	0.749193	0.530315	0.519913	0.656308	0.567415	0.577056	0.710806
0.580192	0.638528	0.636820	0.506666	0.522511	0.817100	0.600741	0.564069	0.579644
0.602518	0.616017	0.840199	0.611595	0.621212	0.678811	0.608852	0.619048	0.754425
0.579521	0.581385	0.652008	0.486699	0.505628	0.759857	0.551854	0.594372	0.617112
0.609160	0.618615	0.740326	0.489043	0.477489	0.743678	0.599901	0.650649	0.714262
0.616231	0.664935	0.843036	0.605487	0.618615	0.821103	0.608597	0.620779	0.611408
0.602746	0.616017	0.640977	0.610502	0.621212	0.650719	0.607671	0.620346	0.882253
0.592463	0.610390	0.682536	0.610639	0.620346	0.644783	0.599693	0.656277	0.661488
0.620496	0.654545	0.916680	0.528547	0.506061	0.657186	0.565953	0.560606	0.584504
0.609159	0.618615	0.814669	0.482787	0.503030	0.713631	0.612091	0.619481	0.621567
0.581014	0.578355	0.799753	0.534307	0.491342	0.812179	0.601439	0.612121	0.644218
0.608421	0.618615	0.714613	0.525287	0.510823	0.730985	0.575970	0.642857	0.808632
0.579246	0.574892	1.128102	0.610005	0.621212	0.789242	0.610268	0.618615	0.779070
0.610638	0.618615	0.957526	0.535869	0.491342	0.833095	0.601309	0.615152	0.591950
0.608826	0.619048	0.810144	0.536494	0.490043	0.750669	0.607478	0.619048	0.594247
0.597965	0.649784	0.672325	0.612479	0.622078	0.895964	0.512194	0.527273	0.674575
0.610310	0.618615	0.840655	0.513035	0.431169	0.728496	0.584946	0.564069	0.639021
0.530679	0.572294	0.727846	0.591103	0.619481	0.715621	0.596936	0.653247	0.683974
0.549624	0.609524	0.788892	0.522733	0.514719	0.725553	0.597764	0.650216	0.588467
0.599702	0.658009	0.733897	0.609495	0.620346	0.678225	0.592656	0.560606	0.859808
0.619751	0.680087	0.700954	0.605918	0.620346	0.758206	0.607655	0.619481	0.650608
0.561072	0.618182	0.839104	0.512035	0.438528	0.784932	0.568002	0.572727	0.582724
0.609676	0.618182	0.989252	0.528550	0.504329	0.658778	0.608931	0.618615	0.614980
0.466301	0.430303	0.859674	0.486443	0.474026	0.574504	0.601939	0.616450	0.591586
0.573067	0.641991	0.754102	0.536706	0.491342	0.669347	0.577928	0.614286	0.550564
0.570717	0.637662	0.845169	0.612247	0.619913	0.759549	0.582081	0.647186	0.635510
0.596011	0.647186	0.666923	0.615630	0.622944	0.723550	0.574831	0.574026	0.674835
0.610943	0.619913	0.684469	0.615885	0.623810	0.677112	0.583054	0.594805	0.646301
0.579833	0.577056	0.602673	0.536190	0.490043	0.920186	0.608621	0.617749	0.625590
0.506134	0.554545	0.793895	0.605072	0.617749	0.724346	0.609173	0.618182	0.569384
0.560935	0.546320	0.668325	0.610011	0.622078	0.859451	0.469080	0.490909	0.613951
0.591977	0.611688	0.667828	0.513227	0.512554	0.698028	0.550819	0.518615	0.670627
0.609033	0.618182	0.988626	0.529186	0.554978	0.664649	0.588739	0.659307	0.616411
0.610517	0.619913	0.656843	0.612507	0.622511	0.752311	0.597866	0.612554	0.764809
0.609232	0.621212	0.623493	0.616465	0.623810	0.619067	0.587487	0.648052	0.785425
0.611536	0.618182	0.813501	0.536591	0.491342	0.866472	0.600704	0.614719	0.567993
0.608130	0.618182	0.779623	0.613277	0.622944	0.899499	0.610336	0.618615	0.538489
0.608933	0.618615	0.770766	0.508595	0.493939	0.869795	0.475050	0.465368	0.608763
0.604943	0.653680	0.845982	0.527031	0.529870	0.767518	0.594667	0.662771	0.642068
0.599827	0.611688	0.729212	0.609136	0.620779	0.609772	0.542028	0.569697	0.711861
0.606747	0.673593	0.770989	0.520250	0.512554	0.884843	0.599155	0.614719	0.604228
delta = 0.400000, m = 25
0.611640	0.676190	0.785347	0.529427	0.506494	0.969236	0.609187	0.618615	0.551834
0.608550	0.618182	0.731678	0.524214	0.508658	0.789758	0.601605	0.654113	0.778977
0.584351	0.572727	0.751810	0.605847	0.619048	0.846797	0.599875	0.615152	0.600811
0.610136	0.618182	0.744396	0.536818	0.491342	0.638324	0.570063	0.580087	0.628141
0.582106	0.585281	0.851286	0.524753	0.508225	0.804937	0.556701	0.558009	0.585209
0.603794	0.664935	0.686686	0.512821	0.438961	0.984579	0.587377	0.557576	0.614658
0.603364	0.664935	1.001858	0.526377	0.507792	0.779777	0.543788	0.614719	0.651957
0.599048	0.614719	0.878240	0.473422	0.464502	0.840542	0.605935	0.618182	0.766879
0.608826	0.619048	1.051584	0.606287	0.619048	0.787487	0.596000	0.613420	0.602464
0.610697	0.620346	0.846172	0.523052	0.510390	0.682028	0.552394	0.605628	0.758321
0.609221	0.618615	0.722674	0.615512	0.623810	0.877006	0.608696	0.618182	0.730981
0.611279	0.619481	0.865504	0.529589	0.563636	0.749072	0.613152	0.671429	0.728008
0.595065	0.610823	0.914482	0.528547	0.506061	0.705087	0.608103	0.618182	0.624495
0.612693	0.621212	0.738131	0.501883	0.491775	0.730312	0.522894	0.511255	0.529612
0.617929	0.677056	1.053409	0.528753	0.503463	0.779409	0.583256	0.595238	0.637678
0.558248	0.619481	0.744697	0.487510	0.506061	0.646129	0.602143	0.616450	0.833275
0.596708	0.610390	0.781698	0.527919	0.494805	0.832478	0.555139	0.530303	0.564830
0.593219	0.643290	1.005768	0.524830	0.508658	0.732083	0.631158	0.690909	0.684341
0.609152	0.619481	0.653071	0.520751	0.514719	0.939326	0.592214	0.611255	0.662600
0.569412	0.574892	0.831902	0.613648	0.622511	0.855898	0.584520	0.582251	0.766637
0.602387	0.671429	0.690992	0.472654	0.507792	0.632443	0.611619	0.622511	0.674876
0.540813	0.595671	0.969908	0.520434	0.510390	0.802554	0.597249	0.664069	0.740133
0.563100	0.598701	0.809350	0.527552	0.509091	0.687787	0.609221	0.618615	0.596703
0.610309	0.619481	0.873922	0.535822	0.490043	0.878302	0.583832	0.580952	0.589760
0.607115	0.618615	0.986662	0.523399	0.516450	0.612438	0.559122	0.604329	0.727377
0.581469	0.580952	0.681139	0.528401	0.507359	0.843164	0.632128	0.682251	0.596061
0.608995	0.618182	0.941294	0.538586	0.493506	0.830480	0.597379	0.563203	0.634176
0.608953	0.618615	0.821611	0.586739	0.588312	0.796727	0.607014	0.617749	0.778248
0.541286	0.565368	0.778209	0.526576	0.507792	0.910989	0.576632	0.572727	0.594154
0.601199	0.616017	0.720303	0.526323	0.504329	0.860140	0.594512	0.654545	0.644941
0.581003	0.576623	0.845621	0.523628	0.509524	0.944900	0.580711	0.638095	0.659673
0.609043	0.618615	1.067113	0.472270	0.498701	0.758543	0.591219	0.610823	0.757720
0.587023	0.629004	0.680614	0.535923	0.491342	0.690805	0.599859	0.613420	0.556251
0.609159	0.618615	0.771450	0.528547	0.506061	0.892324	0.607791	0.618182	0.784154
0.599745	0.613420	0.906753	0.515883	0.459740	0.730250	0.568699	0.650216	0.662205
0.582887	0.644156	0.894304	0.539913	0.496104	0.780437	0.573994	0.583117	0.704089
0.584148	0.583983	0.799728	0.519900	0.512987	0.802674	0.587704	0.663203	0.772637
0.579427	0.561472	0.813242	0.537046	0.494372	0.783835	0.556138	0.608658	0.643563
0.607154	0.671861	0.805131	0.537973	0.492208	0.675508	0.581190	0.574026	0.606729
0.600065	0.612554	1.008004	0.506945	0.501299	0.779952	0.579158	0.575325	0.609592
0.590078	0.647186	0.962236	0.477150	0.496970	0.696903	0.571004	0.583117	0.674229
0.580017	0.583983	0.841100	0.523630	0.512987	0.682023	0.604966	0.669697	0.608038
0.601657	0.626840	0.673292	0.472843	0.497403	0.713091	0.609629	0.618615	0.640867
0.586292	0.655844	0.681341	0.525113	0.510390	0.807734	0.563788	0.637229	0.590363
0.599069	0.648052	0.868694	0.484302	0.487879	0.731834	0.601195	0.652814	0.539264
0.575539	0.576623	1.029400	0.599400	0.614286	0.844822	0.563704	0.635931	0.618424
0.602825	0.615584	0.844289	0.538187	0.609091	0.712009	0.581019	0.612554	0.644492
0.608209	0.618615	0.980316	0.521748	0.509091	0.842526	0.541272	0.535498	0.630839
0.556893	0.617316	0.748158	0.521497	0.515152	0.856383	0.602364	0.652381	0.585574
0.579751	0.557576	0.773091	0.535027	0.492208	0.957942	0.599307	0.613420	0.780700
delta = 0.400000, m = 30
0.609087	0.619481	0.817708	0.498264	0.490043	0.829258	0.609339	0.619913	0.673662
0.549663	0.532468	1.035252	0.517775	0.461905	0.860246	0.607553	0.619481	0.735414
0.550839	0.539827	0.838541	0.527294	0.508658	0.810125	0.506713	0.479221	0.624110
0.543034	0.578788	0.872136	0.523111	0.511688	0.818745	0.605869	0.618615	0.573526
0.598879	0.614719	1.037884	0.528853	0.501732	0.737076	0.609033	0.618182	0.630800
0.570603	0.631602	0.845968	0.481503	0.497835	0.746996	0.476397	0.496537	0.725665
0.578664	0.543290	0.783231	0.529064	0.503463	0.804486	0.599705	0.664935	0.691097
0.519192	0.508225	1.059654	0.592227	0.611688	0.778235	0.593645	0.648485	0.700196
0.560626	0.593506	0.841165	0.526759	0.506926	0.807156	0.595157	0.657143	0.639946
0.555530	0.600000	0.745016	0.502030	0.492208	0.828776	0.605330	0.617316	0.798902
0.571928	0.610823	0.771352	0.508517	0.456710	0.879317	0.609834	0.619481	0.635475
0.576750	0.644156	0.759697	0.471145	0.504762	0.677228	0.598568	0.612987	0.628133
0.620524	0.638961	0.916208	0.534571	0.493939	1.000346	0.609221	0.618615	0.698144
0.608731	0.619481	0.862392	0.505727	0.507359	0.759208	0.565850	0.617749	0.577796
0.476741	0.488745	0.996583	0.607999	0.619913	0.710467	0.587251	0.652381	0.570050
0.563206	0.556277	0.760946	0.529245	0.501299	1.085032	0.608931	0.618615	0.601175
0.561885	0.609524	0.895057	0.609971	0.619913	0.867025	0.608258	0.618182	0.649533
0.610144	0.618615	0.880294	0.517924	0.525974	0.768785	0.517979	0.566667	0.598548
0.608121	0.616883	0.964022	0.524575	0.509091	1.144290	0.599142	0.548485	0.621792
0.510069	0.519481	1.100126	0.474320	0.498268	0.727843	0.608769	0.618615	0.699055
0.610318	0.619048	1.176724	0.529685	0.505195	0.840296	0.574584	0.637662	0.634047
0.612087	0.619913	0.845283	0.529320	0.499134	0.660981	0.603803	0.657143	0.732809
0.573896	0.603896	1.112390	0.530522	0.505628	0.844251	0.597935	0.655844	0.616694
0.578260	0.639394	0.912764	0.524891	0.508658	0.834262	0.613972	0.671429	0.605910
0.602579	0.615152	0.879255	0.521806	0.498268	0.810246	0.485401	0.461905	0.741842
0.483284	0.476190	0.893475	0.519478	0.477489	0.801258	0.610753	0.619481	0.885864
0.601465	0.616017	0.878746	0.493618	0.496537	0.647768	0.580364	0.581385	0.618015
0.589931	0.649784	1.020850	0.488262	0.505195	1.007015	0.597979	0.649784	0.770855
0.581030	0.590476	0.852085	0.512153	0.450216	0.830790	0.599767	0.650649	0.711077
0.609187	0.618615	0.903493	0.528436	0.505195	0.831030	0.577622	0.643290	0.576689
0.558147	0.610390	0.848869	0.505002	0.501299	0.785643	0.602577	0.616883	0.587066
0.583995	0.575325	0.905827	0.539664	0.495238	0.910557	0.609780	0.620346	0.690960
0.581274	0.579221	0.902521	0.534556	0.490909	1.059620	0.610679	0.620346	0.558357
0.575215	0.653247	0.868325	0.484478	0.509524	0.775466	0.534064	0.491342	0.657510
0.542646	0.580519	0.790941	0.528392	0.504762	0.942390	0.594629	0.652381	0.623212
0.601490	0.665368	0.889795	0.524621	0.528571	0.934783	0.608772	0.618182	0.632429
0.591932	0.651515	0.814946	0.528547	0.506061	0.892844	0.590976	0.648918	0.543062
0.570048	0.572294	0.955196	0.501623	0.500000	0.788018	0.601004	0.657143	0.714394
0.468785	0.475758	0.865119	0.526023	0.509091	0.689983	0.558583	0.603030	0.651835
0.534667	0.600000	0.929349	0.529587	0.507359	0.688527	0.599657	0.664502	0.573793
0.572507	0.619913	0.899883	0.529084	0.501299	0.955448	0.607198	0.619481	0.648048
0.608676	0.617749	0.815528	0.529449	0.506061	0.825786	0.529382	0.505628	0.630055
0.535869	0.493506	1.055676	0.498379	0.494372	0.872108	0.608705	0.618615	0.645588
0.634235	0.646753	1.023238	0.534093	0.490043	0.960762	0.584265	0.584416	0.581810
0.607944	0.618182	0.700896	0.479438	0.500433	0.744395	0.546669	0.588745	0.669782
0.579489	0.633333	0.961574	0.529740	0.502165	0.766914	0.581531	0.648918	0.783688
0.528490	0.508225	0.907959	0.523709	0.510390	0.747134	0.608655	0.618615	0.643875
0.552640	0.630303	1.247351	0.527617	0.488312	0.840359	0.544639	0.595238	0.619038
0.607638	0.618615	0.801393	0.545122	0.549351	0.793850	0.526363	0.510390	0.688543
0.608808	0.618615	1.327559	0.527431	0.505195	0.691398	0.576571	0.583983	0.700913
delta = 0.400000, m = 35
0.581085	0.580519	1.084369	0.529884	0.504329	0.748791	0.641353	0.664069	0.636013
0.608942	0.619481	1.072411	0.528495	0.506061	0.935735	0.578857	0.578355	0.645790
0.520821	0.552814	0.825474	0.529380	0.504762	0.843454	0.605995	0.618182	0.753865
0.561542	0.624675	0.938079	0.529736	0.506061	0.915491	0.609221	0.618615	0.785164
0.609132	0.619048	0.794249	0.530413	0.506926	0.855630	0.635398	0.666234	0.845168
0.591517	0.548485	0.898207	0.529041	0.503463	1.016986	0.607466	0.619481	0.920105
0.527171	0.493506	0.946302	0.476301	0.479654	0.841946	0.609545	0.618615	0.641370
0.602581	0.616450	0.965243	0.529671	0.505195	0.774395	0.613409	0.623377	0.862139
0.635481	0.642424	0.878986	0.484738	0.504762	0.838830	0.609197	0.618615	0.682673
0.577270	0.581385	0.929095	0.480026	0.506494	0.775833	0.600185	0.613853	0.688598
0.556461	0.606061	0.987455	0.528630	0.503896	0.871773	0.517775	0.592641	0.735373
0.580317	0.571429	0.820283	0.529973	0.501732	0.999827	0.535324	0.548052	0.599618
0.609852	0.619481	1.000384	0.528050	0.507359	0.838933	0.558826	0.547619	0.679718
0.593876	0.648485	0.817116	0.528062	0.504762	0.685803	0.608727	0.619048	0.641439
0.580664	0.646753	0.819170	0.501011	0.491342	0.954501	0.637277	0.674459	0.678288
0.594649	0.609957	0.794491	0.529707	0.505628	0.700639	0.560809	0.572294	0.721910
0.608022	0.660606	1.160962	0.485920	0.480087	0.759277	0.491174	0.484416	0.664188
0.608599	0.619048	1.376740	0.519614	0.425541	0.880756	0.608628	0.618182	0.751166
0.590314	0.648485	1.288437	0.528331	0.506061	0.781694	0.508454	0.471861	0.533982
0.544226	0.523377	0.783804	0.526485	0.503030	0.721494	0.598147	0.662771	0.724725
0.579227	0.575758	0.918591	0.527360	0.505195	0.959934	0.600646	0.612554	0.631829
0.570188	0.637662	1.030915	0.483259	0.503030	0.756948	0.608809	0.619048	0.634760
0.608956	0.619481	1.169769	0.552169	0.535065	1.001282	0.598393	0.611688	0.802479
0.607490	0.618615	0.900851	0.519813	0.515584	0.891064	0.602717	0.616883	0.730189
0.607795	0.618615	1.062442	0.532697	0.503896	0.777604	0.607944	0.618182	0.629960
0.604516	0.659740	0.906196	0.528069	0.503463	0.685389	0.583208	0.580519	0.796424
0.581374	0.577489	1.037486	0.535532	0.491342	0.797590	0.607764	0.673160	0.740006
0.553671	0.553680	0.832911	0.497144	0.509091	0.887076	0.577822	0.580087	0.557525
0.601794	0.553680	0.972050	0.530860	0.503463	0.822630	0.595724	0.663636	0.657089
0.645580	0.662338	1.057737	0.509010	0.456277	0.852032	0.622896	0.678355	0.713888
0.608931	0.618615	0.819776	0.529898	0.507792	0.780539	0.600943	0.613853	0.592510
0.610259	0.620346	0.918541	0.529348	0.505628	0.796289	0.609068	0.618615	0.636509
0.605695	0.618182	0.781267	0.511462	0.462338	0.989920	0.592601	0.552814	0.596274
0.560873	0.592208	1.077592	0.480441	0.497835	0.831961	0.591892	0.611688	0.728803
0.608537	0.663636	0.795572	0.529715	0.505628	0.759123	0.579193	0.574026	0.680879
0.599896	0.649351	0.905538	0.482199	0.516883	0.851836	0.611961	0.622078	0.720234
0.519401	0.515584	0.805217	0.480746	0.500433	0.777347	0.560480	0.589177	0.638204
0.606245	0.618615	1.099986	0.529407	0.505195	0.715235	0.555388	0.596970	0.615097
0.523329	0.515152	0.997527	0.487941	0.496537	0.853494	0.567264	0.608225	0.587068
0.589274	0.641991	0.853299	0.530910	0.504329	0.705822	0.607831	0.618182	0.649434
0.610498	0.618615	1.004987	0.527581	0.505628	0.862634	0.557756	0.600433	0.674354
0.582666	0.574026	0.974920	0.508167	0.454545	0.895862	0.595611	0.664069	0.730141
0.581432	0.587879	0.937759	0.501920	0.491775	0.787226	0.597838	0.648918	0.757564
0.609221	0.618615	1.046823	0.529825	0.506061	0.778031	0.608464	0.619048	0.665521
0.637296	0.669264	1.076785	0.530860	0.503463	0.860453	0.601742	0.662338	0.623755
0.610642	0.618615	1.124062	0.529736	0.506061	0.738151	0.593352	0.548918	0.934267
0.608371	0.617749	0.899724	0.491763	0.503030	0.825020	0.602388	0.666234	0.702934
0.608026	0.618615	0.877030	0.483742	0.505195	0.735221	0.571534	0.647186	0.695630
0.608707	0.618615	1.282745	0.528485	0.504762	0.864811	0.515468	0.591342	0.601497
0.599555	0.654545	0.813309	0.517417	0.514286	1.035766	0.501004	0.448052	0.735526
delta = 0.400000, m = 40
0.599846	0.611688	1.037869	0.488103	0.502165	1.147228	0.602245	0.618182	0.705000
0.608932	0.619048	0.832621	0.529592	0.503463	0.973004	0.608942	0.619481	0.599235
0.581759	0.572294	0.877714	0.526992	0.504762	0.728472	0.541523	0.616883	0.609376
0.543153	0.549351	0.819941	0.619003	0.624242	0.819098	0.597193	0.650649	0.665914
0.609322	0.619481	1.090561	0.528719	0.502597	0.812989	0.522014	0.523810	0.588419
0.541066	0.552814	0.902496	0.483314	0.503463	0.855254	0.594223	0.649351	0.633755
0.598545	0.613853	1.205327	0.481702	0.504329	0.859651	0.603752	0.616017	0.790912
0.609927	0.618615	0.996387	0.512027	0.505628	0.769838	0.576747	0.538961	0.585908
0.608731	0.619481	1.005530	0.528516	0.505628	1.130523	0.557075	0.628571	0.685264
0.558510	0.567965	1.087228	0.505817	0.499134	0.930807	0.605432	0.616883	0.776030
0.491645	0.504329	1.069263	0.487521	0.496970	0.896290	0.604865	0.614286	0.578828
0.578785	0.574892	1.064403	0.509796	0.505628	0.787367	0.577768	0.570996	0.754242
0.610310	0.618615	1.069820	0.539224	0.494805	0.986435	0.608825	0.619913	0.817338
0.608313	0.618182	1.280217	0.470379	0.487879	0.840183	0.607806	0.618182	0.863458
0.593254	0.548485	0.726076	0.526674	0.505628	0.775906	0.608824	0.619048	0.590977
0.606423	0.618182	0.848099	0.482253	0.506494	0.963693	0.535759	0.490043	0.585565
0.586754	0.643723	1.004023	0.510075	0.504329	0.809529	0.607848	0.619048	0.778984
0.574637	0.648918	0.820755	0.488382	0.476190	0.823144	0.616525	0.625974	0.643655
0.521492	0.513420	1.121508	0.526786	0.506926	0.810430	0.528856	0.504762	0.654382
0.608939	0.619913	0.989273	0.482868	0.504762	0.761409	0.609221	0.618615	0.713797
0.551360	0.552814	1.042224	0.497869	0.497835	0.815510	0.608258	0.618182	0.754173
0.609167	0.620346	0.988301	0.490319	0.479654	0.680223	0.488144	0.484848	0.714073
0.602532	0.661472	1.022190	0.528431	0.500433	0.740415	0.585004	0.637229	0.635347
0.603352	0.615152	1.114378	0.529744	0.502597	0.594228	0.539595	0.573160	0.640749
0.525510	0.506061	0.871104	0.494150	0.485281	0.962961	0.541481	0.558009	0.614026
0.585061	0.583550	0.984676	0.530791	0.506494	0.782944	0.569548	0.563203	0.703272
0.607696	0.658874	1.323751	0.471556	0.509524	1.246624	0.487214	0.485714	0.658446
0.609221	0.618615	0.840555	0.482267	0.509524	0.769468	0.610310	0.618615	0.870078
0.610310	0.618615	1.098579	0.484402	0.493074	0.755373	0.524074	0.509524	0.712339
0.607944	0.618182	1.040060	0.528976	0.505628	0.899395	0.566599	0.640693	0.635127
0.603340	0.616450	1.071700	0.512401	0.512987	0.853140	0.607839	0.618182	0.691641
0.599122	0.651082	0.945965	0.528696	0.502165	0.772437	0.549174	0.613853	0.722403
0.583170	0.577489	0.932354	0.530275	0.502597	0.751038	0.608590	0.617749	0.570455
0.536029	0.490043	0.922452	0.536453	0.490043	0.783966	0.608953	0.618615	0.820110
0.599918	0.615584	1.063692	0.528968	0.500433	0.617462	0.610918	0.619481	0.770461
0.598960	0.616017	0.940161	0.495954	0.477056	1.133528	0.569812	0.577056	0.711920
0.579179	0.575758	1.186566	0.529064	0.503463	0.901903	0.576411	0.591342	0.672189
0.572638	0.642857	0.837174	0.528714	0.503896	1.016165	0.579818	0.536797	0.763390
0.599001	0.612554	0.965574	0.490361	0.506494	0.727687	0.596707	0.648485	0.594237
0.609776	0.619481	1.036082	0.519936	0.512554	0.889724	0.597774	0.615152	0.699584
0.590280	0.646320	0.914919	0.507923	0.455844	0.910259	0.480863	0.502597	0.680046
0.607829	0.618182	1.250264	0.529827	0.505628	0.911247	0.558500	0.632900	0.619976
0.607681	0.618182	0.932951	0.529595	0.503896	0.761717	0.613829	0.661905	0.674683
0.607567	0.619048	1.346071	0.482364	0.503896	0.816642	0.614323	0.661039	1.016100
0.609740	0.619481	0.733288	0.529005	0.503896	0.816011	0.554879	0.630303	0.745208
0.582648	0.591342	0.918535	0.494253	0.450216	1.009364	0.613882	0.625108	0.839645
0.593282	0.662338	1.050881	0.529348	0.505628	0.769993	0.528875	0.600000	0.836309
0.598960	0.616017	1.047285	0.524524	0.502165	0.901631	0.601820	0.616450	0.808076
0.610841	0.617749	0.974109	0.495257	0.469697	0.724587	0.601977	0.614286	0.614129
0.507198	0.559740	0.938090	0.504116	0.545887	0.960826	0.584527	0.583550	0.674333
delta = 0.400000, m = 45
0.599503	0.612121	1.224579	0.484709	0.471861	0.894339	0.556530	0.605195	0.719337
0.610719	0.619048	1.292678	0.472739	0.496537	0.837355	0.608599	0.619048	0.680645
0.579522	0.644156	1.030979	0.525965	0.504329	1.054344	0.604623	0.617749	0.739323
0.609386	0.618615	1.129753	0.530020	0.503030	0.941813	0.581178	0.592208	0.675911
0.609662	0.618615	0.930477	0.528051	0.504329	0.824644	0.611236	0.618615	0.681523
0.609379	0.618182	1.255143	0.529596	0.503463	0.767710	0.604114	0.616883	0.611696
0.528003	0.504762	1.016710	0.499820	0.492641	0.982373	0.609740	0.619481	0.825731
0.608687	0.618182	1.067492	0.528760	0.503463	0.891748	0.536909	0.492208	0.640313
0.608682	0.618615	1.535464	0.529908	0.503896	1.040243	0.607001	0.618615	0.764230
0.573207	0.640693	0.999582	0.530125	0.503896	0.824468	0.540093	0.588312	0.738982
0.598163	0.647619	1.237238	0.501960	0.464069	1.002049	0.603971	0.671429	0.753692
0.535591	0.495238	1.225304	0.538256	0.493939	0.822068	0.611045	0.677922	0.471585
0.596304	0.655844	1.262091	0.530113	0.503030	1.000865	0.590527	0.645887	0.581287
0.604564	0.618182	1.369584	0.473097	0.421212	0.945509	0.538251	0.492641	0.817303
0.608727	0.619048	1.435489	0.513300	0.455411	0.960356	0.608170	0.618182	0.842377
0.609153	0.618615	0.971655	0.529080	0.506494	0.876446	0.534560	0.560606	0.791508
0.610136	0.619481	0.843518	0.483375	0.504329	1.012583	0.574037	0.645455	0.658473
0.573645	0.611255	1.137339	0.489078	0.487446	0.879642	0.591622	0.621212	0.606626
0.605452	0.618182	0.983766	0.528674	0.506061	0.807264	0.609398	0.618615	0.816707
0.541261	0.495671	1.226015	0.513237	0.451515	0.918216	0.606659	0.617749	0.730382
0.600637	0.612987	0.862533	0.527042	0.488745	0.945692	0.597040	0.651948	0.742689
0.598935	0.612554	0.951604	0.528392	0.504762	0.712403	0.536079	0.492208	0.658246
0.575046	0.606926	1.236020	0.529057	0.503463	0.834310	0.499508	0.495238	0.641150
0.597365	0.551082	1.045335	0.529508	0.501732	0.770430	0.564038	0.570563	0.731680
0.473542	0.479654	1.047669	0.490167	0.509524	0.852317	0.609138	0.618615	0.716229
0.526071	0.510823	0.987337	0.521865	0.517749	0.925006	0.608942	0.619481	0.646118
0.610331	0.618615	0.900107	0.533513	0.502597	0.839035	0.607970	0.619481	0.738541
0.608658	0.618182	1.265701	0.507703	0.476190	0.830468	0.608731	0.619481	0.830642
0.607944	0.618182	1.064209	0.529726	0.505195	0.834349	0.601028	0.616017	0.809710
0.576066	0.650216	1.237728	0.531085	0.506926	0.992768	0.599331	0.667965	0.684794
0.532974	0.504762	1.319321	0.481848	0.489177	1.035371	0.550237	0.545455	0.631669
0.560854	0.592641	0.733338	0.528436	0.503896	0.634633	0.598408	0.651082	0.615892
0.524178	0.515152	1.190191	0.526018	0.503896	0.760181	0.587481	0.648918	0.710654
0.614014	0.658874	1.066371	0.529347	0.503030	0.863111	0.607925	0.619913	0.686306
0.609221	0.618615	0.956836	0.538914	0.494372	0.788711	0.609409	0.619048	0.593234
0.595669	0.613420	0.919477	0.488834	0.509524	0.884179	0.537698	0.606494	0.639931
0.589601	0.657143	0.973690	0.501836	0.527706	1.010751	0.600096	0.654113	0.779236
0.608051	0.618615	1.114555	0.530563	0.503030	0.737342	0.599556	0.655844	0.736571
0.608468	0.619048	1.057282	0.525905	0.505195	0.797950	0.583782	0.648052	0.619188
0.582926	0.646320	0.888676	0.485748	0.498701	0.847513	0.587349	0.553680	0.689730
0.598620	0.647619	1.157742	0.529064	0.503463	1.011526	0.589140	0.651948	0.736591
0.615758	0.678355	0.949313	0.502823	0.512121	0.854861	0.527176	0.506061	0.755778
0.601784	0.612121	1.011379	0.528123	0.504329	1.048593	0.568970	0.609524	0.813251
0.609221	0.618615	1.044283	0.528123	0.504329	0.829771	0.561959	0.553247	0.673392
0.609022	0.618615	1.477251	0.489447	0.503896	0.763258	0.527780	0.504329	0.585903
0.608942	0.619481	1.356929	0.495631	0.511255	0.969115	0.607459	0.619048	0.738668
0.608731	0.619481	1.273087	0.530637	0.507359	0.863200	0.608666	0.619481	0.817237
0.607363	0.619048	1.001116	0.483449	0.467965	0.801564	0.608942	0.619481	0.685330
0.608932	0.619048	1.149557	0.482879	0.507359	0.742605	0.571850	0.617316	0.705190
0.493866	0.490476	1.033589	0.527843	0.501732	1.005269	0.609782	0.619481	0.770014
delta = 0.400000, m = 50
0.573652	0.575325	1.060323	0.533541	0.502597	0.952447	0.608931	0.618615	0.692717
0.584254	0.645887	1.173456	0.529613	0.503030	0.794183	0.575892	0.639827	0.784476
0.608258	0.618182	0.941813	0.540786	0.550216	0.936364	0.573420	0.611255	0.480500
0.581577	0.585714	0.903961	0.529782	0.506494	0.631022	0.593312	0.650216	0.598036
0.579086	0.583983	0.980294	0.487719	0.443723	0.904266	0.492491	0.544156	0.816282
0.581200	0.551082	1.197090	0.504719	0.451948	0.750704	0.605942	0.668398	0.764854
0.607221	0.617316	1.092455	0.529509	0.502165	0.853200	0.586152	0.648485	0.786453
0.591644	0.611255	1.010478	0.530528	0.503463	0.900979	0.608902	0.619048	0.711103
0.608811	0.619481	1.023993	0.528076	0.502165	0.891669	0.610310	0.618615	0.616892
0.608773	0.618182	1.079412	0.471640	0.499134	1.042387	0.606095	0.616883	0.767483
0.610498	0.618615	1.034896	0.486055	0.509524	1.050239	0.582697	0.658009	0.873674
0.605300	0.618182	1.244004	0.530073	0.503463	0.731982	0.629679	0.638528	0.835501
0.607852	0.617316	1.088260	0.492308	0.484848	0.906422	0.608607	0.619048	0.808516
0.517253	0.508658	1.208119	0.528207	0.505628	0.795804	0.588811	0.631169	0.686953
0.584040	0.658442	1.075696	0.529075	0.503896	0.711481	0.607895	0.618182	0.865544
0.498839	0.498268	1.253506	0.529769	0.505628	0.944341	0.608824	0.619048	0.785807
0.574812	0.610390	1.176399	0.537856	0.493939	0.694721	0.535699	0.495238	0.885137
0.580095	0.653680	1.114176	0.477543	0.490043	0.844813	0.593810	0.647186	0.728256
0.608808	0.618615	1.255279	0.531347	0.500433	0.755133	0.594514	0.648485	0.782906
0.547544	0.596104	1.154667	0.505411	0.471429	0.963326	0.607467	0.619481	0.521403
0.586714	0.651082	1.142765	0.483264	0.498701	0.836369	0.527891	0.504762	0.642267
0.555341	0.607359	1.033649	0.531517	0.502165	0.866893	0.606249	0.617316	0.845640
0.499798	0.438528	1.273395	0.530653	0.504329	0.835231	0.608079	0.617316	0.715342
0.596235	0.651515	1.250698	0.492520	0.448918	1.068617	0.577757	0.574026	0.741720
0.495601	0.514719	1.046382	0.529657	0.502597	0.691297	0.609068	0.618615	0.647446
0.490760	0.491342	0.914685	0.515659	0.458874	1.137093	0.608996	0.619481	0.616454
0.595430	0.641558	1.280081	0.490858	0.501299	1.092478	0.618132	0.660173	0.798314
0.601405	0.664935	1.246968	0.528753	0.504762	0.838980	0.573682	0.612554	0.699464
0.608931	0.618615	0.945586	0.492925	0.447619	0.750563	0.553612	0.614719	0.563145
0.616104	0.630303	1.242386	0.510230	0.505628	1.015609	0.575982	0.578355	0.734993
0.610860	0.619481	0.991211	0.526872	0.506494	0.859180	0.537099	0.495238	0.640797
0.609482	0.666234	1.135935	0.501262	0.443290	0.898943	0.583176	0.641991	0.776032
0.522289	0.511688	1.028464	0.537422	0.550649	0.816393	0.577966	0.655411	0.753645
0.546134	0.597835	1.336884	0.526878	0.503463	1.071839	0.572894	0.613420	0.596062
0.571084	0.587879	1.061517	0.532209	0.505195	0.902424	0.499130	0.493506	0.607425
0.608615	0.619913	1.043067	0.531283	0.502597	0.955538	0.523633	0.507359	0.640959
0.607547	0.618182	1.166293	0.479088	0.488312	0.887512	0.492006	0.488312	0.691189
0.608996	0.619481	1.318914	0.529411	0.503896	0.915248	0.596829	0.656277	0.823745
0.604699	0.617749	1.311555	0.529960	0.505195	0.785958	0.492348	0.482251	0.855679
0.638520	0.649784	1.198293	0.486485	0.501299	0.895927	0.534275	0.504329	0.905652
0.569323	0.638961	0.869542	0.529694	0.503030	0.940739	0.539755	0.495671	0.697190
0.609515	0.620346	1.061164	0.504189	0.502597	0.793308	0.608183	0.664502	0.748814
0.496007	0.488312	1.266660	0.528239	0.503463	1.059403	0.606119	0.616017	0.590673
0.562102	0.600866	0.841430	0.530933	0.505195	0.895797	0.642281	0.654978	0.954313
0.560596	0.622511	1.062913	0.526173	0.499567	0.945692	0.609206	0.674892	0.810742
0.558157	0.535065	0.877030	0.528123	0.504329	1.019197	0.587555	0.645455	0.652461
0.608953	0.618615	1.165092	0.467443	0.489610	0.765254	0.610310	0.618615	0.637922
0.599203	0.664069	1.457314	0.529889	0.503896	0.781927	0.607520	0.619048	0.812884
0.596278	0.612987	1.405713	0.526041	0.502597	0.822684	0.584050	0.543290	0.692370
0.607944	0.618182	1.756731	0.529571	0.503030	1.021342	0.583335	0.580519	0.757333
delta = 0.400000, m = 55
0.607516	0.618182	1.355253	0.526173	0.499567	0.629721	0.539592	0.494372	0.799407
0.595304	0.650216	1.270812	0.509469	0.499134	0.730980	0.596252	0.649784	0.720772
0.606697	0.616883	1.314890	0.529697	0.501732	0.986587	0.605452	0.618182	0.817772
0.517464	0.518182	1.233143	0.483340	0.501732	0.834651	0.608615	0.619913	0.798961
0.539987	0.496537	1.123341	0.528087	0.501732	0.951460	0.595894	0.649784	0.892464
0.512047	0.503463	1.317514	0.523792	0.499567	0.923076	0.608832	0.618615	0.796971
0.587737	0.662771	1.352823	0.464865	0.440693	1.109469	0.609518	0.618615	0.660314
0.566750	0.610823	1.245009	0.502272	0.479654	1.086785	0.591883	0.648052	0.672574
0.609859	0.672727	1.415753	0.504593	0.507359	1.062497	0.605878	0.618182	0.763417
0.608996	0.619481	1.039615	0.516832	0.500433	0.824680	0.522178	0.515584	1.017493
0.609622	0.619913	1.104735	0.492829	0.447186	0.752953	0.505040	0.511255	0.715415
0.567934	0.571861	1.122253	0.538513	0.494372	0.668748	0.609394	0.618615	0.884415
0.608860	0.619048	1.318519	0.502378	0.454978	0.877105	0.555380	0.561472	0.756934
0.527341	0.508225	1.302316	0.538470	0.493939	0.907281	0.559688	0.595238	0.745257
0.600004	0.551948	1.419429	0.529512	0.502165	0.922730	0.543374	0.577922	0.730980
0.608808	0.618615	1.150259	0.494805	0.537229	0.772530	0.574758	0.600433	0.692835
0.607118	0.618182	1.219912	0.538117	0.494372	0.740929	0.564767	0.569697	0.757813
0.608932	0.619048	1.436296	0.527055	0.507359	0.982224	0.540106	0.609091	0.649131
0.607798	0.618182	1.283149	0.509299	0.502165	0.724930	0.610396	0.618615	0.873917
0.552237	0.614286	1.026233	0.476622	0.495238	0.872562	0.599493	0.651948	0.843339
0.560824	0.593074	1.193156	0.529698	0.504329	0.879210	0.530390	0.506061	0.812030
0.608998	0.619048	1.319496	0.485437	0.438095	1.003541	0.607328	0.618615	0.649757
0.578657	0.577489	0.898821	0.531042	0.500433	0.881372	0.536941	0.495238	0.755660
0.546053	0.587879	1.406328	0.486320	0.484416	0.780610	0.594800	0.651082	0.786510
0.640769	0.667532	0.939685	0.476855	0.495238	0.825731	0.598119	0.648918	0.841258
0.585720	0.644589	1.229998	0.529863	0.506061	0.957245	0.608743	0.619913	0.778197
0.582498	0.578788	1.247723	0.530306	0.502597	1.110520	0.500502	0.495671	0.722040
0.529785	0.496104	1.219716	0.530591	0.503463	1.280680	0.581108	0.574026	0.746732
0.525029	0.504329	1.024775	0.525924	0.506494	0.931372	0.608731	0.619481	0.695946
0.576179	0.547186	1.358678	0.483275	0.490909	0.882649	0.608599	0.619048	0.841126
0.609635	0.619481	1.036306	0.529094	0.503030	0.839932	0.601406	0.670563	0.737998
0.608996	0.619481	1.349551	0.529422	0.503030	1.018431	0.577972	0.583983	0.850533
0.607118	0.618182	0.929653	0.475764	0.516450	0.757189	0.608708	0.619048	0.614866
0.578238	0.604329	1.214069	0.528559	0.503030	0.922031	0.609125	0.619481	0.727389
0.608727	0.619048	1.339667	0.528696	0.502165	0.892621	0.537360	0.494805	0.716478
0.543489	0.569697	0.995073	0.469999	0.494372	1.001472	0.590716	0.646753	0.831952
0.573755	0.657576	1.097949	0.480065	0.495671	0.853229	0.610546	0.620346	0.715979
0.610609	0.619048	1.067436	0.482230	0.487446	0.977391	0.597875	0.649784	0.669893
0.597184	0.647619	1.205334	0.529290	0.533333	0.906281	0.609426	0.619481	0.741946
0.600852	0.617749	1.353802	0.529846	0.503030	0.947091	0.608914	0.619048	0.622935
0.608014	0.619048	1.331906	0.530013	0.502597	0.772748	0.579750	0.636364	0.802267
0.530946	0.503030	1.411023	0.499368	0.490043	1.056041	0.608531	0.619048	0.901555
0.525792	0.509524	1.048387	0.528069	0.503463	0.946240	0.554849	0.557143	0.569767
0.525494	0.506061	1.197806	0.529638	0.503463	0.828088	0.609229	0.618182	0.642543
0.630145	0.683983	1.058047	0.529922	0.503463	0.919192	0.609068	0.618615	0.846951
0.608731	0.619481	1.383342	0.529350	0.503463	0.959669	0.610310	0.618615	0.798986
0.608462	0.618615	1.504926	0.493827	0.507359	0.697216	0.609125	0.619481	0.864347
0.608989	0.619048	1.138029	0.529854	0.502597	0.740775	0.536227	0.492208	0.772295
0.606812	0.616883	1.588794	0.525976	0.503463	0.894379	0.535612	0.492641	1.013849
0.565652	0.624242	1.026488	0.483307	0.490043	0.843424	0.579768	0.582684	0.710926
delta = 0.400000, m = 60
0.545434	0.595238	1.141774	0.529333	0.503896	1.111258	0.551175	0.586580	0.661297
0.609052	0.618615	1.260001	0.529548	0.502597	1.120653	0.607234	0.617316	0.669291
0.583759	0.579654	1.192968	0.486284	0.503896	0.891389	0.608743	0.619913	0.910480
0.524623	0.506926	1.458374	0.530120	0.492208	0.779670	0.609638	0.618182	0.886904
0.532641	0.505195	1.502555	0.517858	0.461905	1.074929	0.585591	0.610823	0.770654
0.556745	0.615584	1.323423	0.529588	0.503463	1.077181	0.607753	0.619048	0.717644
0.609740	0.619481	1.029504	0.530055	0.504762	1.102326	0.596828	0.555844	0.860724
0.612402	0.619481	1.495354	0.530854	0.503463	1.102511	0.611654	0.621645	0.686262
0.607741	0.618182	1.328155	0.477020	0.497403	0.957769	0.585882	0.542424	0.920853
0.591307	0.648918	1.399239	0.517392	0.458442	1.109191	0.556822	0.609957	0.699373
0.530508	0.500866	1.756427	0.483486	0.499134	1.109592	0.580954	0.572727	0.827261
0.616219	0.533333	1.248808	0.517768	0.461039	1.281701	0.564283	0.637662	0.637166
0.542080	0.555411	1.004582	0.524978	0.507792	0.934336	0.593092	0.659740	0.936497
0.596596	0.613420	1.469565	0.526374	0.488745	1.031224	0.564594	0.604329	0.800737
0.609582	0.618182	1.720929	0.499401	0.506926	1.055640	0.617841	0.666234	0.955922
0.594807	0.649351	1.146012	0.529943	0.502597	0.935801	0.536902	0.492208	0.927716
0.593966	0.664069	1.461326	0.529012	0.503030	1.035975	0.610813	0.619481	0.712443
0.608996	0.619481	1.391972	0.485903	0.505195	1.007676	0.518911	0.506926	1.222048
0.608365	0.619048	1.150944	0.529406	0.503896	0.952664	0.571542	0.576190	0.855301
0.599616	0.664935	1.490344	0.481317	0.483983	1.054852	0.609043	0.618615	0.806481
0.608932	0.619048	1.814306	0.507197	0.465801	0.926559	0.608731	0.619481	0.914495
0.526171	0.505195	1.212553	0.537225	0.493939	1.130585	0.521797	0.502165	0.812149
0.523929	0.488745	1.229734	0.531617	0.501299	0.881057	0.556530	0.633333	0.628930
0.523832	0.504762	1.350920	0.532181	0.502597	1.063004	0.608638	0.619048	0.784359
0.505124	0.498701	1.283347	0.514422	0.496970	1.159878	0.572995	0.615584	0.799298
0.596317	0.641991	1.192038	0.532764	0.503030	0.819299	0.603339	0.616883	0.726080
0.609503	0.619048	1.159370	0.531362	0.504762	0.875136	0.570815	0.609524	0.842874
0.580837	0.605195	1.358330	0.500699	0.456710	0.870956	0.609866	0.532035	1.031562
0.607363	0.619048	1.063358	0.527957	0.501732	0.996096	0.580802	0.575758	0.719539
0.605872	0.616883	1.337259	0.494886	0.480087	0.930573	0.580464	0.581818	0.793522
0.526358	0.506494	1.193356	0.490816	0.490909	1.028128	0.565364	0.531169	0.639434
0.536025	0.553247	1.095276	0.530751	0.503030	1.178965	0.632987	0.655411	0.732129
0.596490	0.661039	1.506933	0.525445	0.500000	0.655775	0.576985	0.641558	0.867548
0.499508	0.495238	1.023508	0.515810	0.504762	1.286051	0.482638	0.506061	0.722804
0.553711	0.564502	1.023266	0.484720	0.509091	0.865701	0.566236	0.598701	0.954504
0.624887	0.664502	1.082840	0.529697	0.501732	0.893389	0.603908	0.667965	0.809622
0.467814	0.501299	1.398082	0.483012	0.505195	0.939027	0.600627	0.670996	0.970639
0.599110	0.654545	2.011748	0.531474	0.504762	0.912634	0.592102	0.552814	0.833938
0.608996	0.619481	0.868877	0.528428	0.503030	1.157291	0.605760	0.669264	0.793720
0.514500	0.459740	1.521617	0.526117	0.504762	0.948682	0.608809	0.619048	1.197999
0.520501	0.508658	1.636397	0.479935	0.500866	1.007921	0.630172	0.674459	0.666676
0.537243	0.495671	1.297543	0.498043	0.465801	0.817691	0.550435	0.593939	0.737779
0.578252	0.572294	1.187690	0.533725	0.503030	0.940669	0.576355	0.581818	0.848583
0.606960	0.617316	1.170876	0.530826	0.503030	0.823415	0.537189	0.495238	0.739161
0.608996	0.619481	1.308577	0.507546	0.501299	1.163568	0.608731	0.619481	0.890445
0.608599	0.619048	1.533090	0.501498	0.507359	1.081283	0.609405	0.619913	0.759971
0.583061	0.612987	1.298417	0.502498	0.515584	1.207335	0.609386	0.618615	0.814280
0.525740	0.506061	1.352063	0.470512	0.488745	0.760811	0.611443	0.621645	0.808229
0.587981	0.647619	1.249672	0.508860	0.508658	1.177858	0.527109	0.497835	0.861095
0.637058	0.675758	1.275569	0.505498	0.512554	1.113844	0.583334	0.582251	0.807450
delta = 0.400000, m = 65
0.598152	0.612554	1.204571	0.529456	0.531169	0.973713	0.613467	0.620346	0.820600
0.608900	0.620346	1.565958	0.528461	0.503030	1.048676	0.579967	0.574026	0.807677
0.580817	0.579221	1.406842	0.528046	0.503896	1.153204	0.503621	0.500433	0.825430
0.591374	0.646753	1.376918	0.508810	0.500433	1.118027	0.588873	0.645455	0.802653
0.585960	0.654978	1.208792	0.509492	0.503463	0.894560	0.608914	0.619048	0.946860
0.609022	0.620346	1.395894	0.489409	0.505195	1.151209	0.526886	0.508225	0.793551
0.608860	0.619048	1.405127	0.529817	0.503030	1.009899	0.608950	0.618615	0.708437
0.517309	0.501299	1.235622	0.492578	0.519481	0.986755	0.523671	0.507792	0.878821
0.629950	0.662771	1.262846	0.539037	0.494372	0.869806	0.574004	0.613420	0.885253
0.486119	0.515584	0.941789	0.508913	0.524675	0.810087	0.606587	0.618182	0.692087
0.526628	0.503463	1.082476	0.475447	0.496104	0.952446	0.608727	0.619048	0.611075
0.603297	0.617316	1.352619	0.530002	0.503463	0.948514	0.589661	0.659307	0.906579
0.608705	0.619048	1.554771	0.504326	0.503896	1.138916	0.621480	0.672294	0.883315
0.595372	0.652381	1.380769	0.526721	0.502597	1.073515	0.508016	0.502597	0.837391
0.608708	0.619048	1.224972	0.484879	0.508225	1.126234	0.607953	0.618182	0.691239
0.555749	0.586580	1.303807	0.538697	0.494372	1.124894	0.567361	0.604762	0.684405
0.608860	0.619048	1.338162	0.528123	0.504329	0.918318	0.608599	0.619048	0.888405
0.537099	0.495238	1.466536	0.490225	0.486147	1.160952	0.579189	0.577922	0.991414
0.635800	0.677922	1.246141	0.528324	0.505628	1.118377	0.537243	0.495671	1.018049
0.593228	0.659740	0.846950	0.478541	0.465368	1.190505	0.597541	0.661472	0.782039
0.577427	0.577922	1.085640	0.488532	0.502597	1.201755	0.608599	0.619048	0.736157
0.590953	0.650216	1.476107	0.482277	0.501732	1.078630	0.608900	0.619048	1.015784
0.577786	0.626840	1.097538	0.471378	0.451515	1.238855	0.636543	0.663203	0.649528
0.494984	0.403463	1.109838	0.491935	0.510390	0.962218	0.610906	0.619048	0.749037
0.565431	0.606494	1.256906	0.526906	0.506926	1.151399	0.577833	0.577056	0.641302
0.616057	0.683117	1.315048	0.479041	0.476623	0.897535	0.510184	0.509091	0.732811
0.558662	0.572727	1.911371	0.529041	0.500433	1.035744	0.608956	0.619481	0.728765
0.559908	0.587446	1.144741	0.491023	0.507359	1.045878	0.574732	0.636364	0.842857
0.608996	0.619481	1.038084	0.529097	0.505628	0.841830	0.608599	0.619048	0.840167
0.480956	0.517749	1.241186	0.533413	0.533333	1.002064	0.606055	0.616450	0.859623
0.608719	0.618615	1.629541	0.528584	0.503463	1.007780	0.608615	0.619913	0.689807
0.525216	0.506926	1.500765	0.528510	0.503030	0.955659	0.535620	0.559307	0.810268
0.608931	0.618615	1.124339	0.529157	0.503030	0.972045	0.545213	0.508658	0.593709
0.606140	0.618615	1.473481	0.491792	0.517316	0.933423	0.547857	0.601299	0.887329
0.483360	0.497403	1.287191	0.493316	0.493506	1.126212	0.593913	0.554113	0.732972
0.607237	0.618615	1.254748	0.529064	0.503463	1.052112	0.584634	0.661039	0.642065
0.537243	0.495671	1.488835	0.489053	0.503896	1.061746	0.513060	0.547619	0.982478
0.609778	0.620346	1.427410	0.533790	0.502597	0.957848	0.587302	0.651082	0.572768
0.582918	0.582684	1.529827	0.528378	0.502597	1.659731	0.524481	0.503463	0.860281
0.609407	0.618615	1.286404	0.489362	0.462338	0.956450	0.502656	0.494372	0.849454
0.479397	0.474892	1.504921	0.528610	0.505195	0.916215	0.610081	0.619913	0.826013
0.608707	0.618615	1.110062	0.525190	0.504329	1.089879	0.607617	0.618182	0.897999
0.608764	0.618182	1.616852	0.486574	0.504762	0.978851	0.538205	0.494805	0.860988
0.520692	0.506061	1.213834	0.529479	0.502165	1.104950	0.608599	0.619048	0.769005
0.622342	0.687446	1.375997	0.524937	0.502597	1.146428	0.608599	0.619048	0.988328
0.610310	0.618615	1.212882	0.488026	0.508658	0.960465	0.527814	0.504762	0.757096
0.610019	0.619913	1.277788	0.529384	0.503896	0.981533	0.607253	0.619048	0.924752
0.556269	0.558442	1.284869	0.529813	0.503896	1.030638	0.571170	0.580952	0.686869
0.609261	0.620346	1.373976	0.493343	0.455844	1.049764	0.610005	0.619481	0.743026
0.599821	0.554545	1.207743	0.530359	0.500000	0.979194	0.608450	0.618615	0.821478
delta = 0.400000, m = 70
0.604812	0.666667	1.728504	0.507043	0.507359	1.026311	0.560821	0.528139	0.982395
0.608475	0.619048	1.625327	0.504189	0.501299	1.278000	0.592005	0.646320	0.966804
0.599201	0.613853	1.653333	0.528369	0.503463	0.844912	0.548536	0.610390	0.886396
0.607461	0.618182	1.315983	0.524449	0.491342	1.069442	0.609740	0.619481	1.269349
0.608860	0.619048	1.552977	0.520991	0.501299	0.837216	0.608860	0.619048	0.862789
0.622500	0.661905	1.465536	0.532273	0.503896	0.950070	0.605952	0.616883	1.032510
0.520102	0.500866	1.335582	0.533051	0.491775	0.845517	0.529190	0.513420	0.804818
0.602484	0.616883	1.563737	0.530485	0.501299	1.141812	0.609037	0.618615	0.987290
0.607449	0.618615	1.330914	0.528920	0.506926	0.867321	0.608725	0.619048	0.920120
0.590823	0.644156	1.219660	0.527494	0.502165	1.212398	0.526327	0.505195	0.683108
0.612322	0.621212	1.504869	0.530441	0.500000	1.073798	0.608599	0.619048	0.823077
0.568657	0.640260	1.153142	0.532357	0.499567	1.137930	0.606965	0.617316	0.672235
0.536337	0.490909	1.508699	0.487875	0.517749	1.224317	0.625092	0.668831	0.697125
0.607944	0.618182	1.487867	0.528918	0.502597	1.096357	0.526572	0.504762	0.843221
0.528150	0.506494	1.320334	0.516060	0.498268	1.067627	0.612012	0.621645	0.890454
0.608913	0.618615	1.404653	0.528055	0.505195	0.945135	0.598125	0.616450	0.801316
0.609417	0.618615	1.572063	0.496124	0.509091	0.990844	0.578032	0.603463	0.811290
0.539280	0.495671	1.633185	0.528856	0.505628	1.098936	0.490173	0.495238	0.715348
0.597092	0.648918	1.525712	0.532693	0.503463	1.282404	0.522926	0.515584	0.765668
0.609721	0.670563	1.208813	0.527775	0.504762	1.056662	0.551197	0.567965	0.676157
0.516234	0.501732	1.432548	0.529908	0.503896	1.195159	0.567834	0.607359	0.868702
0.582755	0.550649	1.514514	0.525328	0.500866	1.015175	0.531134	0.500866	0.775083
0.521766	0.506061	1.386211	0.530299	0.500866	1.076267	0.605465	0.617316	0.877704
0.529259	0.555844	1.172105	0.524132	0.503030	1.001363	0.528551	0.500866	0.746915
0.606802	0.618615	1.385167	0.491465	0.500866	1.254456	0.572750	0.637229	0.727544
0.556163	0.547186	1.100021	0.513362	0.451082	1.062110	0.606964	0.617316	0.984863
0.607837	0.617749	1.349031	0.525003	0.501299	0.919452	0.593717	0.658874	0.887726
0.542423	0.575758	1.449254	0.492915	0.513420	0.930556	0.601733	0.553680	0.740470
0.637368	0.664502	1.430317	0.530474	0.501299	1.439728	0.555553	0.594805	0.973652
0.639959	0.664935	1.797604	0.490369	0.494805	1.107576	0.606714	0.616450	0.624284
0.608860	0.619048	1.675742	0.501177	0.511688	1.229337	0.606285	0.618182	0.549789
0.610310	0.618615	1.913523	0.489385	0.506926	1.449213	0.607627	0.618182	0.928913
0.609035	0.619481	1.923160	0.516484	0.469264	1.139479	0.605674	0.618615	0.641555
0.527203	0.506926	1.910575	0.484491	0.483117	1.115555	0.518630	0.460606	1.201886
0.607311	0.619048	1.929009	0.529257	0.504762	1.125608	0.615293	0.624675	0.810159
0.639219	0.651082	1.996395	0.527528	0.501732	1.360112	0.629107	0.680087	0.647005
0.622479	0.670563	1.672510	0.489202	0.511255	1.304786	0.593688	0.663203	0.682045
0.524021	0.548918	1.568886	0.528786	0.505195	1.244247	0.561774	0.601732	1.063563
0.529474	0.501732	1.906051	0.476325	0.491775	0.911633	0.583371	0.645022	0.905270
0.526922	0.505628	1.725295	0.530067	0.503030	1.372698	0.517705	0.580952	0.779847
0.487162	0.506494	2.223046	0.531193	0.501732	1.289348	0.570022	0.625108	0.856741
0.588549	0.664069	2.351898	0.509102	0.442424	1.205310	0.608599	0.619048	1.318428
0.591379	0.550216	1.592921	0.533605	0.503463	1.454286	0.608707	0.618615	0.858079
0.489911	0.483117	1.799264	0.531400	0.501732	1.398442	0.600333	0.667100	0.812948
0.550923	0.550216	1.811630	0.477588	0.497835	1.347048	0.607753	0.619048	0.726163
0.608764	0.618182	1.642676	0.533133	0.503030	1.423326	0.606447	0.618182	1.059278
0.599395	0.664069	1.462084	0.496028	0.510390	1.275427	0.608599	0.619048	0.690206
0.608731	0.619481	1.909862	0.532190	0.504762	1.124124	0.589549	0.616450	0.649653
0.572511	0.626407	1.643271	0.530234	0.503896	1.711049	0.609159	0.618615	0.811237
0.588064	0.647619	1.529219	0.529988	0.505195	1.238362	0.608776	0.618615	1.097244
delta = 0.400000, m = 75
0.507430	0.492641	2.419712	0.537080	0.505628	1.286202	0.600963	0.558442	0.795411
0.510966	0.460606	1.801069	0.490268	0.502597	1.068913	0.536591	0.495238	0.987499
0.522722	0.503030	1.710919	0.530511	0.502165	1.293375	0.596416	0.651948	0.947155
0.556998	0.576190	2.037339	0.504121	0.543723	1.222457	0.608640	0.617316	0.853798
0.537835	0.496104	1.706521	0.489507	0.474459	0.978433	0.580339	0.653247	0.792269
0.621700	0.648052	1.475948	0.527577	0.503896	1.293038	0.558797	0.538095	0.953683
0.598485	0.555844	1.476850	0.502870	0.500866	1.012208	0.602885	0.664935	0.667860
0.515154	0.503463	1.807774	0.495459	0.447186	0.974065	0.561218	0.586580	0.789601
0.583348	0.591775	1.656190	0.527874	0.503030	1.024012	0.598577	0.612987	0.955367
0.525241	0.502165	1.961178	0.530129	0.501732	1.121249	0.618821	0.631602	1.295771
0.536941	0.495238	1.929752	0.494109	0.509091	1.273364	0.539585	0.495238	0.819943
0.573213	0.609957	1.801441	0.512054	0.505628	1.313725	0.516858	0.460173	0.875506
0.536941	0.495238	1.925255	0.496566	0.524675	1.317434	0.529643	0.503030	0.732474
0.529699	0.508225	1.431863	0.524600	0.505195	1.047236	0.566134	0.594372	0.758716
0.609098	0.618615	1.356519	0.497937	0.479654	0.937051	0.590423	0.642424	1.163531
0.608108	0.619048	1.510361	0.505786	0.507359	1.244580	0.529685	0.509957	0.874719
0.608389	0.619048	2.207445	0.497877	0.485714	1.519520	0.608519	0.619913	0.860486
0.609258	0.619481	3.060960	0.480160	0.431169	1.385499	0.607671	0.618182	0.767544
0.610854	0.619048	1.449716	0.496759	0.500433	1.300584	0.593844	0.646320	0.881216
0.595943	0.665801	2.630611	0.487817	0.487013	1.224708	0.607269	0.618182	0.969538
0.568265	0.603030	2.059576	0.526839	0.506494	1.645618	0.608831	0.618615	1.167795
0.594401	0.649351	2.064187	0.497388	0.510390	1.507505	0.576550	0.577922	0.906199
0.604303	0.617749	1.776460	0.486274	0.472294	1.413357	0.574953	0.647186	1.275636
0.607987	0.618182	2.360260	0.528018	0.505628	1.213783	0.507722	0.551082	0.905848
0.539692	0.495671	2.627439	0.520676	0.496537	1.263051	0.622602	0.635931	1.041869
0.486123	0.506061	2.193131	0.513775	0.505195	1.277965	0.612338	0.621212	0.946904
0.609503	0.619048	1.467758	0.531065	0.501732	1.195103	0.608889	0.618615	0.826389
0.556538	0.591342	1.860110	0.532848	0.502597	1.300111	0.609608	0.619048	0.718892
0.594579	0.646320	1.831261	0.490999	0.502597	1.102321	0.528776	0.506061	1.060845
0.581344	0.541558	1.877595	0.522411	0.529004	1.140951	0.528422	0.503030	0.906856
0.598405	0.554113	1.833302	0.475439	0.499134	1.245887	0.607269	0.618182	0.964752
0.608736	0.619048	2.001335	0.529613	0.504762	1.085002	0.525498	0.507792	0.981174
0.573415	0.647186	2.199858	0.581261	0.551948	1.127208	0.559258	0.559740	0.825059
0.609078	0.619048	1.842858	0.489974	0.492641	1.140502	0.607363	0.619048	0.767085
0.597929	0.648485	1.831880	0.496078	0.493506	1.183065	0.548335	0.598268	0.791546
0.526906	0.505195	1.393210	0.501034	0.494372	1.395727	0.607778	0.618182	0.672025
0.595599	0.554978	1.847527	0.488510	0.506061	1.173949	0.522807	0.499134	1.049747
0.526232	0.504329	1.986433	0.482607	0.506926	1.076489	0.608069	0.619048	0.902643
0.576249	0.570996	2.645090	0.529777	0.502165	1.208053	0.574302	0.623377	0.956285
0.510035	0.572294	2.152074	0.488668	0.471429	1.620142	0.617363	0.647619	0.971145
0.527166	0.506061	1.604030	0.484697	0.487013	1.169391	0.535361	0.490476	0.831324
0.607279	0.621212	1.413513	0.531371	0.502165	1.420333	0.609740	0.619481	1.068434
0.606867	0.618182	1.639184	0.490112	0.490043	1.362633	0.553939	0.522944	0.950271
0.608209	0.619048	2.206171	0.486104	0.492208	1.232237	0.580075	0.581385	0.846488
0.598429	0.612987	2.245015	0.531079	0.503896	1.100358	0.574383	0.578355	0.776818
0.608772	0.619048	2.261685	0.526419	0.502597	1.191019	0.611254	0.620346	0.893275
0.552357	0.603896	2.296128	0.485371	0.487446	1.085457	0.538557	0.574026	1.399994
0.537256	0.496104	2.043981	0.530794	0.502597	1.493214	0.607953	0.618182	0.992748
0.519405	0.575325	1.789222	0.529790	0.502165	1.402797	0.608202	0.617316	1.195431
0.607865	0.618615	1.714092	0.494708	0.494805	1.219358	0.607363	0.619048	0.624112
delta = 0.400000, m = 80
0.584854	0.655844	2.151500	0.527749	0.506061	1.048341	0.602085	0.555411	0.898836
0.577401	0.585714	2.650866	0.493204	0.485281	1.137610	0.577715	0.576190	0.771496
0.498739	0.498268	2.087286	0.532322	0.502597	1.407868	0.607198	0.619048	1.009193
0.607536	0.619913	2.110666	0.525808	0.501732	1.358357	0.608860	0.619048	1.219498
0.582924	0.548052	1.897912	0.494922	0.454113	1.676568	0.608599	0.619048	0.839845
0.607798	0.618182	2.572104	0.487272	0.499567	1.079535	0.609608	0.619048	0.933977
0.591758	0.650216	2.106539	0.529996	0.503896	1.177074	0.597267	0.656710	1.010109
0.499167	0.492641	2.533485	0.491812	0.505195	1.381561	0.606860	0.617749	0.808022
0.578711	0.572294	2.106169	0.531425	0.503030	1.485304	0.571834	0.612121	1.009961
0.593478	0.643723	2.237594	0.531854	0.503030	1.248806	0.605717	0.619913	0.727195
0.567268	0.526840	1.976416	0.503763	0.514286	1.455090	0.483677	0.512554	0.850262
0.609608	0.619048	1.850472	0.512593	0.537229	0.988128	0.566293	0.602597	0.746584
0.510896	0.559740	2.395821	0.531053	0.503463	1.163321	0.608989	0.619048	1.069239
0.572373	0.537229	1.619254	0.530091	0.501732	1.110150	0.607307	0.618182	1.075306
0.582522	0.573593	2.154316	0.490730	0.505195	1.093299	0.596686	0.654113	0.654367
0.610566	0.620346	1.629541	0.478767	0.493939	1.502455	0.473375	0.518615	0.768795
0.607623	0.619048	1.983537	0.532507	0.502597	1.539897	0.597221	0.558442	0.928798
0.486690	0.493506	1.987396	0.516333	0.460606	1.152550	0.609740	0.619481	1.091051
0.540634	0.615152	1.952984	0.527822	0.504329	1.238970	0.570783	0.587879	0.991578
0.536941	0.495238	1.827282	0.493405	0.501732	1.274651	0.568986	0.590476	0.847668
0.601957	0.618182	1.693840	0.481526	0.495671	1.199005	0.606133	0.618182	0.940304
0.513241	0.461905	1.723443	0.529678	0.501732	1.312000	0.606764	0.618615	1.164080
0.496062	0.507359	2.649549	0.493344	0.458874	1.726853	0.524666	0.505628	0.862170
0.562304	0.610823	2.137328	0.531873	0.503896	1.522738	0.607568	0.618182	0.691316
0.609662	0.618615	1.941025	0.507709	0.493506	1.118629	0.596579	0.668831	1.135126
0.493059	0.501732	1.972107	0.508516	0.441991	1.112910	0.613984	0.674892	0.784423
0.638606	0.637229	2.258438	0.530807	0.502597	1.140163	0.607691	0.619048	1.120815
0.482612	0.503896	1.732862	0.525399	0.501732	1.549816	0.583624	0.630303	1.247173
0.610874	0.619913	2.266291	0.529674	0.502597	1.770855	0.481473	0.506926	0.811153
0.570563	0.615584	2.266040	0.486689	0.512121	1.356036	0.524607	0.507792	1.207965
0.481864	0.488745	2.219299	0.490345	0.485281	1.343449	0.587929	0.552381	1.030537
0.607825	0.617749	2.675940	0.493280	0.503030	1.057902	0.578723	0.575758	0.971894
0.605894	0.618182	2.481589	0.488882	0.494372	1.342898	0.558524	0.614719	0.871830
0.525901	0.505628	1.842762	0.504890	0.503030	1.340257	0.581745	0.602597	0.728183
0.523005	0.510390	1.899207	0.508407	0.499567	1.441926	0.575461	0.538095	0.796868
0.608450	0.619048	2.089364	0.530788	0.502597	1.121104	0.607800	0.617749	0.906506
0.577322	0.576190	2.236328	0.529298	0.502597	1.661192	0.608125	0.618182	1.262862
0.601610	0.660173	1.963564	0.510316	0.496970	1.052220	0.537163	0.494805	0.926009
0.607013	0.621645	1.945542	0.506956	0.505195	1.187591	0.608558	0.671861	1.001948
0.520383	0.505195	1.684006	0.526876	0.502597	1.129461	0.542057	0.494372	0.760456
0.525678	0.503896	2.137285	0.485556	0.501299	1.209714	0.597178	0.665368	0.683462
0.571400	0.641126	1.557745	0.491543	0.502597	1.051470	0.608167	0.618182	0.846004
0.493352	0.464069	2.065172	0.487988	0.483983	1.670629	0.610099	0.617749	1.055542
0.527688	0.505628	1.976437	0.529892	0.504329	1.079288	0.596832	0.646753	0.635387
0.589521	0.549351	1.964395	0.532710	0.504762	1.493028	0.560273	0.570563	0.791321
0.593391	0.650216	1.782453	0.517761	0.427706	0.969010	0.606488	0.618615	0.684759
0.525583	0.508658	2.099339	0.514365	0.474892	1.197735	0.588163	0.643723	1.194913
0.483148	0.506926	1.626540	0.493736	0.500433	1.226044	0.556011	0.566234	0.814264
0.576844	0.582684	2.340544	0.466832	0.444156	1.535656	0.606173	0.618615	1.103162
0.608599	0.619048	2.067137	0.489475	0.504762	1.062537	0.600214	0.550216	1.065470
