delta = 0.400000, m = 10
0.328561	0.509346	0.108290	0.346373	0.476636	0.094839	0.264726	0.378505	0.084501
0.383319	0.504673	0.088026	0.289015	0.495327	0.084772	0.361611	0.443925	0.079691
0.403125	0.495327	0.101257	0.301970	0.476636	0.097165	0.323313	0.528037	0.073856
0.417870	0.490654	0.096012	0.333069	0.457944	0.098012	0.295048	0.401869	0.074378
0.357107	0.495327	0.093440	0.298085	0.448598	0.092291	0.358301	0.509346	0.069685
0.377269	0.542056	0.093489	0.339360	0.467290	0.092273	0.292451	0.429907	0.083476
0.379856	0.500000	0.087407	0.320950	0.453271	0.108689	0.370277	0.485981	0.075322
0.314494	0.471963	0.088441	0.368530	0.476636	0.094918	0.318824	0.481308	0.072872
0.373576	0.471963	0.086605	0.333097	0.495327	0.091881	0.330828	0.434579	0.067833
0.362851	0.514019	0.091566	0.346949	0.467290	0.094784	0.307083	0.439252	0.072938
0.386640	0.542056	0.100909	0.317936	0.485981	0.087105	0.314636	0.443925	0.076741
0.321241	0.514019	0.093385	0.350197	0.495327	0.092207	0.358157	0.448598	0.074983
0.381700	0.490654	0.096013	0.332048	0.481308	0.090858	0.286085	0.448598	0.068994
0.361634	0.504673	0.093774	0.272418	0.434579	0.091247	0.361677	0.514019	0.066641
0.360866	0.579439	0.096395	0.376200	0.485981	0.096255	0.374779	0.467290	0.074823
0.407427	0.467290	0.098192	0.326452	0.490654	0.094184	0.364553	0.528037	0.070256
0.258642	0.457944	0.088635	0.348627	0.509346	0.089947	0.364984	0.471963	0.072075
0.282867	0.467290	0.086911	0.348760	0.467290	0.093337	0.331726	0.500000	0.075209
0.358791	0.537383	0.089440	0.331383	0.467290	0.109026	0.351089	0.453271	0.071096
0.392492	0.607477	0.090924	0.346242	0.476636	0.089887	0.379993	0.518692	0.076506
0.394263	0.467290	0.089162	0.262046	0.439252	0.094820	0.309150	0.462617	0.073009
0.338685	0.509346	0.096707	0.279487	0.434579	0.093362	0.327000	0.523364	0.075783
0.330147	0.574766	0.097928	0.350894	0.471963	0.093608	0.370148	0.546729	0.071648
0.357560	0.528037	0.095848	0.315909	0.448598	0.088652	0.368511	0.532710	0.075505
0.399537	0.495327	0.086523	0.394577	0.528037	0.089318	0.353764	0.500000	0.072539
0.414447	0.500000	0.092228	0.331237	0.453271	0.089614	0.311945	0.514019	0.084851
0.362386	0.565421	0.101768	0.348981	0.462617	0.094385	0.338505	0.500000	0.083720
0.389103	0.579439	0.086147	0.379197	0.528037	0.091803	0.336900	0.462617	0.074356
0.439121	0.485981	0.085457	0.390019	0.528037	0.100431	0.327835	0.443925	0.073508
0.380187	0.504673	0.086323	0.323757	0.476636	0.095134	0.274187	0.467290	0.074990
0.362078	0.490654	0.095748	0.360580	0.471963	0.093203	0.339080	0.537383	0.072945
0.345630	0.532710	0.090496	0.356352	0.518692	0.100279	0.302012	0.500000	0.077244
0.356435	0.584112	0.092003	0.390040	0.532710	0.090988	0.280169	0.411215	0.073765
0.300207	0.471963	0.085237	0.394577	0.528037	0.110423	0.347384	0.523364	0.076256
0.377438	0.481308	0.103937	0.357385	0.471963	0.091920	0.347176	0.495327	0.069969
0.346730	0.588785	0.097386	0.355464	0.471963	0.088591	0.345769	0.467290	0.071351
0.429324	0.476636	0.093163	0.359276	0.481308	0.089722	0.316465	0.485981	0.075941
0.304413	0.462617	0.099058	0.288819	0.448598	0.093176	0.304184	0.453271	0.072912
0.362557	0.546729	0.092767	0.347528	0.509346	0.094205	0.332119	0.504673	0.069414
0.339870	0.518692	0.105017	0.403611	0.542056	0.092449	0.280400	0.439252	0.076165
0.354986	0.471963	0.092716	0.295709	0.443925	0.091364	0.288501	0.490654	0.074088
0.379017	0.504673	0.107724	0.315481	0.462617	0.093639	0.331869	0.457944	0.071983
0.326321	0.504673	0.099092	0.352038	0.481308	0.091033	0.314602	0.509346	0.069400
0.358297	0.537383	0.085225	0.315728	0.462617	0.091779	0.354058	0.500000	0.088453
0.340566	0.514019	0.090662	0.256539	0.448598	0.094426	0.328859	0.467290	0.089232
0.375074	0.504673	0.098682	0.218590	0.462617	0.096390	0.330699	0.490654	0.076940
0.362078	0.490654	0.092025	0.316338	0.453271	0.090750	0.312127	0.471963	0.068635
0.372050	0.523364	0.088722	0.290028	0.439252	0.095518	0.267115	0.401869	0.069830
0.395106	0.504673	0.093615	0.346081	0.509346	0.109274	0.303877	0.500000	0.072843
0.373477	0.495327	0.089100	0.346695	0.471963	0.094034	0.324141	0.457944	0.077787
delta = 0.400000, m = 15
0.389702	0.490654	0.117735	0.332963	0.476636	0.093877	0.337946	0.495327	0.073111
0.337574	0.518692	0.096397	0.338567	0.467290	0.092639	0.262385	0.462617	0.080327
0.443016	0.504673	0.096261	0.348418	0.462617	0.094691	0.363230	0.528037	0.074958
0.375938	0.485981	0.095854	0.345495	0.462617	0.097861	0.264125	0.443925	0.073046
0.348458	0.500000	0.093509	0.304538	0.462617	0.098839	0.305254	0.500000	0.073418
0.380678	0.588785	0.091204	0.353056	0.509346	0.094372	0.330810	0.448598	0.075754
0.376403	0.593458	0.102921	0.401163	0.542056	0.096145	0.325431	0.495327	0.077061
0.353655	0.528037	0.092584	0.315375	0.462617	0.096821	0.324557	0.453271	0.073256
0.389702	0.490654	0.098711	0.357412	0.476636	0.100190	0.283736	0.448598	0.077374
0.349512	0.481308	0.095795	0.341753	0.476636	0.096017	0.324416	0.500000	0.081228
0.312831	0.509346	0.094828	0.368040	0.528037	0.096551	0.344151	0.462617	0.074365
0.348602	0.485981	0.098157	0.357442	0.481308	0.090807	0.315739	0.514019	0.073796
0.352752	0.532710	0.098684	0.338174	0.467290	0.096141	0.354824	0.523364	0.071146
0.389702	0.490654	0.093791	0.353863	0.471963	0.104767	0.332025	0.453271	0.078515
0.388394	0.490654	0.104159	0.294041	0.434579	0.090532	0.329827	0.509346	0.070052
0.358681	0.574766	0.091949	0.322197	0.457944	0.095636	0.306447	0.514019	0.073246
0.342042	0.523364	0.105435	0.285105	0.443925	0.094232	0.270068	0.439252	0.074699
0.309192	0.509346	0.108462	0.402214	0.537383	0.100183	0.389905	0.528037	0.082541
0.366438	0.579439	0.096549	0.332672	0.481308	0.099433	0.385309	0.528037	0.071031
0.350981	0.509346	0.091547	0.346414	0.462617	0.099947	0.326545	0.514019	0.076735
0.343675	0.509346	0.091984	0.354732	0.471963	0.101765	0.339646	0.532710	0.080230
0.356042	0.523364	0.090275	0.339284	0.462617	0.100242	0.338885	0.504673	0.072216
0.325410	0.504673	0.094315	0.362205	0.523364	0.094554	0.362213	0.504673	0.075036
0.336888	0.500000	0.097189	0.295927	0.443925	0.096220	0.340071	0.467290	0.075558
0.360617	0.523364	0.096348	0.336268	0.467290	0.098875	0.386451	0.504673	0.081061
0.327489	0.509346	0.100911	0.357005	0.476636	0.096131	0.346967	0.542056	0.073820
0.318226	0.523364	0.095752	0.334425	0.467290	0.096587	0.398339	0.542056	0.075909
0.331263	0.500000	0.101442	0.352435	0.528037	0.098075	0.328640	0.523364	0.075755
0.340189	0.546729	0.095427	0.367950	0.476636	0.096123	0.266749	0.448598	0.072546
0.356015	0.518692	0.096754	0.357385	0.471963	0.090993	0.351801	0.495327	0.069647
0.332753	0.504673	0.096456	0.321537	0.485981	0.095377	0.347034	0.528037	0.076559
0.321936	0.514019	0.099229	0.363798	0.476636	0.097660	0.352250	0.453271	0.071740
0.343304	0.500000	0.102130	0.366793	0.528037	0.100643	0.377231	0.481308	0.077571
0.330981	0.500000	0.091720	0.353104	0.467290	0.096696	0.350297	0.518692	0.073381
0.350003	0.500000	0.088074	0.390040	0.532710	0.103489	0.337708	0.462617	0.079109
0.411470	0.500000	0.096097	0.348051	0.467290	0.106918	0.324965	0.500000	0.088848
0.360856	0.528037	0.096596	0.353635	0.471963	0.094173	0.304178	0.467290	0.071836
0.325238	0.485981	0.097881	0.351704	0.467290	0.096221	0.348335	0.490654	0.084255
0.343579	0.532710	0.101571	0.341416	0.462617	0.095017	0.312540	0.523364	0.074298
0.319224	0.523364	0.097021	0.390665	0.532710	0.111977	0.260245	0.518692	0.073314
0.341558	0.537383	0.097097	0.305716	0.485981	0.101682	0.294513	0.471963	0.073267
0.335919	0.514019	0.096653	0.334576	0.471963	0.098432	0.394655	0.518692	0.075195
0.346820	0.514019	0.099038	0.336532	0.462617	0.097229	0.330966	0.453271	0.069755
0.362408	0.542056	0.099742	0.347813	0.528037	0.104915	0.316169	0.523364	0.071234
0.324460	0.523364	0.098578	0.256647	0.411215	0.097085	0.359011	0.514019	0.077710
0.359847	0.523364	0.096658	0.319785	0.481308	0.109059	0.346052	0.500000	0.073575
0.365734	0.504673	0.098906	0.357385	0.471963	0.096445	0.357378	0.537383	0.091971
0.335560	0.485981	0.097420	0.349545	0.528037	0.095282	0.359496	0.485981	0.076878
0.338856	0.518692	0.096983	0.342050	0.490654	0.096139	0.339156	0.434579	0.076690
0.317802	0.490654	0.098621	0.353981	0.471963	0.097974	0.304639	0.476636	0.076472
