delta = 0.060000, m = 10
0.284960	0.512605	0.047820	0.713905	0.760504	0.034104	0.927567	0.978992	0.028122
0.345299	0.575630	0.036773	0.931252	0.983193	0.032323	0.516949	0.752101	0.018421
0.149235	0.457983	0.042072	0.675489	0.760504	0.037958	0.907106	0.974790	0.022252
0.673294	0.705882	0.038849	0.625466	0.747899	0.036511	0.831555	0.941176	0.023504
0.331654	0.651261	0.035911	0.676904	0.773109	0.034466	0.567621	0.752101	0.016657
0.546332	0.668067	0.039270	0.639144	0.739496	0.035700	0.610522	0.781513	0.019330
0.091407	0.449580	0.042339	0.693270	0.777311	0.036067	0.610825	0.806723	0.022532
0.330079	0.567227	0.037470	0.930067	0.983193	0.035284	0.868807	0.962185	0.020681
0.137121	0.445378	0.041236	0.727477	0.773109	0.032685	0.680524	0.823529	0.019494
0.221826	0.466387	0.033776	0.689747	0.773109	0.034310	0.539131	0.806723	0.024775
0.232825	0.571429	0.034002	0.585402	0.626050	0.034423	0.944189	0.987395	0.020017
0.529137	0.663866	0.025226	0.657726	0.752101	0.033540	0.882409	0.966387	0.013754
0.666637	0.768908	0.040202	0.646817	0.777311	0.039002	0.808530	0.920168	0.014424
0.329117	0.571429	0.036899	0.780856	0.773109	0.037176	0.744374	0.911765	0.026590
0.527050	0.752101	0.038440	0.704467	0.777311	0.037518	0.573877	0.802521	0.016075
0.297756	0.537815	0.037892	0.679923	0.768908	0.033049	0.322120	0.600840	0.017705
0.387380	0.575630	0.045130	0.707825	0.773109	0.038005	0.759241	0.836134	0.020270
0.431941	0.659664	0.039313	0.701629	0.777311	0.033905	0.787519	0.924370	0.013854
0.697014	0.756303	0.037422	0.644212	0.777311	0.033061	0.750483	0.781513	0.013634
0.139643	0.453782	0.040451	0.727477	0.773109	0.035695	0.868807	0.962185	0.019224
0.290438	0.613445	0.029634	0.755242	0.777311	0.030600	0.802072	0.924370	0.015303
0.249352	0.584034	0.036890	0.886938	0.970588	0.035430	0.865996	0.957983	0.018682
0.630462	0.781513	0.025119	0.665567	0.773109	0.032509	0.754798	0.827731	0.014254
0.558020	0.672269	0.035908	0.951633	0.987395	0.032475	0.685042	0.764706	0.020257
0.165936	0.462185	0.030909	0.602236	0.726891	0.035875	0.827152	0.949580	0.015733
0.344612	0.596639	0.034302	0.639144	0.739496	0.042900	0.680159	0.844538	0.018914
0.137121	0.445378	0.037521	0.661620	0.773109	0.036334	0.930802	0.983193	0.027066
0.137121	0.445378	0.038741	0.668568	0.768908	0.029741	0.743345	0.882353	0.017282
0.496929	0.701681	0.039637	0.713905	0.760504	0.027672	0.773842	0.882353	0.016915
0.320883	0.605042	0.034262	0.663351	0.752101	0.032615	0.751685	0.894958	0.021421
0.298344	0.596639	0.032108	0.737670	0.777311	0.037718	0.776968	0.903361	0.018873
0.353918	0.655462	0.035865	0.749508	0.785714	0.034605	0.943378	0.987395	0.018690
0.472428	0.701681	0.035624	0.927567	0.978992	0.036224	0.621711	0.823529	0.155502
0.298344	0.596639	0.039041	0.673682	0.764706	0.060961	0.836727	0.949580	0.030541
0.154507	0.445378	0.041633	0.611892	0.743697	0.047016	0.666201	0.630252	0.021946
0.233246	0.592437	0.035091	0.755242	0.777311	0.033807	0.367960	0.600840	0.019638
0.320970	0.634454	0.035307	0.684673	0.785714	0.035520	0.878594	0.953782	0.017809
0.169169	0.483193	0.037592	0.963815	0.991597	0.034801	0.943378	0.987395	0.020447
0.254475	0.600840	0.036403	0.661620	0.773109	0.034896	0.898874	0.966387	0.021121
0.396626	0.647059	0.035144	0.753334	0.768908	0.033552	0.915409	0.978992	0.019936
0.346158	0.558824	0.033323	0.727477	0.773109	0.036150	0.769122	0.907563	0.020139
0.118746	0.441176	0.036771	0.609218	0.752101	0.036767	0.629550	0.848739	0.019056
0.175814	0.546218	0.034513	0.770032	0.785714	0.031569	0.436270	0.655462	0.020519
0.064963	0.428571	0.037725	0.628154	0.743697	0.038259	0.869867	0.957983	0.021382
0.139643	0.453782	0.035019	0.584255	0.743697	0.036658	0.812299	0.945378	0.020701
0.384352	0.680672	0.038138	0.567072	0.718487	0.034600	0.704640	0.848739	0.019446
0.139643	0.453782	0.035825	0.727836	0.785714	0.034242	0.836958	0.953782	0.018707
0.237547	0.571429	0.037960	0.770032	0.785714	0.035623	0.516725	0.630252	0.017110
0.242172	0.554622	0.031576	0.731423	0.768908	0.035430	0.650335	0.794118	0.023545
0.119368	0.462185	0.042204	0.708775	0.768908	0.035431	0.611124	0.747899	0.030978
delta = 0.060000, m = 15
0.279929	0.516807	0.051809	1.000000	1.000000	0.039415	0.645840	0.638655	0.019231
0.319651	0.584034	0.043521	1.000000	1.000000	0.037939	0.867351	0.962185	0.023921
0.314179	0.529412	0.048924	0.759527	0.773109	0.041840	0.855689	0.962185	0.029739
0.213826	0.579832	0.033559	0.755242	0.777311	0.036266	1.000000	1.000000	0.040881
0.242356	0.605042	0.054827	1.000000	1.000000	0.048596	0.851401	0.953782	0.023258
0.230449	0.592437	0.051364	0.674510	0.777311	0.034487	0.964571	0.991597	0.021005
0.192087	0.432773	0.045929	1.000000	1.000000	0.037753	0.919579	0.974790	0.030564
0.502697	0.684874	0.048223	0.732915	0.777311	0.038696	0.664972	0.865546	0.031717
0.199003	0.550420	0.046013	0.707825	0.773109	0.037285	0.693023	0.768908	0.021416
0.332859	0.663866	0.045407	1.000000	1.000000	0.039177	0.979564	0.995798	0.032756
0.307294	0.525210	0.047751	0.715803	0.773109	0.041030	0.665639	0.647059	0.031673
0.561190	0.651261	0.048267	0.979564	0.995798	0.040436	0.898705	0.970588	0.021368
0.388855	0.710084	0.050694	1.000000	1.000000	0.041103	0.770032	0.785714	0.031171
0.628295	0.789916	0.039953	0.979564	0.995798	0.033722	0.929948	0.983193	0.014681
0.548810	0.697479	0.042771	0.679923	0.768908	0.033669	0.878733	0.966387	0.019460
0.214895	0.470588	0.044816	0.940027	0.983193	0.039205	1.000000	1.000000	0.030912
0.303394	0.634454	0.043112	1.000000	1.000000	0.042777	0.943749	0.987395	0.023136
0.355032	0.579832	0.042067	1.000000	1.000000	0.035031	1.000000	1.000000	0.021566
0.340589	0.575630	0.041883	1.000000	1.000000	0.039572	0.930802	0.983193	0.035757
0.161946	0.542017	0.039589	0.929948	0.983193	0.038977	0.805042	0.941176	0.026784
0.316474	0.617647	0.043420	0.712814	0.785714	0.036543	0.979564	0.995798	0.020630
0.168084	0.542017	0.046866	0.734697	0.781513	0.038306	0.857790	0.957983	0.032377
0.185482	0.558824	0.059703	0.940027	0.983193	0.039321	0.964571	0.991597	0.031366
0.309720	0.617647	0.049670	0.979181	0.995798	0.038424	0.835930	0.945378	0.022773
0.402055	0.684874	0.042240	0.717384	0.777311	0.036575	1.000000	1.000000	0.023342
0.197927	0.567227	0.048899	1.000000	1.000000	0.039836	0.943378	0.987395	0.018920
0.601451	0.773109	0.037677	1.000000	1.000000	0.039410	0.834747	0.949580	0.021051
0.211800	0.457983	0.052894	0.717384	0.777311	0.035486	0.724879	0.899160	0.029251
0.198624	0.571429	0.048576	0.721000	0.773109	0.041060	0.736593	0.882353	0.022223
0.416135	0.659664	0.039979	0.611309	0.773109	0.037302	0.882127	0.970588	0.029577
0.252329	0.567227	0.048532	0.693023	0.768908	0.037901	0.830791	0.945378	0.017504
0.255040	0.483193	0.051462	0.732915	0.777311	0.036378	0.859310	0.953782	0.022106
0.325822	0.613445	0.045109	0.625757	0.773109	0.040494	0.867323	0.949580	0.028108
0.554869	0.777311	0.038831	0.726267	0.789916	0.042458	0.951517	0.987395	0.025196
0.388646	0.621849	0.035595	0.618228	0.735294	0.047340	0.578457	0.743697	0.020258
0.625215	0.802521	0.038791	0.661620	0.773109	0.039499	0.798673	0.915966	0.037465
0.368132	0.575630	0.038854	1.000000	1.000000	0.040585	0.963815	0.991597	0.033002
0.541885	0.718487	0.047498	0.683368	0.777311	0.040056	0.814718	0.932773	0.018735
0.475224	0.638655	0.043719	0.657402	0.773109	0.035637	0.919185	0.978992	0.030739
0.398882	0.647059	0.035891	1.000000	1.000000	0.039747	1.000000	1.000000	0.018782
0.266544	0.487395	0.044534	1.000000	1.000000	0.041017	0.879175	0.970588	0.020307
0.266108	0.571429	0.046021	0.979181	0.995798	0.040687	0.903984	0.974790	0.017848
0.369045	0.701681	0.039392	1.000000	1.000000	0.037504	0.927567	0.978992	0.021842
0.247274	0.609244	0.037572	1.000000	1.000000	0.034831	0.944189	0.987395	0.019046
0.222033	0.575630	0.045874	0.979564	0.995798	0.038044	0.776333	0.777311	0.020747
0.254876	0.600840	0.047547	0.732915	0.777311	0.039938	0.903776	0.974790	0.019712
0.619354	0.798319	0.039588	0.714736	0.781513	0.041926	0.706335	0.878151	0.027907
0.191682	0.550420	0.040114	0.633593	0.773109	0.039047	0.786402	0.924370	0.018582
0.258447	0.617647	0.049524	0.721000	0.773109	0.038494	0.713724	0.836134	0.020856
0.372959	0.676471	0.042760	0.629465	0.773109	0.039101	0.938542	0.983193	0.020170
delta = 0.060000, m = 20
0.627366	0.789916	0.056505	0.677205	0.773109	0.052857	0.943378	0.987395	0.033252
0.193266	0.563025	0.059444	0.714736	0.781513	0.047016	0.938542	0.983193	0.023827
0.598481	0.731092	0.050877	1.000000	1.000000	0.045214	0.715803	0.773109	0.027676
0.631467	0.781513	0.043222	1.000000	1.000000	0.044348	0.787736	0.932773	0.031874
0.569257	0.802521	0.047095	1.000000	1.000000	0.045267	1.000000	1.000000	0.033195
0.637497	0.806723	0.047610	1.000000	1.000000	0.049479	0.928490	0.983193	0.024045
0.547776	0.764706	0.048796	0.979564	0.995798	0.050151	0.963712	0.991597	0.031502
0.251188	0.609244	0.048306	0.938232	0.983193	0.050885	1.000000	1.000000	0.021911
0.607750	0.794118	0.057098	1.000000	1.000000	0.051818	0.928396	0.983193	0.024494
0.193692	0.567227	0.049437	0.696392	0.773109	0.046953	0.819062	0.932773	0.032896
0.193266	0.563025	0.048807	0.098677	0.432773	0.050011	0.963815	0.991597	0.027261
0.616466	0.789916	0.053073	1.000000	1.000000	0.046349	0.867323	0.949580	0.025991
0.317041	0.663866	0.052040	1.000000	1.000000	0.048722	0.755242	0.777311	0.025640
0.618636	0.806723	0.048199	1.000000	1.000000	0.045164	0.765372	0.768908	0.035831
0.643221	0.773109	0.039068	1.000000	1.000000	0.045671	0.734697	0.781513	0.030401
0.634082	0.815126	0.048848	1.000000	1.000000	0.049508	0.712814	0.785714	0.027426
0.637311	0.819328	0.054799	0.751988	0.781513	0.048662	0.951633	0.987395	0.029275
0.615424	0.819328	0.055194	0.950312	0.987395	0.049217	0.683368	0.777311	0.022880
0.611309	0.773109	0.056641	0.677205	0.773109	0.069298	1.000000	1.000000	0.039843
0.193200	0.563025	0.052608	0.721000	0.773109	0.046741	0.637956	0.777311	0.027369
0.241917	0.609244	0.051000	0.669028	0.773109	0.051396	0.757878	0.773109	0.041333
0.650568	0.794118	0.040792	0.950312	0.987395	0.045716	1.000000	1.000000	0.026071
0.597228	0.714286	0.048341	1.000000	1.000000	0.043963	1.000000	1.000000	0.029927
0.211746	0.575630	0.059218	0.686270	0.773109	0.046787	0.879042	0.966387	0.025246
0.479782	0.672269	0.046798	0.669028	0.773109	0.043649	0.943769	0.987395	0.025596
0.528164	0.697479	0.044586	0.732915	0.777311	0.051942	0.979564	0.995798	0.033728
0.616175	0.794118	0.050127	0.711475	0.789916	0.048399	0.705020	0.773109	0.022448
0.535909	0.785714	0.051259	1.000000	1.000000	0.050550	0.724175	0.777311	0.026961
0.193266	0.563025	0.046392	1.000000	1.000000	0.041612	0.755242	0.777311	0.027349
0.620731	0.781513	0.038909	0.736822	0.773109	0.047376	0.599775	0.617647	0.034974
0.616295	0.781513	0.042394	0.721000	0.773109	0.039157	0.780856	0.773109	0.045441
0.695902	0.890756	0.053263	0.643215	0.773109	0.042249	1.000000	1.000000	0.034216
0.659715	0.802521	0.048355	0.693270	0.777311	0.049030	0.979564	0.995798	0.035429
0.234445	0.588235	0.050564	0.951517	0.987395	0.083814	1.000000	1.000000	0.047545
0.672058	0.802521	0.050146	1.000000	1.000000	0.043621	1.000000	1.000000	0.040242
0.584322	0.785714	0.039403	1.000000	1.000000	0.047348	0.767857	0.789916	0.021630
0.593125	0.731092	0.051263	0.625757	0.773109	0.050873	0.979564	0.995798	0.019337
0.644878	0.764706	0.047983	0.717384	0.777311	0.045343	0.964509	0.991597	0.023260
0.608276	0.773109	0.056114	0.707825	0.773109	0.048110	1.000000	1.000000	0.035802
0.241791	0.588235	0.049990	0.712609	0.768908	0.052950	0.919579	0.974790	0.027080
0.608938	0.789916	0.050129	0.979544	0.995798	0.049005	0.759527	0.773109	0.029241
0.617468	0.785714	0.046132	0.677205	0.773109	0.050474	0.964509	0.991597	0.023300
0.651631	0.752101	0.048228	0.721000	0.773109	0.049864	0.772808	0.781513	0.025626
0.566106	0.785714	0.046150	0.759527	0.773109	0.048891	0.780856	0.773109	0.033013
0.707825	0.773109	0.046361	0.979564	0.995798	0.046340	0.940027	0.983193	0.049061
0.666529	0.777311	0.045338	1.000000	1.000000	0.045788	1.000000	1.000000	0.033393
0.677489	0.878151	0.047747	1.000000	1.000000	0.044427	0.809803	0.924370	0.027410
0.589683	0.785714	0.051590	0.732915	0.777311	0.044674	0.930067	0.983193	0.038661
0.254913	0.592437	0.040164	0.669028	0.773109	0.055736	0.780856	0.773109	0.023078
0.367181	0.600840	0.049516	0.683368	0.777311	0.040696	0.979564	0.995798	0.026611
delta = 0.060000, m = 25
0.626494	0.806723	0.074353	0.648776	0.773109	0.077017	0.940027	0.983193	0.050655
0.688741	0.857143	0.059934	0.657402	0.773109	0.071635	1.000000	1.000000	0.050766
0.626114	0.819328	0.063542	1.000000	1.000000	0.077848	1.000000	1.000000	0.040602
0.657586	0.815126	0.064053	0.886870	0.966387	0.078462	0.516612	0.735294	0.039894
0.631298	0.815126	0.064758	0.686270	0.773109	0.079908	0.979181	0.995798	0.042868
0.616466	0.789916	0.065151	0.686270	0.773109	0.076712	1.000000	1.000000	0.039356
0.622440	0.802521	0.068747	0.098677	0.432773	0.076321	1.000000	1.000000	0.039148
0.613471	0.789916	0.065177	0.661620	0.773109	0.068521	0.780856	0.773109	0.052765
0.538517	0.785714	0.073521	1.000000	1.000000	0.077924	0.979564	0.995798	0.047773
0.572080	0.785714	0.066796	0.929410	0.978992	0.081773	1.000000	1.000000	0.039196
0.621919	0.789916	0.065792	1.000000	1.000000	0.079118	1.000000	1.000000	0.038566
0.561753	0.710084	0.067144	1.000000	1.000000	0.079752	1.000000	1.000000	0.039899
0.625271	0.789916	0.064297	1.000000	1.000000	0.077491	0.759527	0.773109	0.039166
0.632133	0.815126	0.064692	1.000000	1.000000	0.078798	0.877601	0.962185	0.040983
0.623410	0.815126	0.064691	1.000000	1.000000	0.077616	0.919579	0.974790	0.042861
0.666560	0.848739	0.066154	1.000000	1.000000	0.080382	1.000000	1.000000	0.037646
0.648502	0.827731	0.065412	0.681373	0.781513	0.079224	0.950510	0.987395	0.040528
0.651236	0.819328	0.066080	0.661620	0.773109	0.078485	0.727836	0.785714	0.054006
0.624241	0.806723	0.072591	1.000000	1.000000	0.083268	1.000000	1.000000	0.051337
0.618650	0.777311	0.074888	0.707825	0.773109	0.079637	0.917890	0.978992	0.037551
0.627256	0.777311	0.087748	0.686270	0.773109	0.105646	1.000000	1.000000	0.040276
0.655714	0.810924	0.066773	0.686270	0.773109	0.078894	0.603528	0.626050	0.037691
0.642600	0.806723	0.066458	0.669028	0.773109	0.077080	0.964509	0.991597	0.039794
0.650940	0.810924	0.063495	0.674510	0.777311	0.080800	1.000000	1.000000	0.040217
0.614084	0.789916	0.065247	0.686270	0.773109	0.064607	0.880867	0.966387	0.050728
0.613560	0.806723	0.067989	1.000000	1.000000	0.078836	0.951517	0.987395	0.050404
0.628182	0.810924	0.074292	0.721000	0.773109	0.077066	0.857591	0.953782	0.044998
0.655193	0.777311	0.058997	0.943249	0.987395	0.078248	0.766184	0.794118	0.039987
0.553452	0.773109	0.063784	0.686270	0.773109	0.086685	1.000000	1.000000	0.040307
0.593157	0.802521	0.063229	0.707825	0.773109	0.075412	1.000000	1.000000	0.055119
0.646698	0.810924	0.069986	0.707825	0.773109	0.103458	0.841008	0.949580	0.046970
0.638246	0.789916	0.065853	1.000000	1.000000	0.079707	1.000000	1.000000	0.040291
0.644809	0.806723	0.065981	1.000000	1.000000	0.078403	1.000000	1.000000	0.040272
0.652947	0.794118	0.063251	0.686270	0.773109	0.078276	0.795839	0.936975	0.045413
0.626106	0.806723	0.066268	0.629465	0.773109	0.069904	1.000000	1.000000	0.046671
0.631925	0.806723	0.079803	1.000000	1.000000	0.063141	0.780856	0.773109	0.036923
0.652947	0.794118	0.080803	1.000000	1.000000	0.068890	0.958747	0.991597	0.043782
0.633125	0.789916	0.072423	1.000000	1.000000	0.084582	0.766184	0.794118	0.042890
0.623410	0.815126	0.071272	0.696392	0.773109	0.081448	1.000000	1.000000	0.061778
0.626114	0.819328	0.073447	0.631467	0.781513	0.073305	0.767857	0.789916	0.037306
0.652765	0.802521	0.078323	0.686270	0.773109	0.069971	0.755242	0.777311	0.041188
0.643120	0.781513	0.075953	1.000000	1.000000	0.073438	0.747648	0.789916	0.043574
0.651236	0.819328	0.062751	1.000000	1.000000	0.062007	0.979564	0.995798	0.045841
0.621803	0.802521	0.072506	0.644212	0.777311	0.075750	1.000000	1.000000	0.035421
0.689486	0.882353	0.086368	0.686270	0.773109	0.072030	0.613976	0.642857	0.049547
0.661407	0.777311	0.071134	0.964509	0.991597	0.078641	0.917381	0.974790	0.043069
0.632502	0.815126	0.061854	0.651526	0.773109	0.077486	0.759527	0.773109	0.040362
0.647762	0.819328	0.066817	0.741584	0.773109	0.068032	0.916513	0.978992	0.048278
0.622440	0.802521	0.064527	0.652761	0.777311	0.066202	1.000000	1.000000	0.052561
0.679246	0.789916	0.070301	0.628150	0.777311	0.084214	0.751988	0.781513	0.050719
delta = 0.060000, m = 30
0.625412	0.806723	0.084938	0.681373	0.781513	0.067037	0.620301	0.647059	0.050572
0.655714	0.810924	0.075990	0.674510	0.777311	0.078888	0.919579	0.974790	0.055630
0.622419	0.802521	0.086670	0.669028	0.773109	0.076401	0.727852	0.773109	0.048392
0.647655	0.823529	0.070115	0.680060	0.785714	0.091432	1.000000	1.000000	0.056837
0.639175	0.802521	0.079982	1.000000	1.000000	0.081168	1.000000	1.000000	0.046306
0.757114	0.911765	0.081385	1.000000	1.000000	0.074636	0.964509	0.991597	0.080580
0.638263	0.819328	0.078254	0.725197	0.794118	0.082774	0.724527	0.777311	0.066565
0.634582	0.844538	0.076821	0.669028	0.773109	0.081117	0.964571	0.991597	0.065800
0.629363	0.810924	0.075795	0.677205	0.773109	0.086379	0.716813	0.794118	0.060415
0.639136	0.806723	0.077984	1.000000	1.000000	0.079579	0.878758	0.966387	0.059894
0.646470	0.806723	0.080757	0.674510	0.777311	0.080777	0.780856	0.773109	0.051704
0.650787	0.827731	0.073126	0.686270	0.773109	0.086584	0.893359	0.970588	0.044636
0.858883	0.945378	0.063912	0.650721	0.789916	0.082928	0.710622	0.794118	0.061758
0.654179	0.836134	0.082237	0.696392	0.773109	0.082824	0.951517	0.987395	0.060204
0.893125	0.962185	0.078479	1.000000	1.000000	0.084420	0.964571	0.991597	0.052934
0.645870	0.819328	0.075478	1.000000	1.000000	0.085003	0.903974	0.974790	0.053135
0.740292	0.894958	0.085045	0.702054	0.781513	0.076385	0.711475	0.789916	0.040371
0.620842	0.785714	0.081845	0.674510	0.777311	0.077773	1.000000	1.000000	0.044911
0.745850	0.899160	0.078110	1.000000	1.000000	0.077497	0.755242	0.777311	0.042182
0.642656	0.789916	0.085608	1.000000	1.000000	0.065951	0.919264	0.974790	0.060202
0.643159	0.827731	0.083793	0.646817	0.777311	0.075964	0.950510	0.987395	0.046437
0.867323	0.949580	0.069354	0.688151	0.794118	0.086217	0.751988	0.781513	0.052265
0.640019	0.819328	0.084120	0.648776	0.773109	0.078978	0.734697	0.781513	0.040088
0.663530	0.836134	0.084307	1.000000	1.000000	0.064990	1.000000	1.000000	0.052632
0.662985	0.836134	0.081938	0.691073	0.781513	0.109586	1.000000	1.000000	0.049661
0.653514	0.827731	0.079446	0.650841	0.785714	0.076044	0.717384	0.777311	0.042013
0.645224	0.823529	0.080684	1.000000	1.000000	0.073263	0.759527	0.773109	0.044584
0.611302	0.785714	0.067352	0.626379	0.794118	0.087228	0.979564	0.995798	0.062878
0.659770	0.831933	0.086252	0.669028	0.773109	0.082984	0.759527	0.773109	0.051630
0.653514	0.827731	0.084474	0.712814	0.785714	0.066978	1.000000	1.000000	0.047049
0.650767	0.806723	0.076446	0.691008	0.815126	0.083521	1.000000	1.000000	0.059782
0.656190	0.836134	0.077286	0.669028	0.773109	0.108132	0.714736	0.781513	0.071110
0.667615	0.844538	0.077920	0.686270	0.773109	0.078940	0.919579	0.974790	0.049611
0.660604	0.819328	0.081255	1.000000	1.000000	0.075173	1.000000	1.000000	0.043239
0.643094	0.794118	0.080266	0.672705	0.781513	0.075896	0.772808	0.781513	0.050900
0.839808	0.949580	0.065606	0.631467	0.781513	0.085807	0.683323	0.642857	0.050843
0.635017	0.819328	0.083547	1.000000	1.000000	0.074743	1.000000	1.000000	0.042840
0.642081	0.815126	0.073953	1.000000	1.000000	0.080951	0.780856	0.773109	0.061392
0.635017	0.819328	0.073838	0.938232	0.983193	0.091030	0.757878	0.773109	0.055524
0.623912	0.802521	0.075058	0.693270	0.777311	0.094155	0.690856	0.647059	0.053678
0.635113	0.819328	0.061816	0.950312	0.987395	0.085245	0.751988	0.781513	0.051123
0.663316	0.831933	0.085087	1.000000	1.000000	0.072685	0.744727	0.806723	0.043908
0.647047	0.857143	0.074592	0.672705	0.781513	0.086918	1.000000	1.000000	0.053931
0.647477	0.831933	0.083163	1.000000	1.000000	0.072658	1.000000	1.000000	0.050368
0.639659	0.810924	0.065079	0.654893	0.773109	0.080801	0.753698	0.777311	0.050616
0.640019	0.819328	0.088790	0.681373	0.781513	0.076430	0.929164	0.978992	0.043963
0.762148	0.920168	0.067521	0.648776	0.773109	0.077785	1.000000	1.000000	0.054522
0.676892	0.844538	0.072296	0.654893	0.773109	0.082465	1.000000	1.000000	0.051001
0.639093	0.823529	0.085754	0.681373	0.781513	0.070185	1.000000	1.000000	0.039373
0.643901	0.798319	0.093300	0.659309	0.777311	0.081541	1.000000	1.000000	0.061470
delta = 0.060000, m = 35
0.672685	0.823529	0.069147	1.000000	1.000000	0.091979	0.751988	0.781513	0.049553
0.620265	0.798319	0.088210	0.678990	0.794118	0.086127	0.755242	0.777311	0.036935
1.000000	1.000000	0.076156	0.609937	0.777311	0.086448	0.724175	0.777311	0.055706
0.639902	0.823529	0.089289	1.000000	1.000000	0.080912	0.695833	0.794118	0.049690
0.650154	0.815126	0.081337	1.000000	1.000000	0.082798	0.721000	0.773109	0.050885
0.692071	0.857143	0.072215	1.000000	1.000000	0.091613	0.919639	0.978992	0.044345
0.641606	0.823529	0.079508	0.689571	0.785714	0.080845	1.000000	1.000000	0.042275
0.639902	0.823529	0.086776	1.000000	1.000000	0.081918	1.000000	1.000000	0.055507
0.649000	0.831933	0.088698	0.658584	0.794118	0.076073	0.780856	0.773109	0.050080
0.644448	0.810924	0.085104	1.000000	1.000000	0.085530	0.964509	0.991597	0.049243
0.639064	0.819328	0.079285	0.632123	0.777311	0.089541	1.000000	1.000000	0.047443
0.620265	0.798319	0.079343	0.611309	0.773109	0.069707	1.000000	1.000000	0.041041
0.673316	0.844538	0.085356	0.667061	0.810924	0.068471	1.000000	1.000000	0.038619
0.618548	0.798319	0.085203	0.951517	0.987395	0.079644	1.000000	1.000000	0.058558
0.644127	0.827731	0.071711	0.643215	0.773109	0.069733	0.844884	0.957983	0.068941
0.979181	0.995798	0.088565	1.000000	1.000000	0.074283	0.759527	0.773109	0.054792
0.684623	0.848739	0.071037	1.000000	1.000000	0.099050	0.744663	0.794118	0.054220
0.643690	0.827731	0.099075	0.680060	0.785714	0.083600	0.964509	0.991597	0.056925
0.650154	0.815126	0.080743	0.635866	0.789916	0.080744	1.000000	1.000000	0.048815
0.641606	0.823529	0.087514	0.686270	0.773109	0.093335	1.000000	1.000000	0.050514
0.643159	0.827731	0.081792	1.000000	1.000000	0.091072	1.000000	1.000000	0.047234
0.653514	0.827731	0.080410	0.950312	0.987395	0.076735	1.000000	1.000000	0.043325
0.643239	0.827731	0.078354	1.000000	1.000000	0.084372	0.753698	0.777311	0.046395
0.825655	0.928571	0.079987	0.614733	0.773109	0.083648	0.927134	0.978992	0.041944
0.640956	0.819328	0.084092	0.629371	0.794118	0.079460	0.757878	0.773109	0.057869
0.644513	0.827731	0.084333	0.614733	0.773109	0.081438	0.700046	0.651261	0.044098
0.639269	0.823529	0.082077	0.938232	0.983193	0.076919	1.000000	1.000000	0.041108
0.667615	0.844538	0.090336	0.635731	0.781513	0.084205	0.951517	0.987395	0.044653
0.641606	0.823529	0.075002	0.652761	0.777311	0.082940	0.979181	0.995798	0.043685
0.618189	0.798319	0.076725	0.686270	0.773109	0.086650	0.751988	0.781513	0.055334
0.666896	0.840336	0.087644	1.000000	1.000000	0.112517	0.950312	0.987395	0.045852
0.762628	0.911765	0.087015	1.000000	1.000000	0.078062	0.747648	0.789916	0.051394
0.639555	0.823529	0.089381	0.650841	0.785714	0.086734	1.000000	1.000000	0.049630
0.652372	0.819328	0.077915	0.633593	0.773109	0.077934	0.692194	0.777311	0.048222
0.784712	0.924370	0.067189	0.702054	0.781513	0.091660	0.963815	0.991597	0.050865
0.635165	0.815126	0.080755	0.664906	0.781513	0.084134	1.000000	1.000000	0.044097
0.661407	0.777311	0.069697	0.693270	0.777311	0.075428	1.000000	1.000000	0.041635
0.678198	0.852941	0.070203	0.669028	0.773109	0.078638	0.714736	0.781513	0.040362
0.650154	0.815126	0.094528	0.652950	0.815126	0.082534	1.000000	1.000000	0.052688
0.642176	0.819328	0.068352	1.000000	1.000000	0.092709	1.000000	1.000000	0.045387
0.646641	0.827731	0.081243	1.000000	1.000000	0.079776	0.759527	0.773109	0.043402
0.700501	0.869748	0.081639	1.000000	1.000000	0.075831	0.963815	0.991597	0.046896
0.620265	0.798319	0.083392	0.672705	0.781513	0.080332	0.917381	0.974790	0.062428
0.651511	0.823529	0.092480	0.691073	0.781513	0.083426	0.765372	0.768908	0.047799
0.659770	0.831933	0.088936	0.950312	0.987395	0.094235	0.730002	0.781513	0.052223
0.682499	0.857143	0.072926	0.683368	0.777311	0.086183	1.000000	1.000000	0.045127
0.663044	0.836134	0.081823	1.000000	1.000000	0.076578	1.000000	1.000000	0.039364
0.833300	0.928571	0.088102	0.664906	0.781513	0.081561	0.714736	0.781513	0.056821
0.648915	0.819328	0.085062	0.624232	0.781513	0.084008	1.000000	1.000000	0.051620
0.652345	0.810924	0.067732	0.686270	0.773109	0.078713	0.776333	0.777311	0.054641
delta = 0.060000, m = 40
0.645186	0.827731	0.088397	1.000000	1.000000	0.082004	0.721000	0.773109	0.050782
0.682653	0.831933	0.080485	0.664906	0.781513	0.082930	0.747648	0.789916	0.055033
0.819213	0.928571	0.072294	1.000000	1.000000	0.087711	0.749508	0.785714	0.055363
0.650804	0.831933	0.080898	0.678192	0.773109	0.091465	0.715896	0.802521	0.049406
0.677146	0.831933	0.101457	0.669028	0.773109	0.092669	0.755242	0.777311	0.070694
0.660142	0.836134	0.071237	0.652761	0.777311	0.091037	0.744663	0.794118	0.050202
0.797461	0.899160	0.081261	0.680060	0.785714	0.083660	1.000000	1.000000	0.050275
0.663871	0.831933	0.077539	0.677205	0.773109	0.090428	0.729516	0.794118	0.046425
0.663871	0.831933	0.091921	1.000000	1.000000	0.085019	0.759527	0.773109	0.051820
0.656721	0.831933	0.077943	0.613172	0.789916	0.091199	0.734015	0.756303	0.174736
0.669780	0.840336	0.092522	0.619516	0.773109	0.081307	0.737670	0.777311	0.049949
0.654789	0.831933	0.078500	0.873433	0.953782	0.093140	0.744892	0.802521	0.056753
0.826405	0.928571	0.073581	0.608714	0.777311	0.085150	0.168057	0.466387	0.052159
0.680988	0.852941	0.087364	1.000000	1.000000	0.083262	1.000000	1.000000	0.051870
0.638263	0.819328	0.097819	0.654893	0.773109	0.088187	0.675488	0.777311	0.068196
0.685124	0.857143	0.073039	1.000000	1.000000	0.075053	1.000000	1.000000	0.059188
0.641606	0.823529	0.082964	0.656957	0.794118	0.084541	0.772808	0.781513	0.048543
0.663774	0.840336	0.091250	1.000000	1.000000	0.085310	0.749508	0.785714	0.049131
0.798409	0.928571	0.081041	0.950312	0.987395	0.093145	0.721000	0.773109	0.054406
0.649000	0.831933	0.098427	0.636611	0.794118	0.083681	0.767857	0.789916	0.047900
0.660661	0.836134	0.087923	0.621433	0.777311	0.110153	1.000000	1.000000	0.060729
0.647737	0.831933	0.081923	1.000000	1.000000	0.092467	1.000000	1.000000	0.048816
0.845973	0.932773	0.081132	0.632319	0.810924	0.085130	0.696392	0.773109	0.050317
0.674103	0.848739	0.081660	0.979149	0.995798	0.094222	0.747648	0.789916	0.050376
1.000000	1.000000	0.085414	1.000000	1.000000	0.094901	0.688960	0.806723	0.061780
0.661497	0.840336	0.076286	0.654893	0.773109	0.089400	0.759527	0.773109	0.041539
0.663871	0.831933	0.106553	1.000000	1.000000	0.096720	1.000000	1.000000	0.044963
0.655730	0.836134	0.082532	1.000000	1.000000	0.093572	0.776333	0.777311	0.049292
0.649399	0.831933	0.088476	0.621215	0.781513	0.087150	0.776333	0.777311	0.074160
0.666526	0.840336	0.096296	0.663944	0.785714	0.098205	1.000000	1.000000	0.045240
0.661497	0.840336	0.080654	0.661620	0.773109	0.084204	0.746304	0.794118	0.045007
0.667615	0.844538	0.085206	0.686270	0.773109	0.085489	0.716261	0.810924	0.076760
0.684324	0.852941	0.073378	0.671085	0.798319	0.079364	0.950510	0.987395	0.064095
0.845556	0.936975	0.074539	0.650841	0.785714	0.097716	0.979564	0.995798	0.052791
0.759948	0.911765	0.075419	0.665403	0.785714	0.095313	1.000000	1.000000	0.051052
0.963815	0.991597	0.073264	1.000000	1.000000	0.090409	1.000000	1.000000	0.047928
0.648103	0.831933	0.085479	0.686270	0.773109	0.094648	0.649473	0.777311	0.053833
0.657712	0.836134	0.072666	0.950312	0.987395	0.085075	1.000000	1.000000	0.052931
0.667615	0.844538	0.085185	0.881230	0.957983	0.083880	0.767857	0.789916	0.049674
0.801062	0.907563	0.081380	0.640306	0.789916	0.093560	0.707825	0.773109	0.044590
1.000000	1.000000	0.101419	1.000000	1.000000	0.107044	0.709788	0.781513	0.044830
0.667615	0.844538	0.093345	1.000000	1.000000	0.082777	0.964509	0.991597	0.052688
0.655730	0.836134	0.072131	0.950312	0.987395	0.079042	0.717384	0.777311	0.049838
0.663871	0.831933	0.085211	0.663931	0.798319	0.084730	1.000000	1.000000	0.051272
0.845556	0.936975	0.076537	0.677205	0.773109	0.090340	1.000000	1.000000	0.059084
0.845973	0.932773	0.092658	0.664906	0.781513	0.083342	0.721000	0.773109	0.051608
0.667615	0.844538	0.077556	0.648776	0.773109	0.089980	1.000000	1.000000	0.048636
0.648378	0.831933	0.086202	0.683368	0.777311	0.087626	0.765372	0.768908	0.050807
0.645186	0.827731	0.073347	0.696392	0.773109	0.084324	0.776333	0.777311	0.044974
0.822003	0.920168	0.083897	0.088288	0.432773	0.094702	1.000000	1.000000	0.050739
delta = 0.060000, m = 45
0.676959	0.844538	0.092784	0.616466	0.789916	0.115050	1.000000	1.000000	0.058303
0.674103	0.848739	0.111602	0.696392	0.773109	0.117036	0.755242	0.777311	0.066414
0.676959	0.844538	0.087327	0.669028	0.773109	0.092279	0.721000	0.773109	0.047493
0.745141	0.903361	0.087549	1.000000	1.000000	0.101602	1.000000	1.000000	0.073666
1.000000	1.000000	0.104322	0.638166	0.773109	0.105851	1.000000	1.000000	0.055381
0.840395	0.928571	0.093670	0.910015	0.970588	0.093604	0.963815	0.991597	0.058645
0.666526	0.840336	0.091129	1.000000	1.000000	0.094872	0.715896	0.802521	0.076231
0.643159	0.827731	0.116947	0.631467	0.781513	0.099580	0.840981	0.949580	0.054941
0.750690	0.903361	0.106510	1.000000	1.000000	0.093270	0.882996	0.966387	0.053110
0.654337	0.827731	0.102705	0.642948	0.810924	0.094275	0.702054	0.781513	0.058501
0.657507	0.827731	0.094106	0.659309	0.777311	0.115574	1.000000	1.000000	0.055330
0.643690	0.827731	0.095577	0.635547	0.785714	0.114416	0.899163	0.970588	0.061985
0.655730	0.836134	0.088151	1.000000	1.000000	0.097565	0.964509	0.991597	0.058208
0.811583	0.911765	0.107970	0.612525	0.785714	0.095584	0.979564	0.995798	0.056322
1.000000	1.000000	0.091461	0.623779	0.794118	0.111652	0.743027	0.802521	0.066695
0.657507	0.827731	0.091391	0.671571	0.785714	0.096189	0.721419	0.781513	0.060453
0.756707	0.907563	0.096995	1.000000	1.000000	0.130779	0.944189	0.987395	0.056921
0.654789	0.831933	0.088772	1.000000	1.000000	0.096326	0.710622	0.794118	0.055108
0.676959	0.844538	0.105822	0.938232	0.983193	0.112431	1.000000	1.000000	0.052522
1.000000	1.000000	0.111298	1.000000	1.000000	0.104634	1.000000	1.000000	0.062421
1.000000	1.000000	0.096003	0.621554	0.794118	0.107316	0.678192	0.773109	0.055285
0.673572	0.840336	0.089190	1.000000	1.000000	0.097811	1.000000	1.000000	0.056798
0.661497	0.840336	0.101753	1.000000	1.000000	0.108951	1.000000	1.000000	0.065787
0.745359	0.903361	0.100425	1.000000	1.000000	0.098462	1.000000	1.000000	0.056637
0.825050	0.915966	0.104599	0.620118	0.789916	0.105351	0.964509	0.991597	0.054020
0.670383	0.836134	0.116185	0.721000	0.773109	0.104997	1.000000	1.000000	0.060238
1.000000	1.000000	0.103151	1.000000	1.000000	0.101911	0.724175	0.777311	0.063611
0.667615	0.844538	0.094622	1.000000	1.000000	0.115713	1.000000	1.000000	0.078260
0.660142	0.836134	0.093910	0.615619	0.794118	0.111896	1.000000	1.000000	0.057563
0.759948	0.911765	0.093772	0.621055	0.802521	0.092079	0.927134	0.978992	0.056872
0.673316	0.844538	0.098410	0.656707	0.827731	0.093343	1.000000	1.000000	0.056222
0.718696	0.886555	0.102286	0.683368	0.777311	0.103577	0.755242	0.777311	0.057728
1.000000	1.000000	0.109051	1.000000	1.000000	0.103731	0.780856	0.773109	0.061636
0.645708	0.827731	0.101063	1.000000	1.000000	0.111454	0.951517	0.987395	0.052882
0.645708	0.827731	0.091147	0.628430	0.810924	0.099265	0.648466	0.798319	0.056090
0.689083	0.861345	0.109437	0.950312	0.987395	0.108245	0.676871	0.638655	0.053626
0.666526	0.840336	0.091204	0.667061	0.810924	0.096658	0.979564	0.995798	0.055364
0.825050	0.915966	0.100293	0.979149	0.995798	0.110653	1.000000	1.000000	0.055103
0.791756	0.924370	0.090354	0.700596	0.815126	0.093538	0.737670	0.777311	0.054255
0.661497	0.840336	0.103974	0.688151	0.794118	0.105263	0.755242	0.777311	0.053841
0.643159	0.827731	0.090731	0.636561	0.773109	0.096629	0.714736	0.781513	0.060562
0.666526	0.840336	0.089131	0.666529	0.777311	0.099423	0.686353	0.773109	0.056362
0.763011	0.911765	0.100145	0.614733	0.773109	0.105343	0.686353	0.773109	0.096759
0.761110	0.911765	0.113776	0.674510	0.777311	0.094272	0.663931	0.798319	0.056772
0.669780	0.840336	0.102596	0.907150	0.970588	0.102120	1.000000	1.000000	0.066697
0.669780	0.840336	0.099256	0.928217	0.983193	0.104484	0.710122	0.802521	0.068757
0.765679	0.911765	0.090234	0.690540	0.768908	0.112175	0.715803	0.773109	0.054815
0.644513	0.827731	0.093055	1.000000	1.000000	0.116959	1.000000	1.000000	0.055608
0.667615	0.844538	0.098180	0.648776	0.773109	0.108731	0.759527	0.773109	0.058597
0.654563	0.836134	0.101431	0.644809	0.806723	0.122101	1.000000	1.000000	0.053539
delta = 0.060000, m = 50
0.677052	0.848739	0.124018	1.000000	1.000000	0.111874	0.717384	0.777311	0.063402
0.680544	0.848739	0.117011	1.000000	1.000000	0.109997	1.000000	1.000000	0.062584
0.680544	0.848739	0.124986	1.000000	1.000000	0.107398	0.751988	0.781513	0.061750
0.724825	0.890756	0.098065	1.000000	1.000000	0.108547	0.711475	0.789916	0.065524
0.744944	0.899160	0.108168	0.666529	0.777311	0.116499	0.714736	0.781513	0.057790
0.673316	0.844538	0.109178	0.651480	0.781513	0.123203	0.755242	0.777311	0.076410
0.666526	0.840336	0.117296	0.851804	0.936975	0.107317	1.000000	1.000000	0.061861
1.000000	1.000000	0.124849	1.000000	1.000000	0.129270	0.767857	0.789916	0.067002
0.674103	0.848739	0.103743	0.979149	0.995798	0.105672	0.688477	0.785714	0.061654
0.673316	0.844538	0.102454	1.000000	1.000000	0.106090	1.000000	1.000000	0.062440
0.676959	0.844538	0.096817	0.664906	0.781513	0.107026	0.701764	0.777311	0.058740
0.677052	0.848739	0.104931	0.675229	0.815126	0.114210	0.599768	0.630252	0.060367
0.666526	0.840336	0.104867	1.000000	1.000000	0.123287	0.695887	0.806723	0.071136
0.661497	0.840336	0.099051	0.671571	0.785714	0.100450	1.000000	1.000000	0.060935
0.674103	0.848739	0.109515	0.635866	0.789916	0.098969	0.698312	0.798319	0.058245
0.673316	0.844538	0.109886	0.652761	0.777311	0.104193	1.000000	1.000000	0.059930
0.677052	0.848739	0.099376	0.632774	0.794118	0.107858	1.000000	1.000000	0.060008
0.674103	0.848739	0.104537	1.000000	1.000000	0.105364	0.746304	0.794118	0.070938
0.661497	0.840336	0.106602	0.640923	0.806723	0.115544	1.000000	1.000000	0.067246
0.666526	0.840336	0.105063	0.648845	0.815126	0.106090	1.000000	1.000000	0.059845
0.673316	0.844538	0.113155	0.659309	0.777311	0.106475	0.697699	0.785714	0.061218
0.666446	0.836134	0.099804	0.609199	0.773109	0.105161	0.707525	0.819328	0.065380
0.673316	0.844538	0.112061	0.696392	0.773109	0.118491	0.745314	0.815126	0.060723
1.000000	1.000000	0.110931	0.671571	0.785714	0.128349	1.000000	1.000000	0.064760
0.680544	0.848739	0.102727	0.710122	0.802521	0.103941	0.717384	0.777311	0.072306
0.677779	0.840336	0.114299	1.000000	1.000000	0.116716	0.717384	0.777311	0.061662
0.825050	0.915966	0.103224	0.612424	0.777311	0.111739	0.759527	0.773109	0.058160
0.680544	0.848739	0.110944	1.000000	1.000000	0.111117	1.000000	1.000000	0.059154
0.744920	0.903361	0.112995	0.661620	0.773109	0.140885	1.000000	1.000000	0.068607
0.825050	0.915966	0.108245	1.000000	1.000000	0.103296	1.000000	1.000000	0.058626
0.680544	0.848739	0.113951	1.000000	1.000000	0.130731	0.652765	0.802521	0.068498
0.745359	0.903361	0.106846	0.663931	0.798319	0.102648	1.000000	1.000000	0.068560
0.666526	0.840336	0.105212	0.693270	0.777311	0.106964	1.000000	1.000000	0.086380
0.674103	0.848739	0.100704	1.000000	1.000000	0.109592	0.715934	0.806723	0.063590
1.000000	1.000000	0.098668	0.640923	0.806723	0.111976	0.744877	0.810924	0.059669
0.680544	0.848739	0.101920	0.667061	0.810924	0.109891	0.964509	0.991597	0.064687
0.673316	0.844538	0.107935	0.619516	0.773109	0.125289	0.755242	0.777311	0.067324
0.666526	0.840336	0.105099	0.950312	0.987395	0.105098	0.671219	0.634454	0.060075
0.655730	0.836134	0.104287	0.623779	0.794118	0.109323	1.000000	1.000000	0.062622
0.673316	0.844538	0.099805	0.646817	0.777311	0.107994	1.000000	1.000000	0.059582
1.000000	1.000000	0.111928	1.000000	1.000000	0.122728	0.632379	0.773109	0.069572
0.667615	0.844538	0.098802	0.665727	0.806723	0.100755	0.681456	0.781513	0.060816
1.000000	1.000000	0.102988	0.640463	0.781513	0.107121	1.000000	1.000000	0.071201
0.674103	0.848739	0.111300	1.000000	1.000000	0.112571	0.927134	0.978992	0.057023
0.707204	0.878151	0.109652	0.616229	0.777311	0.128652	0.670835	0.794118	0.064563
0.674103	0.848739	0.102625	0.669028	0.773109	0.100477	0.663775	0.773109	0.080973
0.738431	0.899160	0.109681	0.645215	0.785714	0.105783	0.755242	0.777311	0.058269
0.674103	0.848739	0.097427	0.858883	0.945378	0.105965	1.000000	1.000000	0.061743
0.739454	0.894958	0.111421	1.000000	1.000000	0.112968	0.745403	0.798319	0.060349
0.825050	0.915966	0.113717	1.000000	1.000000	0.122735	0.711475	0.789916	0.064033
delta = 0.060000, m = 55
0.816688	0.915966	0.119559	0.870971	0.949580	0.117432	1.000000	1.000000	0.072592
0.674103	0.848739	0.127618	0.688628	0.789916	0.119733	0.724292	0.802521	0.075691
0.660142	0.836134	0.127667	0.651038	0.794118	0.149656	0.929164	0.978992	0.078411
0.670212	0.844538	0.118181	0.696392	0.773109	0.130306	0.747993	0.785714	0.084562
0.661497	0.840336	0.136639	0.634028	0.798319	0.119493	0.681456	0.781513	0.074137
0.674103	0.848739	0.119057	0.662801	0.815126	0.115501	0.671733	0.789916	0.070646
0.670212	0.844538	0.110653	0.845556	0.936975	0.120235	0.766184	0.794118	0.073078
1.000000	1.000000	0.118268	0.907150	0.970588	0.122514	0.657402	0.773109	0.077080
0.674103	0.848739	0.121276	0.614733	0.773109	0.120550	1.000000	1.000000	0.075618
1.000000	1.000000	0.113335	0.636538	0.777311	0.119654	1.000000	1.000000	0.086505
0.806681	0.907563	0.119896	0.648776	0.773109	0.122637	1.000000	1.000000	0.081900
0.661497	0.840336	0.116319	0.671571	0.785714	0.120253	1.000000	1.000000	0.099540
0.670212	0.844538	0.112967	1.000000	1.000000	0.121475	0.671477	0.794118	0.079287
0.655730	0.836134	0.127218	0.669028	0.773109	0.122906	0.683474	0.777311	0.079756
0.663044	0.836134	0.108806	0.639064	0.819328	0.125891	0.950312	0.987395	0.071914
0.670212	0.844538	0.131428	0.666529	0.777311	0.130643	0.747993	0.785714	0.067511
0.670212	0.844538	0.118949	0.659309	0.777311	0.118922	0.745403	0.798319	0.080178
0.660142	0.836134	0.118115	0.664675	0.802521	0.115395	0.721000	0.773109	0.085294
0.674103	0.848739	0.128910	0.643198	0.802521	0.119807	0.749508	0.785714	0.073336
0.670212	0.844538	0.113358	0.654893	0.773109	0.122624	0.714736	0.781513	0.076231
0.663774	0.840336	0.121429	0.663529	0.794118	0.117338	0.678192	0.773109	0.076623
0.674103	0.848739	0.121520	1.000000	1.000000	0.120001	0.712343	0.777311	0.076059
0.670212	0.844538	0.122694	0.677205	0.773109	0.119976	1.000000	1.000000	0.077035
0.759948	0.911765	0.125377	0.645870	0.819328	0.120522	0.728706	0.798319	0.071864
0.674103	0.848739	0.116670	0.616075	0.794118	0.120077	1.000000	1.000000	0.071325
0.670212	0.844538	0.119419	1.000000	1.000000	0.117997	0.712814	0.785714	0.074167
0.670212	0.844538	0.123526	1.000000	1.000000	0.121369	1.000000	1.000000	0.074909
0.663774	0.840336	0.121574	0.635547	0.785714	0.116430	0.701764	0.777311	0.068568
0.666526	0.840336	0.126349	1.000000	1.000000	0.116334	1.000000	1.000000	0.069891
0.674103	0.848739	0.125570	0.907150	0.970588	0.122834	1.000000	1.000000	0.075051
0.674103	0.848739	0.118314	0.657860	0.781513	0.120331	1.000000	1.000000	0.075135
0.670212	0.844538	0.113669	0.632123	0.777311	0.116815	0.658557	0.789916	0.073642
0.670212	0.844538	0.117903	0.663529	0.794118	0.129761	0.744892	0.802521	0.085824
0.718010	0.886555	0.136763	0.950312	0.987395	0.113106	0.712814	0.785714	0.071129
0.663774	0.840336	0.127758	0.621602	0.785714	0.131415	0.711475	0.789916	0.072347
0.663774	0.840336	0.120016	1.000000	1.000000	0.120665	0.712343	0.777311	0.069749
0.670212	0.844538	0.119324	0.683368	0.777311	0.121684	0.755242	0.777311	0.076418
0.663774	0.840336	0.119885	0.664906	0.781513	0.118038	0.668154	0.777311	0.086529
0.660142	0.836134	0.131545	1.000000	1.000000	0.118337	0.705717	0.794118	0.076312
1.000000	1.000000	0.111831	0.627642	0.781513	0.120782	0.919264	0.974790	0.073826
0.661497	0.840336	0.130017	1.000000	1.000000	0.124920	0.679246	0.789916	0.080909
0.660142	0.836134	0.111951	0.929164	0.978992	0.119967	1.000000	1.000000	0.090950
0.655730	0.836134	0.119724	0.671680	0.802521	0.122507	0.728256	0.802521	0.111471
0.745359	0.903361	0.120365	1.000000	1.000000	0.118184	0.747993	0.785714	0.073993
0.670212	0.844538	0.132851	0.676927	0.819328	0.134381	0.678844	0.794118	0.069607
0.657712	0.836134	0.121056	0.621602	0.785714	0.117832	0.745403	0.798319	0.075411
0.655730	0.836134	0.122541	0.688151	0.794118	0.121473	1.000000	1.000000	0.083525
0.674103	0.848739	0.129786	0.627747	0.785714	0.130904	0.732433	0.785714	0.076631
0.666526	0.840336	0.120934	0.640463	0.781513	0.123273	1.000000	1.000000	0.074631
0.670212	0.844538	0.125072	0.659309	0.777311	0.121977	1.000000	1.000000	0.074491
delta = 0.060000, m = 60
0.663044	0.836134	0.154113	0.898040	0.966387	0.146227	0.678844	0.794118	0.079379
0.674103	0.848739	0.134445	1.000000	1.000000	0.139977	1.000000	1.000000	0.075614
0.674103	0.848739	0.141571	0.851804	0.936975	0.133778	0.715896	0.802521	0.078115
0.674103	0.848739	0.141198	0.704467	0.777311	0.135576	0.744892	0.802521	0.073015
0.660142	0.836134	0.139927	0.632133	0.815126	0.133189	0.710184	0.827731	0.076972
0.825050	0.915966	0.132904	0.657508	0.798319	0.147219	0.751988	0.781513	0.079050
0.663044	0.836134	0.131112	0.631228	0.815126	0.141993	0.710122	0.802521	0.078982
0.674103	0.848739	0.149381	1.000000	1.000000	0.133323	1.000000	1.000000	0.077108
0.660142	0.836134	0.144665	0.616295	0.781513	0.137759	1.000000	1.000000	0.075601
0.411196	0.525210	0.141767	0.645215	0.785714	0.132913	0.767857	0.789916	0.077136
0.827537	0.924370	0.135270	0.662057	0.810924	0.139979	0.658584	0.794118	0.071961
0.660142	0.836134	0.143845	0.644127	0.827731	0.130601	0.747648	0.789916	0.088424
0.674103	0.848739	0.127841	0.652761	0.777311	0.135557	0.710385	0.806723	0.091882
0.660142	0.836134	0.149287	0.632133	0.815126	0.134669	0.748151	0.827731	0.080564
0.674103	0.848739	0.148685	0.699594	0.810924	0.135628	0.671733	0.789916	0.080234
0.660142	0.836134	0.140947	0.651733	0.798319	0.151190	0.656789	0.789916	0.084739
0.688301	0.857143	0.136033	0.632774	0.794118	0.137343	0.696540	0.789916	0.075082
0.674103	0.848739	0.134195	0.652761	0.777311	0.147733	1.000000	1.000000	0.071728
0.660142	0.836134	0.141459	0.652765	0.802521	0.141917	0.746017	0.819328	0.081786
0.660142	0.836134	0.137451	0.858883	0.945378	0.132756	0.666461	0.781513	0.075001
0.674103	0.848739	0.138790	0.640131	0.785714	0.131148	0.647614	0.785714	0.076336
0.663774	0.840336	0.141034	1.000000	1.000000	0.139531	0.715934	0.806723	0.079968
0.674103	0.848739	0.143397	1.000000	1.000000	0.135121	0.631600	0.810924	0.077956
0.674103	0.848739	0.142262	1.000000	1.000000	0.143133	0.642948	0.810924	0.074922
0.663774	0.840336	0.144012	1.000000	1.000000	0.136823	1.000000	1.000000	0.093591
0.674103	0.848739	0.132344	0.618574	0.781513	0.157681	0.744892	0.802521	0.081365
0.670212	0.844538	0.135250	0.683368	0.777311	0.161465	0.764942	0.798319	0.090578
0.674103	0.848739	0.129985	0.640019	0.819328	0.139377	0.759527	0.773109	0.078898
0.674103	0.848739	0.144961	0.618345	0.777311	0.135866	1.000000	1.000000	0.077638
0.660142	0.836134	0.140724	1.000000	1.000000	0.139782	1.000000	1.000000	0.075255
0.663044	0.836134	0.143791	0.858883	0.945378	0.144588	0.929164	0.978992	0.080550
0.674103	0.848739	0.149396	0.646817	0.777311	0.144813	1.000000	1.000000	0.081564
0.674103	0.848739	0.155741	0.951517	0.987395	0.140295	0.766184	0.794118	0.094739
0.674103	0.848739	0.135954	1.000000	1.000000	0.138811	1.000000	1.000000	0.080579
0.670212	0.844538	0.136805	0.636611	0.794118	0.142346	0.692194	0.777311	0.097701
0.674103	0.848739	0.155929	0.613719	0.785714	0.139740	0.699217	0.789916	0.078205
0.674103	0.848739	0.144276	1.000000	1.000000	0.138782	0.744892	0.802521	0.078771
0.674103	0.848739	0.144561	0.950312	0.987395	0.138861	1.000000	1.000000	0.078389
0.674103	0.848739	0.134295	0.717384	0.777311	0.135345	0.683323	0.642857	0.077014
0.674103	0.848739	0.137667	0.652950	0.815126	0.138820	1.000000	1.000000	0.081932
0.422012	0.529412	0.137113	0.627441	0.802521	0.141287	1.000000	1.000000	0.076715
0.674103	0.848739	0.137471	1.000000	1.000000	0.136321	1.000000	1.000000	0.077315
0.663044	0.836134	0.139973	0.631722	0.815126	0.144707	0.704467	0.777311	0.074318
0.674103	0.848739	0.146813	0.669416	0.827731	0.132601	0.767857	0.789916	0.076683
1.000000	1.000000	0.136116	0.625494	0.802521	0.138942	0.732433	0.785714	0.074615
0.655730	0.836134	0.139302	0.681322	0.810924	0.127872	0.688960	0.806723	0.090347
0.674103	0.848739	0.141827	0.657062	0.785714	0.142175	0.679295	0.789916	0.075384
0.660142	0.836134	0.147230	0.650841	0.785714	0.133537	0.700351	0.785714	0.080663
0.674103	0.848739	0.151238	0.630192	0.785714	0.139301	0.714736	0.781513	0.073955
0.670212	0.844538	0.142943	0.633593	0.773109	0.139918	0.700351	0.785714	0.078762
