delta = 0.400000, m = 10
0.328561	0.509346	0.108290	0.346373	0.476636	0.094839	0.264726	0.378505	0.084501
0.383319	0.504673	0.088026	0.289015	0.495327	0.084772	0.361611	0.443925	0.079691
0.403125	0.495327	0.101257	0.301970	0.476636	0.097165	0.323313	0.528037	0.073856
0.417870	0.490654	0.096012	0.333069	0.457944	0.098012	0.295048	0.401869	0.074378
0.357107	0.495327	0.093440	0.298085	0.448598	0.092291	0.358301	0.509346	0.069685
0.377269	0.542056	0.093489	0.339360	0.467290	0.092273	0.292451	0.429907	0.083476
0.379856	0.500000	0.087407	0.320950	0.453271	0.108689	0.370277	0.485981	0.075322
0.314494	0.471963	0.088441	0.368530	0.476636	0.094918	0.318824	0.481308	0.072872
0.373576	0.471963	0.086605	0.333097	0.495327	0.091881	0.330828	0.434579	0.067833
0.362851	0.514019	0.091566	0.346949	0.467290	0.094784	0.307083	0.439252	0.072938
0.386640	0.542056	0.100909	0.317936	0.485981	0.087105	0.314636	0.443925	0.076741
0.321241	0.514019	0.093385	0.350197	0.495327	0.092207	0.358157	0.448598	0.074983
0.381700	0.490654	0.096013	0.332048	0.481308	0.090858	0.286085	0.448598	0.068994
0.361634	0.504673	0.093774	0.272418	0.434579	0.091247	0.361677	0.514019	0.066641
0.360866	0.579439	0.096395	0.376200	0.485981	0.096255	0.374779	0.467290	0.074823
0.407427	0.467290	0.098192	0.326452	0.490654	0.094184	0.364553	0.528037	0.070256
0.258642	0.457944	0.088635	0.348627	0.509346	0.089947	0.364984	0.471963	0.072075
0.282867	0.467290	0.086911	0.348760	0.467290	0.093337	0.331726	0.500000	0.075209
0.358791	0.537383	0.089440	0.331383	0.467290	0.109026	0.351089	0.453271	0.071096
0.392492	0.607477	0.090924	0.346242	0.476636	0.089887	0.379993	0.518692	0.076506
0.394263	0.467290	0.089162	0.262046	0.439252	0.094820	0.309150	0.462617	0.073009
0.338685	0.509346	0.096707	0.279487	0.434579	0.093362	0.327000	0.523364	0.075783
0.330147	0.574766	0.097928	0.350894	0.471963	0.093608	0.370148	0.546729	0.071648
0.357560	0.528037	0.095848	0.315909	0.448598	0.088652	0.368511	0.532710	0.075505
0.399537	0.495327	0.086523	0.394577	0.528037	0.089318	0.353764	0.500000	0.072539
0.414447	0.500000	0.092228	0.331237	0.453271	0.089614	0.311945	0.514019	0.084851
0.362386	0.565421	0.101768	0.348981	0.462617	0.094385	0.338505	0.500000	0.083720
0.389103	0.579439	0.086147	0.379197	0.528037	0.091803	0.336900	0.462617	0.074356
0.439121	0.485981	0.085457	0.390019	0.528037	0.100431	0.327835	0.443925	0.073508
0.380187	0.504673	0.086323	0.323757	0.476636	0.095134	0.274187	0.467290	0.074990
0.362078	0.490654	0.095748	0.360580	0.471963	0.093203	0.339080	0.537383	0.072945
0.345630	0.532710	0.090496	0.356352	0.518692	0.100279	0.302012	0.500000	0.077244
0.356435	0.584112	0.092003	0.390040	0.532710	0.090988	0.280169	0.411215	0.073765
0.300207	0.471963	0.085237	0.394577	0.528037	0.110423	0.347384	0.523364	0.076256
0.377438	0.481308	0.103937	0.357385	0.471963	0.091920	0.347176	0.495327	0.069969
0.346730	0.588785	0.097386	0.355464	0.471963	0.088591	0.345769	0.467290	0.071351
0.429324	0.476636	0.093163	0.359276	0.481308	0.089722	0.316465	0.485981	0.075941
0.304413	0.462617	0.099058	0.288819	0.448598	0.093176	0.304184	0.453271	0.072912
0.362557	0.546729	0.092767	0.347528	0.509346	0.094205	0.332119	0.504673	0.069414
0.339870	0.518692	0.105017	0.403611	0.542056	0.092449	0.280400	0.439252	0.076165
0.354986	0.471963	0.092716	0.295709	0.443925	0.091364	0.288501	0.490654	0.074088
0.379017	0.504673	0.107724	0.315481	0.462617	0.093639	0.331869	0.457944	0.071983
0.326321	0.504673	0.099092	0.352038	0.481308	0.091033	0.314602	0.509346	0.069400
0.358297	0.537383	0.085225	0.315728	0.462617	0.091779	0.354058	0.500000	0.088453
0.340566	0.514019	0.090662	0.256539	0.448598	0.094426	0.328859	0.467290	0.089232
0.375074	0.504673	0.098682	0.218590	0.462617	0.096390	0.330699	0.490654	0.076940
0.362078	0.490654	0.092025	0.316338	0.453271	0.090750	0.312127	0.471963	0.068635
0.372050	0.523364	0.088722	0.290028	0.439252	0.095518	0.267115	0.401869	0.069830
0.395106	0.504673	0.093615	0.346081	0.509346	0.109274	0.303877	0.500000	0.072843
0.373477	0.495327	0.089100	0.346695	0.471963	0.094034	0.324141	0.457944	0.077787
delta = 0.400000, m = 15
0.389702	0.490654	0.117735	0.332963	0.476636	0.093877	0.337946	0.495327	0.073111
0.337574	0.518692	0.096397	0.338567	0.467290	0.092639	0.262385	0.462617	0.080327
0.443016	0.504673	0.096261	0.348418	0.462617	0.094691	0.363230	0.528037	0.074958
0.375938	0.485981	0.095854	0.345495	0.462617	0.097861	0.264125	0.443925	0.073046
0.348458	0.500000	0.093509	0.304538	0.462617	0.098839	0.305254	0.500000	0.073418
0.380678	0.588785	0.091204	0.353056	0.509346	0.094372	0.330810	0.448598	0.075754
0.376403	0.593458	0.102921	0.401163	0.542056	0.096145	0.325431	0.495327	0.077061
0.353655	0.528037	0.092584	0.315375	0.462617	0.096821	0.324557	0.453271	0.073256
0.389702	0.490654	0.098711	0.357412	0.476636	0.100190	0.283736	0.448598	0.077374
0.349512	0.481308	0.095795	0.341753	0.476636	0.096017	0.324416	0.500000	0.081228
0.312831	0.509346	0.094828	0.368040	0.528037	0.096551	0.344151	0.462617	0.074365
0.348602	0.485981	0.098157	0.357442	0.481308	0.090807	0.315739	0.514019	0.073796
0.352752	0.532710	0.098684	0.338174	0.467290	0.096141	0.354824	0.523364	0.071146
0.389702	0.490654	0.093791	0.353863	0.471963	0.104767	0.332025	0.453271	0.078515
0.388394	0.490654	0.104159	0.294041	0.434579	0.090532	0.329827	0.509346	0.070052
0.358681	0.574766	0.091949	0.322197	0.457944	0.095636	0.306447	0.514019	0.073246
0.342042	0.523364	0.105435	0.285105	0.443925	0.094232	0.270068	0.439252	0.074699
0.309192	0.509346	0.108462	0.402214	0.537383	0.100183	0.389905	0.528037	0.082541
0.366438	0.579439	0.096549	0.332672	0.481308	0.099433	0.385309	0.528037	0.071031
0.350981	0.509346	0.091547	0.346414	0.462617	0.099947	0.326545	0.514019	0.076735
0.343675	0.509346	0.091984	0.354732	0.471963	0.101765	0.339646	0.532710	0.080230
0.356042	0.523364	0.090275	0.339284	0.462617	0.100242	0.338885	0.504673	0.072216
0.325410	0.504673	0.094315	0.362205	0.523364	0.094554	0.362213	0.504673	0.075036
0.336888	0.500000	0.097189	0.295927	0.443925	0.096220	0.340071	0.467290	0.075558
0.360617	0.523364	0.096348	0.336268	0.467290	0.098875	0.386451	0.504673	0.081061
0.327489	0.509346	0.100911	0.357005	0.476636	0.096131	0.346967	0.542056	0.073820
0.318226	0.523364	0.095752	0.334425	0.467290	0.096587	0.398339	0.542056	0.075909
0.331263	0.500000	0.101442	0.352435	0.528037	0.098075	0.328640	0.523364	0.075755
0.340189	0.546729	0.095427	0.367950	0.476636	0.096123	0.266749	0.448598	0.072546
0.356015	0.518692	0.096754	0.357385	0.471963	0.090993	0.351801	0.495327	0.069647
0.332753	0.504673	0.096456	0.321537	0.485981	0.095377	0.347034	0.528037	0.076559
0.321936	0.514019	0.099229	0.363798	0.476636	0.097660	0.352250	0.453271	0.071740
0.343304	0.500000	0.102130	0.366793	0.528037	0.100643	0.377231	0.481308	0.077571
0.330981	0.500000	0.091720	0.353104	0.467290	0.096696	0.350297	0.518692	0.073381
0.350003	0.500000	0.088074	0.390040	0.532710	0.103489	0.337708	0.462617	0.079109
0.411470	0.500000	0.096097	0.348051	0.467290	0.106918	0.324965	0.500000	0.088848
0.360856	0.528037	0.096596	0.353635	0.471963	0.094173	0.304178	0.467290	0.071836
0.325238	0.485981	0.097881	0.351704	0.467290	0.096221	0.348335	0.490654	0.084255
0.343579	0.532710	0.101571	0.341416	0.462617	0.095017	0.312540	0.523364	0.074298
0.319224	0.523364	0.097021	0.390665	0.532710	0.111977	0.260245	0.518692	0.073314
0.341558	0.537383	0.097097	0.305716	0.485981	0.101682	0.294513	0.471963	0.073267
0.335919	0.514019	0.096653	0.334576	0.471963	0.098432	0.394655	0.518692	0.075195
0.346820	0.514019	0.099038	0.336532	0.462617	0.097229	0.330966	0.453271	0.069755
0.362408	0.542056	0.099742	0.347813	0.528037	0.104915	0.316169	0.523364	0.071234
0.324460	0.523364	0.098578	0.256647	0.411215	0.097085	0.359011	0.514019	0.077710
0.359847	0.523364	0.096658	0.319785	0.481308	0.109059	0.346052	0.500000	0.073575
0.365734	0.504673	0.098906	0.357385	0.471963	0.096445	0.357378	0.537383	0.091971
0.335560	0.485981	0.097420	0.349545	0.528037	0.095282	0.359496	0.485981	0.076878
0.338856	0.518692	0.096983	0.342050	0.490654	0.096139	0.339156	0.434579	0.076690
0.317802	0.490654	0.098621	0.353981	0.471963	0.097974	0.304639	0.476636	0.076472
delta = 0.400000, m = 20
0.392479	0.602804	0.110038	0.302510	0.439252	0.111633	0.325634	0.523364	0.078149
0.358389	0.500000	0.109634	0.353926	0.476636	0.098773	0.338847	0.518692	0.071800
0.346733	0.495327	0.109653	0.332842	0.462617	0.104829	0.398322	0.523364	0.085432
0.351779	0.528037	0.111326	0.315301	0.471963	0.112157	0.342965	0.471963	0.077676
0.358389	0.500000	0.112727	0.329839	0.471963	0.102626	0.342991	0.490654	0.078260
0.319890	0.500000	0.110235	0.288946	0.457944	0.102782	0.369139	0.528037	0.077828
0.321240	0.500000	0.109909	0.345394	0.485981	0.099543	0.347663	0.528037	0.078385
0.319638	0.518692	0.112837	0.336587	0.462617	0.097521	0.337204	0.523364	0.073804
0.324184	0.509346	0.111641	0.380231	0.528037	0.099708	0.355037	0.537383	0.079633
0.357270	0.500000	0.110710	0.341512	0.471963	0.102508	0.341211	0.476636	0.077147
0.389702	0.490654	0.111827	0.369444	0.528037	0.105202	0.383497	0.518692	0.083269
0.335044	0.495327	0.111898	0.339284	0.462617	0.099538	0.304309	0.476636	0.073081
0.328152	0.518692	0.113513	0.339284	0.462617	0.101647	0.380861	0.528037	0.081621
0.358389	0.500000	0.119537	0.327060	0.495327	0.106047	0.383610	0.542056	0.072274
0.337109	0.537383	0.106344	0.390019	0.528037	0.101024	0.335178	0.504673	0.074837
0.338588	0.514019	0.111611	0.331383	0.467290	0.104846	0.353612	0.509346	0.077656
0.317893	0.495327	0.100918	0.322590	0.453271	0.108166	0.348220	0.528037	0.090040
0.328532	0.504673	0.115367	0.357385	0.471963	0.102986	0.363768	0.523364	0.077442
0.346634	0.500000	0.100832	0.278335	0.448598	0.100476	0.341292	0.514019	0.075048
0.347489	0.523364	0.100665	0.349327	0.476636	0.100743	0.377776	0.504673	0.076962
0.389702	0.490654	0.136977	0.337686	0.467290	0.104754	0.327275	0.462617	0.078264
0.326602	0.504673	0.098058	0.348394	0.528037	0.100750	0.347820	0.523364	0.075930
0.336370	0.500000	0.092722	0.357439	0.471963	0.110708	0.285154	0.485981	0.074491
0.326967	0.523364	0.103812	0.308565	0.471963	0.105371	0.387396	0.509346	0.082873
0.340289	0.495327	0.133944	0.307758	0.462617	0.098786	0.353465	0.471963	0.075088
0.332451	0.523364	0.109036	0.253607	0.439252	0.096949	0.320003	0.476636	0.073092
0.351779	0.528037	0.094878	0.351764	0.462617	0.113033	0.325496	0.490654	0.074786
0.358959	0.500000	0.104815	0.358279	0.523364	0.101378	0.371960	0.528037	0.080064
0.349097	0.523364	0.128526	0.306222	0.453271	0.098696	0.367707	0.504673	0.083437
0.347674	0.532710	0.097022	0.346042	0.462617	0.100130	0.365692	0.518692	0.076145
0.338041	0.528037	0.093418	0.357858	0.476636	0.107766	0.282250	0.476636	0.078786
0.370983	0.500000	0.098470	0.339315	0.467290	0.099169	0.354531	0.514019	0.078674
0.348903	0.509346	0.109940	0.303926	0.471963	0.100971	0.382827	0.523364	0.079345
0.403877	0.495327	0.128031	0.328208	0.467290	0.101912	0.353864	0.481308	0.072292
0.338041	0.528037	0.104193	0.309706	0.448598	0.104295	0.365895	0.495327	0.077357
0.358389	0.500000	0.092696	0.357412	0.476636	0.107165	0.271825	0.443925	0.072756
0.304326	0.504673	0.096450	0.326037	0.471963	0.102161	0.389321	0.518692	0.076941
0.340005	0.523364	0.103488	0.332780	0.471963	0.099113	0.278457	0.485981	0.085356
0.334993	0.514019	0.125285	0.339200	0.471963	0.107554	0.376695	0.546729	0.073475
0.360079	0.532710	0.097332	0.346192	0.471963	0.101245	0.411049	0.532710	0.074023
0.340289	0.495327	0.099666	0.302376	0.457944	0.113721	0.365232	0.462617	0.073403
0.375938	0.485981	0.099424	0.332213	0.457944	0.104172	0.315903	0.476636	0.072223
0.359209	0.495327	0.100917	0.331315	0.462617	0.096589	0.327512	0.467290	0.074749
0.340327	0.500000	0.099258	0.366584	0.528037	0.101573	0.318623	0.462617	0.076964
0.343207	0.528037	0.137396	0.331383	0.467290	0.101382	0.316804	0.490654	0.084979
0.351052	0.523364	0.106225	0.233747	0.429907	0.099094	0.373222	0.509346	0.076044
0.340327	0.500000	0.092879	0.338001	0.495327	0.103344	0.350194	0.523364	0.075804
0.350337	0.528037	0.097399	0.364313	0.471963	0.105471	0.350729	0.495327	0.075421
0.328583	0.518692	0.105921	0.336339	0.471963	0.104751	0.324370	0.518692	0.076260
0.358389	0.500000	0.096808	0.339184	0.467290	0.100104	0.326470	0.514019	0.074919
delta = 0.400000, m = 25
0.395748	0.495327	0.142426	0.359103	0.481308	0.130988	0.328027	0.518692	0.097097
0.348114	0.500000	0.129862	0.316867	0.495327	0.144106	0.354375	0.504673	0.100263
0.318868	0.523364	0.128447	0.319859	0.481308	0.127686	0.385526	0.523364	0.093476
0.324269	0.518692	0.126554	0.330006	0.462617	0.131788	0.326549	0.462617	0.098975
0.358389	0.500000	0.132583	0.346677	0.471963	0.126067	0.334679	0.528037	0.113833
0.339198	0.518692	0.135113	0.332838	0.467290	0.129811	0.325318	0.453271	0.116615
0.341803	0.523364	0.125613	0.351723	0.471963	0.134845	0.383253	0.546729	0.100594
0.328290	0.514019	0.122018	0.301178	0.443925	0.134998	0.346186	0.504673	0.114583
0.359589	0.495327	0.132030	0.354133	0.471963	0.143949	0.343177	0.528037	0.096958
0.351122	0.495327	0.125017	0.359829	0.471963	0.139914	0.356419	0.528037	0.116876
0.350590	0.500000	0.124588	0.378565	0.528037	0.129502	0.302687	0.504673	0.095000
0.334719	0.518692	0.125874	0.336021	0.490654	0.131389	0.355423	0.518692	0.115042
0.358389	0.500000	0.138518	0.371784	0.528037	0.130210	0.284421	0.500000	0.121917
0.349347	0.500000	0.134431	0.353348	0.542056	0.132024	0.359510	0.471963	0.113684
0.317620	0.528037	0.130153	0.335040	0.462617	0.143802	0.381412	0.514019	0.095194
0.370766	0.490654	0.136511	0.325405	0.467290	0.130693	0.318209	0.457944	0.096855
0.340558	0.528037	0.126734	0.336428	0.467290	0.132907	0.316709	0.467290	0.110275
0.324795	0.518692	0.133696	0.357188	0.481308	0.136913	0.344395	0.509346	0.120513
0.358959	0.500000	0.136978	0.339284	0.462617	0.137065	0.353539	0.546729	0.118877
0.334271	0.495327	0.132307	0.370178	0.528037	0.146648	0.382699	0.514019	0.088577
0.304140	0.500000	0.142904	0.329326	0.485981	0.125192	0.331391	0.471963	0.095742
0.434026	0.500000	0.128171	0.322180	0.453271	0.129245	0.344143	0.509346	0.099374
0.338722	0.532710	0.131041	0.331315	0.462617	0.126895	0.313289	0.481308	0.102405
0.340327	0.500000	0.121429	0.313689	0.457944	0.137625	0.391950	0.532710	0.094975
0.340440	0.500000	0.127277	0.331855	0.471963	0.135489	0.351268	0.495327	0.111512
0.331954	0.551402	0.133626	0.397112	0.551402	0.137162	0.346683	0.514019	0.114741
0.328318	0.528037	0.137348	0.318983	0.457944	0.146362	0.373220	0.504673	0.094731
0.342233	0.528037	0.133905	0.249043	0.420561	0.136869	0.317639	0.453271	0.114826
0.346634	0.500000	0.137280	0.359060	0.481308	0.140756	0.338089	0.518692	0.093803
0.348007	0.528037	0.134760	0.326332	0.462617	0.134528	0.341848	0.518692	0.101174
0.337304	0.495327	0.133014	0.279962	0.448598	0.131428	0.345868	0.490654	0.127660
0.367696	0.504673	0.136034	0.336186	0.467290	0.138446	0.310262	0.457944	0.116079
0.358389	0.500000	0.131042	0.323215	0.467290	0.134343	0.354881	0.514019	0.119453
0.322415	0.523364	0.133316	0.331573	0.471963	0.140601	0.328865	0.481308	0.111468
0.358389	0.500000	0.136653	0.398029	0.546729	0.141826	0.411590	0.528037	0.094327
0.341803	0.523364	0.131709	0.351751	0.532710	0.130068	0.325070	0.532710	0.104489
0.358389	0.500000	0.136629	0.338872	0.457944	0.130766	0.321734	0.443925	0.106204
0.393212	0.556075	0.130049	0.393603	0.528037	0.133538	0.385927	0.523364	0.102671
0.430902	0.500000	0.134121	0.354587	0.476636	0.133310	0.329955	0.476636	0.108953
0.358389	0.500000	0.132000	0.381854	0.532710	0.132576	0.360512	0.518692	0.118244
0.358389	0.500000	0.141696	0.357385	0.471963	0.131599	0.339083	0.504673	0.120368
0.335518	0.523364	0.148670	0.311414	0.471963	0.129254	0.379781	0.514019	0.120450
0.359209	0.495327	0.137039	0.283747	0.462617	0.131292	0.338395	0.523364	0.104302
0.340289	0.495327	0.139692	0.366793	0.528037	0.133948	0.381342	0.509346	0.135885
0.337550	0.528037	0.148496	0.379349	0.542056	0.131202	0.405187	0.518692	0.120252
0.358389	0.500000	0.135892	0.297619	0.457944	0.140206	0.401419	0.523364	0.112259
0.350590	0.500000	0.132288	0.300463	0.476636	0.131291	0.352394	0.523364	0.107359
0.337271	0.523364	0.120199	0.308745	0.448598	0.137137	0.285759	0.490654	0.097626
0.328152	0.518692	0.127922	0.328309	0.467290	0.125325	0.375076	0.485981	0.106319
0.356895	0.523364	0.138309	0.294060	0.425234	0.128259	0.324051	0.523364	0.094360
delta = 0.400000, m = 30
0.358389	0.500000	0.124469	0.308370	0.490654	0.141169	0.384860	0.514019	0.111253
0.351779	0.528037	0.119571	0.316982	0.457944	0.151206	0.372319	0.518692	0.114647
0.358389	0.500000	0.122175	0.327424	0.457944	0.149130	0.324042	0.495327	0.091590
0.335101	0.504673	0.124986	0.346504	0.532710	0.149466	0.360981	0.471963	0.094332
0.348312	0.500000	0.125397	0.336180	0.467290	0.152251	0.362919	0.532710	0.093765
0.346518	0.523364	0.131525	0.375960	0.528037	0.147598	0.359506	0.528037	0.108188
0.358959	0.500000	0.126358	0.360052	0.528037	0.148929	0.371562	0.528037	0.104297
0.340558	0.528037	0.158195	0.389725	0.537383	0.143794	0.366374	0.500000	0.100241
0.358389	0.500000	0.124244	0.349256	0.528037	0.152877	0.355565	0.509346	0.101142
0.340142	0.532710	0.116631	0.329709	0.457944	0.147513	0.369543	0.523364	0.096578
0.334680	0.509346	0.123752	0.331953	0.462617	0.147134	0.323230	0.476636	0.128316
0.358389	0.500000	0.153753	0.347836	0.476636	0.129466	0.375324	0.528037	0.095720
0.328318	0.528037	0.145397	0.389542	0.532710	0.144255	0.380515	0.518692	0.096949
0.351206	0.518692	0.151944	0.328813	0.471963	0.135618	0.274531	0.439252	0.096956
0.345283	0.518692	0.136408	0.346192	0.471963	0.138639	0.334679	0.528037	0.111869
0.358959	0.500000	0.139054	0.331022	0.467290	0.145152	0.316241	0.462617	0.096005
0.406868	0.504673	0.137966	0.323422	0.462617	0.150155	0.357700	0.514019	0.096967
0.346756	0.542056	0.137749	0.369064	0.528037	0.134680	0.360654	0.523364	0.092417
0.394082	0.490654	0.118101	0.336447	0.462617	0.110870	0.298492	0.495327	0.085267
0.358959	0.500000	0.111834	0.317220	0.462617	0.117553	0.387725	0.518692	0.093572
0.334274	0.518692	0.112958	0.335042	0.467290	0.128361	0.385697	0.523364	0.092211
0.325721	0.518692	0.112977	0.349302	0.490654	0.119985	0.372376	0.532710	0.084401
0.338257	0.485981	0.112375	0.312181	0.518692	0.120765	0.383050	0.523364	0.083429
0.358389	0.500000	0.114396	0.355563	0.481308	0.117159	0.379209	0.523364	0.081291
0.339198	0.518692	0.114587	0.341403	0.467290	0.119253	0.338070	0.509346	0.082391
0.356397	0.500000	0.109979	0.363788	0.514019	0.117904	0.308933	0.457944	0.087213
0.358389	0.500000	0.109588	0.344717	0.467290	0.116833	0.287958	0.443925	0.087508
0.325721	0.518692	0.112115	0.331894	0.462617	0.114227	0.362120	0.528037	0.085889
0.330606	0.528037	0.112330	0.319346	0.462617	0.119798	0.343186	0.514019	0.089292
0.358959	0.500000	0.114142	0.343868	0.467290	0.115724	0.316643	0.518692	0.089922
0.329016	0.523364	0.112341	0.270713	0.415888	0.117501	0.361934	0.476636	0.091130
0.340246	0.485981	0.109223	0.313354	0.462617	0.120136	0.370096	0.523364	0.081912
0.358389	0.500000	0.114804	0.328114	0.462617	0.120299	0.361228	0.532710	0.092839
0.340437	0.523364	0.119255	0.353104	0.467290	0.118438	0.370921	0.509346	0.084507
0.358389	0.500000	0.107216	0.316119	0.448598	0.116567	0.330432	0.500000	0.081429
0.335518	0.523364	0.113790	0.297898	0.467290	0.113895	0.365931	0.528037	0.098323
0.346634	0.500000	0.125232	0.337747	0.457944	0.123996	0.306823	0.457944	0.085576
0.322720	0.523364	0.106098	0.396389	0.565421	0.116312	0.375281	0.528037	0.085925
0.344316	0.453271	0.116795	0.290959	0.425234	0.118028	0.349539	0.523364	0.078975
0.326206	0.528037	0.119740	0.331085	0.462617	0.120362	0.312615	0.448598	0.087596
0.346472	0.532710	0.110630	0.293762	0.443925	0.122714	0.400841	0.528037	0.083215
0.419830	0.500000	0.119520	0.334458	0.467290	0.117568	0.389705	0.565421	0.089533
0.319923	0.509346	0.114843	0.365553	0.528037	0.119418	0.340973	0.490654	0.090180
0.324703	0.523364	0.120442	0.350426	0.495327	0.113337	0.323961	0.518692	0.083187
0.328830	0.532710	0.116173	0.375904	0.528037	0.115467	0.360599	0.523364	0.088658
0.342457	0.532710	0.125563	0.334614	0.476636	0.116011	0.329378	0.509346	0.082773
0.328290	0.514019	0.115619	0.351448	0.528037	0.113863	0.346886	0.518692	0.082912
0.334575	0.528037	0.114012	0.333227	0.476636	0.111978	0.366062	0.528037	0.085824
0.350590	0.500000	0.114377	0.318046	0.462617	0.118121	0.364077	0.523364	0.085752
0.341163	0.532710	0.107985	0.385027	0.532710	0.118127	0.364912	0.514019	0.084301
delta = 0.400000, m = 35
0.358389	0.500000	0.122784	0.294117	0.471963	0.128249	0.355041	0.528037	0.089222
0.354460	0.532710	0.119144	0.285186	0.425234	0.148068	0.360791	0.523364	0.087582
0.358389	0.500000	0.124891	0.269892	0.429907	0.120410	0.334679	0.528037	0.094769
0.324024	0.528037	0.121032	0.314731	0.453271	0.123417	0.355293	0.528037	0.093015
0.326206	0.528037	0.126585	0.294300	0.434579	0.122463	0.337638	0.532710	0.086436
0.348007	0.528037	0.122298	0.336044	0.462617	0.139857	0.366793	0.528037	0.089263
0.362540	0.532710	0.121470	0.325274	0.457944	0.135569	0.283381	0.434579	0.091732
0.358389	0.500000	0.127183	0.326254	0.457944	0.128255	0.387792	0.532710	0.092110
0.349532	0.528037	0.132015	0.319929	0.462617	0.129562	0.321001	0.500000	0.088224
0.358389	0.500000	0.133446	0.335040	0.462617	0.125016	0.372728	0.509346	0.091251
0.342117	0.509346	0.132533	0.371315	0.528037	0.125060	0.381031	0.518692	0.088146
0.339071	0.537383	0.124007	0.363649	0.537383	0.123713	0.355964	0.523364	0.094079
0.340558	0.528037	0.124199	0.345204	0.462617	0.122041	0.330106	0.509346	0.090114
0.358389	0.500000	0.131311	0.342348	0.471963	0.130582	0.346535	0.509346	0.085790
0.340558	0.528037	0.124261	0.350609	0.448598	0.124733	0.387231	0.518692	0.090186
0.358389	0.500000	0.123592	0.346042	0.462617	0.127331	0.338515	0.528037	0.089840
0.336590	0.500000	0.116645	0.335718	0.504673	0.125045	0.374071	0.523364	0.090145
0.358389	0.500000	0.123838	0.321625	0.462617	0.121389	0.325444	0.514019	0.086778
0.361992	0.532710	0.121765	0.343138	0.528037	0.127262	0.381600	0.509346	0.089458
0.358389	0.500000	0.125346	0.328591	0.457944	0.118328	0.382760	0.523364	0.092774
0.358389	0.500000	0.122453	0.341506	0.500000	0.123680	0.390709	0.518692	0.086284
0.328267	0.523364	0.118661	0.319346	0.462617	0.130559	0.315766	0.467290	0.091395
0.348007	0.528037	0.120760	0.338423	0.509346	0.119035	0.360980	0.481308	0.087914
0.326017	0.528037	0.122389	0.313913	0.462617	0.124970	0.372443	0.514019	0.091885
0.358389	0.500000	0.130115	0.319237	0.457944	0.125496	0.323890	0.528037	0.091400
0.358389	0.500000	0.130080	0.325590	0.462617	0.126605	0.318938	0.448598	0.093194
0.339906	0.481308	0.122930	0.339341	0.471963	0.129362	0.391873	0.532710	0.090845
0.358353	0.537383	0.122444	0.323215	0.467290	0.128913	0.354054	0.528037	0.088674
0.349532	0.528037	0.127484	0.285642	0.448598	0.128345	0.331072	0.528037	0.091409
0.326206	0.528037	0.130867	0.350149	0.528037	0.125267	0.344989	0.523364	0.089113
0.325995	0.523364	0.129025	0.312099	0.504673	0.146889	0.402008	0.514019	0.095357
0.358389	0.500000	0.130535	0.354695	0.481308	0.127996	0.365388	0.514019	0.091559
0.340558	0.528037	0.130578	0.392524	0.537383	0.126835	0.354129	0.485981	0.097718
0.351779	0.528037	0.126978	0.338143	0.462617	0.130768	0.351617	0.490654	0.089222
0.358389	0.500000	0.125828	0.317220	0.462617	0.132278	0.308169	0.448598	0.091663
0.342536	0.518692	0.128449	0.311547	0.462617	0.130180	0.332562	0.462617	0.092202
0.323562	0.518692	0.125876	0.323932	0.485981	0.129180	0.269807	0.481308	0.091114
0.306517	0.490654	0.126898	0.259222	0.429907	0.128650	0.271354	0.420561	0.089643
0.348007	0.528037	0.125888	0.321960	0.490654	0.132971	0.373790	0.523364	0.096056
0.348007	0.528037	0.127912	0.339284	0.462617	0.121886	0.357653	0.509346	0.089371
0.348007	0.528037	0.120122	0.347284	0.514019	0.126824	0.391910	0.528037	0.086581
0.359691	0.514019	0.122468	0.365924	0.532710	0.125475	0.333547	0.509346	0.094317
0.358389	0.500000	0.133637	0.344922	0.457944	0.126208	0.337843	0.523364	0.089395
0.349532	0.528037	0.127307	0.346029	0.471963	0.125060	0.322822	0.448598	0.089148
0.350590	0.500000	0.129294	0.341353	0.476636	0.128365	0.272464	0.481308	0.110424
0.349532	0.528037	0.120141	0.331970	0.471963	0.128652	0.381255	0.523364	0.090543
0.340005	0.523364	0.121614	0.336788	0.471963	0.125477	0.284290	0.443925	0.089114
0.352145	0.448598	0.119160	0.339833	0.462617	0.129132	0.307484	0.457944	0.086680
0.358389	0.500000	0.128420	0.342408	0.471963	0.125948	0.271675	0.429907	0.085780
0.338459	0.532710	0.121050	0.373043	0.532710	0.123793	0.378759	0.537383	0.089322
delta = 0.400000, m = 40
0.339632	0.514019	0.130136	0.351325	0.537383	0.135150	0.332833	0.457944	0.090760
0.358389	0.500000	0.128637	0.307651	0.453271	0.141204	0.383782	0.523364	0.096074
0.348007	0.528037	0.131936	0.315107	0.457944	0.135905	0.306622	0.467290	0.099346
0.324024	0.528037	0.136618	0.313699	0.453271	0.132808	0.381207	0.542056	0.093210
0.349078	0.518692	0.137055	0.290931	0.471963	0.139490	0.295721	0.462617	0.090646
0.335511	0.528037	0.137376	0.370847	0.528037	0.132778	0.392448	0.528037	0.093909
0.358389	0.500000	0.140585	0.339741	0.476636	0.135318	0.399721	0.518692	0.092695
0.349474	0.537383	0.132203	0.353915	0.528037	0.139502	0.374682	0.509346	0.095098
0.358132	0.532710	0.126168	0.338143	0.462617	0.142445	0.352112	0.518692	0.111120
0.358389	0.500000	0.136298	0.301568	0.481308	0.136549	0.337105	0.471963	0.101754
0.358389	0.500000	0.134910	0.409516	0.500000	0.140242	0.334679	0.528037	0.096245
0.338459	0.532710	0.136671	0.381439	0.537383	0.132454	0.390606	0.523364	0.094551
0.358389	0.500000	0.138898	0.352325	0.528037	0.134730	0.298234	0.457944	0.091766
0.358389	0.500000	0.128328	0.342134	0.467290	0.132530	0.393045	0.514019	0.095926
0.358389	0.500000	0.138506	0.358513	0.485981	0.136032	0.381685	0.514019	0.097409
0.358670	0.500000	0.130999	0.328096	0.514019	0.131226	0.333391	0.481308	0.100621
0.354460	0.532710	0.129603	0.353863	0.471963	0.132192	0.331724	0.476636	0.097317
0.348007	0.528037	0.134606	0.330216	0.476636	0.131825	0.351788	0.467290	0.095961
0.348007	0.528037	0.139323	0.323844	0.462617	0.136566	0.367423	0.500000	0.099672
0.348007	0.528037	0.132498	0.313638	0.462617	0.138187	0.335423	0.490654	0.093149
0.358389	0.500000	0.139158	0.347306	0.528037	0.133128	0.244067	0.439252	0.098913
0.349532	0.528037	0.132887	0.336186	0.467290	0.133533	0.273019	0.429907	0.092716
0.350590	0.500000	0.147819	0.343640	0.471963	0.145842	0.296990	0.495327	0.091638
0.302372	0.504673	0.128637	0.325202	0.453271	0.128953	0.392023	0.528037	0.096548
0.358389	0.500000	0.131058	0.303486	0.462617	0.131176	0.320722	0.443925	0.095636
0.358389	0.500000	0.135228	0.319319	0.504673	0.133964	0.387513	0.518692	0.096283
0.358389	0.500000	0.142633	0.327339	0.485981	0.133106	0.360781	0.542056	0.092144
0.358389	0.500000	0.133835	0.322286	0.457944	0.139883	0.375042	0.537383	0.091542
0.338722	0.532710	0.136270	0.339596	0.462617	0.130254	0.308649	0.481308	0.091864
0.298494	0.495327	0.128122	0.333816	0.462617	0.138883	0.270370	0.429907	0.093845
0.340005	0.523364	0.133901	0.317936	0.457944	0.134460	0.312689	0.504673	0.100930
0.333678	0.509346	0.129718	0.338593	0.471963	0.129721	0.387989	0.528037	0.092836
0.342638	0.537383	0.134358	0.329367	0.471963	0.132054	0.283652	0.481308	0.103534
0.403877	0.495327	0.143981	0.337002	0.476636	0.132919	0.367292	0.532710	0.101771
0.335804	0.500000	0.132220	0.311339	0.457944	0.126282	0.346223	0.485981	0.094982
0.334636	0.528037	0.134519	0.259057	0.434579	0.129486	0.309036	0.495327	0.100307
0.339988	0.537383	0.137955	0.317877	0.457944	0.131582	0.386016	0.514019	0.095566
0.325629	0.523364	0.132628	0.361321	0.514019	0.138185	0.361244	0.523364	0.093994
0.350590	0.500000	0.131007	0.338174	0.467290	0.132789	0.388077	0.518692	0.093161
0.350590	0.500000	0.137840	0.317220	0.462617	0.135327	0.355115	0.518692	0.092350
0.349532	0.528037	0.131511	0.310846	0.471963	0.139692	0.338312	0.504673	0.097297
0.348007	0.528037	0.126724	0.385072	0.546729	0.136267	0.339359	0.500000	0.099475
0.348672	0.518692	0.137380	0.352162	0.528037	0.133720	0.270813	0.443925	0.092844
0.349532	0.528037	0.135245	0.331383	0.467290	0.133970	0.319546	0.462617	0.099738
0.320250	0.509346	0.139387	0.323146	0.485981	0.141475	0.342828	0.485981	0.095509
0.358389	0.500000	0.130413	0.328158	0.471963	0.130916	0.314013	0.514019	0.099317
0.358389	0.500000	0.142891	0.347791	0.467290	0.129163	0.369574	0.514019	0.109413
0.340910	0.528037	0.132042	0.373932	0.528037	0.129887	0.366793	0.528037	0.095944
0.358389	0.500000	0.137486	0.325217	0.471963	0.139194	0.322862	0.518692	0.093995
0.340558	0.528037	0.134971	0.351448	0.528037	0.132157	0.343806	0.476636	0.089942
delta = 0.400000, m = 45
0.358389	0.500000	0.148915	0.327691	0.504673	0.138166	0.362729	0.528037	0.095008
0.350590	0.500000	0.144393	0.346181	0.514019	0.142197	0.351910	0.509346	0.103479
0.321449	0.485981	0.150891	0.354587	0.476636	0.145092	0.358250	0.528037	0.102366
0.358389	0.500000	0.139482	0.326822	0.490654	0.140321	0.391835	0.523364	0.103849
0.339071	0.537383	0.143584	0.341033	0.471963	0.144156	0.326863	0.481308	0.100373
0.340005	0.523364	0.150392	0.371315	0.528037	0.142264	0.302266	0.457944	0.102886
0.349474	0.537383	0.145749	0.335072	0.467290	0.144383	0.343633	0.532710	0.102606
0.348007	0.528037	0.152668	0.372115	0.537383	0.145495	0.362120	0.528037	0.103792
0.358389	0.500000	0.148472	0.258030	0.439252	0.148546	0.326109	0.528037	0.103946
0.358389	0.500000	0.146604	0.294498	0.443925	0.145601	0.366793	0.528037	0.102470
0.325629	0.523364	0.142326	0.265078	0.429907	0.141121	0.381602	0.528037	0.106141
0.344970	0.528037	0.139737	0.322503	0.467290	0.139402	0.395190	0.518692	0.100504
0.345427	0.532710	0.150413	0.337272	0.471963	0.154188	0.393515	0.532710	0.106172
0.331662	0.504673	0.148377	0.330167	0.467290	0.135487	0.361601	0.528037	0.103554
0.358389	0.500000	0.148236	0.345655	0.514019	0.146978	0.396884	0.528037	0.112811
0.340005	0.523364	0.145273	0.346099	0.471963	0.140872	0.327784	0.448598	0.099971
0.352298	0.528037	0.138523	0.319635	0.462617	0.146611	0.318722	0.462617	0.099084
0.358389	0.500000	0.157883	0.341403	0.467290	0.144839	0.317321	0.495327	0.101393
0.358389	0.500000	0.148992	0.307402	0.462617	0.144214	0.269552	0.434579	0.101452
0.348007	0.528037	0.148343	0.344749	0.471963	0.145471	0.329401	0.476636	0.104466
0.358389	0.500000	0.154711	0.296559	0.467290	0.141357	0.334159	0.457944	0.101355
0.358389	0.500000	0.145264	0.346099	0.471963	0.143795	0.371010	0.532710	0.100159
0.348007	0.528037	0.151069	0.332927	0.476636	0.147754	0.365826	0.514019	0.099457
0.358389	0.500000	0.149584	0.386914	0.532710	0.155555	0.409930	0.528037	0.097421
0.358389	0.500000	0.149324	0.347793	0.448598	0.142852	0.334679	0.528037	0.103313
0.358389	0.500000	0.141057	0.341192	0.467290	0.142334	0.399091	0.509346	0.109328
0.358389	0.500000	0.141071	0.357385	0.471963	0.143128	0.363787	0.532710	0.100089
0.346549	0.528037	0.144871	0.344152	0.471963	0.177947	0.356136	0.532710	0.103986
0.358389	0.500000	0.143294	0.294811	0.490654	0.149293	0.346933	0.523364	0.097059
0.348071	0.504673	0.146200	0.281907	0.429907	0.146231	0.335508	0.523364	0.105000
0.348007	0.528037	0.146300	0.342049	0.462617	0.147040	0.334679	0.528037	0.101024
0.347191	0.500000	0.150517	0.363215	0.528037	0.148201	0.343743	0.504673	0.107634
0.348007	0.528037	0.154466	0.340074	0.467290	0.145063	0.307696	0.462617	0.102622
0.358132	0.532710	0.146823	0.336254	0.467290	0.150524	0.350985	0.528037	0.097923
0.358389	0.500000	0.142837	0.430806	0.509346	0.149609	0.359851	0.528037	0.102802
0.306835	0.481308	0.145125	0.339838	0.467290	0.144326	0.292973	0.443925	0.096942
0.348007	0.528037	0.140860	0.326289	0.481308	0.144683	0.375715	0.490654	0.102343
0.349532	0.528037	0.154457	0.357138	0.528037	0.142877	0.386905	0.523364	0.102199
0.340005	0.523364	0.153909	0.327013	0.481308	0.152864	0.351295	0.476636	0.107471
0.358389	0.500000	0.144706	0.349681	0.523364	0.149847	0.357993	0.532710	0.137276
0.337820	0.504673	0.144540	0.349584	0.528037	0.144129	0.349613	0.467290	0.101578
0.340005	0.523364	0.139781	0.374489	0.532710	0.140078	0.370208	0.509346	0.103869
0.300452	0.481308	0.155548	0.332949	0.471963	0.146703	0.308672	0.500000	0.104739
0.358389	0.500000	0.156660	0.330559	0.462617	0.142440	0.336134	0.462617	0.101812
0.355509	0.537383	0.146217	0.356784	0.528037	0.156074	0.370508	0.523364	0.106630
0.344970	0.528037	0.144948	0.353651	0.490654	0.142494	0.352463	0.518692	0.104989
0.358389	0.500000	0.153312	0.346734	0.509346	0.146543	0.364297	0.528037	0.111334
0.358389	0.500000	0.150145	0.328491	0.462617	0.145288	0.344215	0.509346	0.110989
0.358389	0.500000	0.171808	0.358630	0.504673	0.168137	0.400144	0.528037	0.101977
0.340558	0.528037	0.168622	0.355633	0.476636	0.218241	0.372357	0.514019	0.124482
delta = 0.400000, m = 50
0.312136	0.495327	0.181215	0.304989	0.457944	0.222135	0.328354	0.467290	0.182241
0.349532	0.528037	0.291844	0.328378	0.462617	0.189072	0.294422	0.471963	0.135260
0.305803	0.500000	0.182427	0.320463	0.500000	0.171105	0.342622	0.485981	0.118366
0.340005	0.523364	0.190847	0.353915	0.532710	0.187523	0.297287	0.509346	0.149486
0.352103	0.528037	0.201190	0.339072	0.457944	0.249846	0.381207	0.542056	0.136309
0.358389	0.500000	0.194827	0.340762	0.471963	0.178724	0.349532	0.528037	0.116046
0.282568	0.457944	0.173691	0.379878	0.542056	0.180102	0.312491	0.467290	0.149449
0.350555	0.500000	0.216119	0.331573	0.471963	0.170582	0.321142	0.532710	0.107159
0.348312	0.500000	0.188646	0.305694	0.471963	0.172986	0.366584	0.528037	0.123172
0.340005	0.523364	0.182640	0.337606	0.467290	0.161229	0.395190	0.518692	0.117983
0.358389	0.500000	0.171507	0.351676	0.528037	0.165800	0.381607	0.518692	0.115271
0.350590	0.500000	0.166248	0.317723	0.471963	0.175632	0.401450	0.528037	0.162463
0.354419	0.537383	0.198300	0.416023	0.565421	0.192863	0.341037	0.509346	0.144058
0.348007	0.528037	0.228020	0.371658	0.481308	0.182585	0.313408	0.471963	0.118908
0.347359	0.537383	0.172043	0.344822	0.528037	0.179701	0.389276	0.523364	0.126904
0.356397	0.500000	0.168910	0.373932	0.528037	0.181980	0.288008	0.485981	0.112245
0.356695	0.509346	0.170899	0.401985	0.537383	0.163057	0.301081	0.434579	0.122442
0.348007	0.528037	0.182512	0.343800	0.514019	0.208152	0.364728	0.514019	0.119180
0.358389	0.500000	0.178454	0.338316	0.453271	0.164150	0.341601	0.532710	0.129391
0.358389	0.500000	0.170815	0.321574	0.462617	0.162135	0.315316	0.462617	0.116756
0.340005	0.523364	0.186353	0.323675	0.467290	0.160147	0.358898	0.523364	0.112243
0.347166	0.532710	0.153951	0.328263	0.467290	0.156775	0.327122	0.485981	0.110894
0.358389	0.500000	0.155219	0.332301	0.462617	0.151200	0.380157	0.528037	0.105816
0.358389	0.500000	0.147620	0.336344	0.514019	0.159167	0.350072	0.537383	0.108671
0.347611	0.528037	0.148661	0.324963	0.471963	0.152972	0.392461	0.523364	0.109975
0.358389	0.500000	0.157152	0.319278	0.457944	0.149021	0.316847	0.462617	0.112160
0.350672	0.537383	0.155313	0.339315	0.467290	0.158255	0.340922	0.467290	0.106984
0.358389	0.500000	0.159011	0.339341	0.471963	0.148863	0.311985	0.457944	0.107554
0.358389	0.500000	0.159481	0.359043	0.546729	0.158286	0.291930	0.495327	0.105460
0.358132	0.532710	0.152396	0.277278	0.434579	0.157368	0.277745	0.439252	0.105789
0.358132	0.532710	0.153960	0.265078	0.429907	0.155680	0.356786	0.528037	0.112431
0.348007	0.528037	0.156612	0.361405	0.528037	0.158299	0.250485	0.429907	0.112340
0.348007	0.528037	0.160383	0.254336	0.401869	0.157230	0.279731	0.429907	0.112997
0.358389	0.500000	0.160774	0.308085	0.462617	0.161637	0.340863	0.509346	0.119784
0.348719	0.532710	0.152019	0.328937	0.462617	0.155611	0.408259	0.532710	0.113502
0.338459	0.532710	0.161192	0.373295	0.532710	0.158855	0.330378	0.476636	0.109003
0.358389	0.500000	0.157339	0.341640	0.467290	0.152289	0.395829	0.528037	0.107755
0.348007	0.528037	0.155884	0.353709	0.532710	0.161540	0.357993	0.532710	0.107443
0.358389	0.500000	0.160873	0.370235	0.528037	0.161938	0.383875	0.514019	0.109379
0.375573	0.504673	0.155888	0.379425	0.537383	0.154064	0.371310	0.485981	0.104730
0.358389	0.500000	0.159942	0.344948	0.528037	0.151719	0.285583	0.448598	0.110120
0.307727	0.500000	0.151308	0.327639	0.476636	0.154649	0.364714	0.509346	0.114685
0.350672	0.537383	0.156547	0.335586	0.471963	0.157048	0.346758	0.481308	0.106661
0.361015	0.542056	0.151880	0.330818	0.462617	0.150872	0.357726	0.528037	0.109217
0.358389	0.500000	0.152783	0.347306	0.528037	0.147293	0.334679	0.528037	0.110014
0.340875	0.528037	0.149548	0.343720	0.495327	0.154590	0.350072	0.537383	0.107527
0.358389	0.500000	0.155467	0.366196	0.528037	0.155763	0.351910	0.509346	0.110794
0.349532	0.528037	0.160967	0.351849	0.523364	0.160650	0.357726	0.528037	0.113214
0.358389	0.500000	0.163120	0.390593	0.551402	0.153940	0.339219	0.476636	0.110271
0.358389	0.500000	0.156797	0.260141	0.425234	0.159246	0.350227	0.523364	0.107965
delta = 0.400000, m = 55
0.358389	0.500000	0.171017	0.379425	0.537383	0.165289	0.285921	0.439252	0.112080
0.340005	0.523364	0.170550	0.335040	0.462617	0.166425	0.343473	0.471963	0.126368
0.348007	0.528037	0.162405	0.386846	0.579439	0.162159	0.358344	0.514019	0.126636
0.338722	0.532710	0.167120	0.342649	0.500000	0.161234	0.366937	0.528037	0.123431
0.360849	0.542056	0.166667	0.344069	0.462617	0.166670	0.351858	0.471963	0.116088
0.348007	0.528037	0.168345	0.345136	0.504673	0.165993	0.388793	0.518692	0.120933
0.348007	0.528037	0.177361	0.317734	0.453271	0.171406	0.364297	0.528037	0.118346
0.342886	0.523364	0.163841	0.329535	0.500000	0.163134	0.310487	0.495327	0.118239
0.308618	0.490654	0.171914	0.389130	0.551402	0.167933	0.338619	0.467290	0.116183
0.293458	0.490654	0.171943	0.324686	0.518692	0.161446	0.323135	0.500000	0.114567
0.399514	0.495327	0.161906	0.382456	0.537383	0.170088	0.366793	0.528037	0.116438
0.338459	0.532710	0.172089	0.380906	0.500000	0.174020	0.320394	0.467290	0.122417
0.358389	0.500000	0.173086	0.343174	0.467290	0.171774	0.382625	0.518692	0.115119
0.334575	0.528037	0.165258	0.329669	0.542056	0.170290	0.372623	0.485981	0.125945
0.358132	0.532710	0.169084	0.347311	0.523364	0.165777	0.267327	0.448598	0.120123
0.337993	0.528037	0.165585	0.314822	0.462617	0.162122	0.330837	0.528037	0.121532
0.350590	0.500000	0.169847	0.304207	0.462617	0.167671	0.355041	0.528037	0.116853
0.358389	0.500000	0.230186	0.336346	0.485981	0.221113	0.362249	0.528037	0.127878
0.339532	0.471963	0.210860	0.363670	0.537383	0.171772	0.365970	0.523364	0.127589
0.337993	0.528037	0.187914	0.331383	0.467290	0.200358	0.386905	0.523364	0.143763
0.358389	0.500000	0.206983	0.342753	0.476636	0.242645	0.388793	0.518692	0.188770
0.358389	0.500000	0.221846	0.333133	0.471963	0.186445	0.315903	0.518692	0.125616
0.339532	0.471963	0.172752	0.338023	0.504673	0.175094	0.279199	0.443925	0.124060
0.315266	0.528037	0.184743	0.298547	0.420561	0.176627	0.390731	0.518692	0.128341
0.350590	0.500000	0.194361	0.316030	0.467290	0.170865	0.350227	0.523364	0.139429
0.288857	0.462617	0.179600	0.322116	0.495327	0.188370	0.389097	0.523364	0.124786
0.358389	0.500000	0.186270	0.295190	0.434579	0.179048	0.400147	0.528037	0.137045
0.347191	0.500000	0.187454	0.330672	0.471963	0.174440	0.356136	0.532710	0.131288
0.358389	0.500000	0.190941	0.314384	0.448598	0.196332	0.396456	0.523364	0.123657
0.348007	0.528037	0.208011	0.338675	0.471963	0.185288	0.278956	0.476636	0.133369
0.358389	0.500000	0.200037	0.349545	0.528037	0.185329	0.290128	0.443925	0.139560
0.344489	0.523364	0.234377	0.326069	0.467290	0.175952	0.380148	0.537383	0.126677
0.358389	0.500000	0.193441	0.372852	0.518692	0.170401	0.324127	0.467290	0.127837
0.358389	0.500000	0.176907	0.326001	0.471963	0.175637	0.319245	0.467290	0.130636
0.348007	0.528037	0.200079	0.400151	0.602804	0.167756	0.347489	0.523364	0.133826
0.329036	0.528037	0.180564	0.261817	0.457944	0.178876	0.310442	0.495327	0.129822
0.347191	0.500000	0.221988	0.356786	0.528037	0.193170	0.366793	0.528037	0.131433
0.344217	0.523364	0.187708	0.350680	0.490654	0.170950	0.388119	0.537383	0.136323
0.344489	0.523364	0.201315	0.322163	0.453271	0.205331	0.276116	0.439252	0.125058
0.336590	0.500000	0.174475	0.331673	0.476636	0.174221	0.309687	0.457944	0.123170
0.347191	0.500000	0.188423	0.361503	0.476636	0.175328	0.398911	0.537383	0.121525
0.340005	0.523364	0.190781	0.357385	0.471963	0.191500	0.391096	0.537383	0.140574
0.358389	0.500000	0.198866	0.349628	0.443925	0.152805	0.330949	0.471963	0.138792
0.358389	0.500000	0.176427	0.349737	0.481308	0.173601	0.351910	0.509346	0.118980
0.387174	0.500000	0.172774	0.347823	0.532710	0.180649	0.390709	0.518692	0.138798
0.348114	0.500000	0.183235	0.342315	0.532710	0.187440	0.361497	0.518692	0.131606
0.348071	0.504673	0.182083	0.331315	0.462617	0.178871	0.360809	0.476636	0.118518
0.348007	0.528037	0.198287	0.297011	0.453271	0.180773	0.315375	0.462617	0.117424
0.348007	0.528037	0.169108	0.328524	0.467290	0.178641	0.347489	0.523364	0.117788
0.358389	0.500000	0.174510	0.356661	0.481308	0.174408	0.403877	0.495327	0.140311
delta = 0.400000, m = 60
0.358389	0.500000	0.220395	0.398029	0.546729	0.201415	0.368710	0.514019	0.139207
0.349532	0.528037	0.189624	0.335289	0.518692	0.196712	0.323535	0.467290	0.143072
0.358389	0.500000	0.199580	0.344586	0.509346	0.199003	0.315691	0.481308	0.139981
0.350590	0.500000	0.192343	0.300830	0.425234	0.210346	0.366556	0.528037	0.135750
0.358389	0.500000	0.201193	0.333380	0.462617	0.203726	0.325968	0.476636	0.135920
0.347191	0.500000	0.214725	0.343189	0.420561	0.200535	0.381255	0.523364	0.140772
0.354460	0.532710	0.200490	0.359337	0.523364	0.225261	0.395032	0.518692	0.139489
0.350590	0.500000	0.212949	0.371315	0.528037	0.234453	0.403679	0.528037	0.143912
0.352103	0.528037	0.198657	0.326498	0.462617	0.194048	0.347489	0.523364	0.147887
0.358389	0.500000	0.197700	0.331140	0.518692	0.190598	0.326259	0.471963	0.132030
0.349532	0.528037	0.201453	0.306895	0.467290	0.198974	0.333343	0.471963	0.138871
0.329036	0.528037	0.199380	0.338424	0.457944	0.217899	0.364661	0.514019	0.152298
0.358389	0.500000	0.206315	0.347306	0.528037	0.203849	0.406171	0.542056	0.135484
0.340925	0.528037	0.196210	0.318983	0.457944	0.197982	0.285271	0.429907	0.141696
0.358389	0.500000	0.203852	0.322286	0.457944	0.211219	0.308122	0.443925	0.128814
0.350590	0.500000	0.211810	0.351436	0.532710	0.209555	0.282220	0.467290	0.144149
0.317637	0.532710	0.224296	0.337606	0.467290	0.211880	0.263453	0.429907	0.155083
0.354797	0.500000	0.198846	0.350432	0.504673	0.202831	0.320943	0.476636	0.136034
0.348007	0.528037	0.198014	0.336428	0.467290	0.189924	0.369340	0.476636	0.139401
0.348312	0.500000	0.184295	0.319183	0.471963	0.187320	0.297464	0.453271	0.125314
0.350590	0.500000	0.188004	0.348997	0.528037	0.192930	0.348007	0.528037	0.137791
0.308618	0.490654	0.190471	0.305156	0.471963	0.205833	0.370773	0.532710	0.129384
0.358389	0.500000	0.197526	0.362777	0.528037	0.209918	0.378949	0.518692	0.144774
0.350590	0.500000	0.185483	0.343955	0.476636	0.207556	0.371992	0.528037	0.151976
0.338459	0.532710	0.214868	0.343841	0.528037	0.225720	0.302095	0.457944	0.144495
0.358389	0.500000	0.193608	0.355814	0.434579	0.205868	0.300736	0.453271	0.131277
0.282568	0.457944	0.201722	0.335363	0.481308	0.193983	0.355041	0.528037	0.145497
0.350590	0.500000	0.186608	0.281151	0.481308	0.181586	0.329653	0.528037	0.134888
0.358389	0.500000	0.182047	0.354462	0.514019	0.192057	0.355041	0.528037	0.134161
0.358389	0.500000	0.195782	0.320699	0.490654	0.196028	0.329306	0.481308	0.127717
0.348114	0.500000	0.189902	0.348912	0.518692	0.192265	0.324040	0.453271	0.128466
0.347012	0.523364	0.183772	0.397415	0.560748	0.179042	0.351779	0.528037	0.143855
0.358389	0.500000	0.188854	0.339341	0.471963	0.198544	0.345081	0.509346	0.126855
0.350590	0.500000	0.188521	0.357666	0.532710	0.192884	0.355041	0.528037	0.121409
0.349317	0.476636	0.179445	0.349927	0.490654	0.185214	0.401450	0.528037	0.152185
0.350590	0.500000	0.192619	0.384685	0.546729	0.188528	0.369444	0.528037	0.127872
0.352103	0.528037	0.169516	0.327634	0.514019	0.204816	0.302990	0.471963	0.124234
0.349532	0.528037	0.198788	0.319808	0.462617	0.191871	0.332780	0.518692	0.124040
0.348007	0.528037	0.187118	0.360925	0.528037	0.207925	0.355041	0.528037	0.126051
0.358389	0.500000	0.186516	0.345655	0.514019	0.197457	0.371237	0.528037	0.141813
0.347191	0.500000	0.194507	0.346580	0.471963	0.179937	0.307438	0.462617	0.126031
0.356695	0.509346	0.179778	0.316383	0.462617	0.180874	0.355041	0.528037	0.125522
0.328148	0.528037	0.190316	0.339284	0.462617	0.181055	0.317232	0.481308	0.164345
0.358389	0.500000	0.198447	0.401552	0.495327	0.205068	0.380322	0.523364	0.137502
0.289695	0.467290	0.176280	0.332854	0.528037	0.215031	0.356136	0.532710	0.127583
0.358389	0.500000	0.224863	0.351426	0.523364	0.191521	0.359246	0.532710	0.130903
0.348672	0.518692	0.190135	0.359769	0.532710	0.196936	0.358864	0.528037	0.131736
0.358389	0.500000	0.210556	0.322774	0.457944	0.210332	0.381812	0.518692	0.141293
0.326616	0.523364	0.219899	0.343786	0.467290	0.189864	0.356910	0.518692	0.133882
0.348007	0.528037	0.188876	0.359508	0.471963	0.194524	0.371358	0.523364	0.276558
delta = 0.400000, m = 65
0.348007	0.528037	0.388666	0.350426	0.523364	0.511111	0.395190	0.518692	0.254350
0.339532	0.471963	0.423573	0.336539	0.471963	0.344638	0.350145	0.504673	0.141231
0.329036	0.528037	0.279848	0.329922	0.462617	0.214603	0.317583	0.518692	0.145747
0.348007	0.528037	0.250590	0.350075	0.471963	0.226438	0.306062	0.443925	0.156515
0.345943	0.532710	0.217150	0.261239	0.429907	0.313467	0.364297	0.528037	0.177817
0.348007	0.528037	0.212274	0.346872	0.467290	0.230056	0.306433	0.471963	0.142904
0.348007	0.528037	0.207735	0.373932	0.528037	0.238947	0.308567	0.457944	0.144094
0.350985	0.528037	0.214300	0.334374	0.504673	0.226231	0.388793	0.518692	0.148745
0.339532	0.471963	0.214481	0.327700	0.495327	0.238305	0.316713	0.457944	0.151845
0.358389	0.500000	0.220671	0.350919	0.523364	0.216976	0.356685	0.528037	0.166264
0.339532	0.471963	0.228139	0.326183	0.481308	0.235016	0.295695	0.453271	0.158337
0.350590	0.500000	0.344892	0.320021	0.467290	0.220533	0.347889	0.509346	0.146870
0.349532	0.528037	0.213010	0.335533	0.471963	0.210490	0.366793	0.528037	0.150111
0.358389	0.500000	0.218748	0.296583	0.462617	0.209922	0.341180	0.528037	0.141684
0.348114	0.500000	0.221089	0.367729	0.532710	0.223351	0.366793	0.528037	0.140648
0.344970	0.528037	0.210000	0.316651	0.453271	0.204109	0.356136	0.532710	0.137970
0.348007	0.528037	0.210599	0.331111	0.462617	0.206174	0.335089	0.509346	0.136413
0.338459	0.532710	0.206074	0.348880	0.523364	0.208030	0.362273	0.471963	0.142467
0.350590	0.500000	0.214681	0.306507	0.439252	0.197606	0.340441	0.462617	0.141028
0.358389	0.500000	0.204292	0.351189	0.532710	0.205024	0.361656	0.471963	0.140763
0.338459	0.532710	0.208307	0.339184	0.467290	0.201831	0.390019	0.528037	0.141556
0.344489	0.523364	0.202510	0.294749	0.457944	0.200049	0.317634	0.523364	0.140705
0.358389	0.500000	0.198157	0.350149	0.528037	0.206952	0.377464	0.518692	0.140555
0.321449	0.485981	0.206870	0.336540	0.476636	0.201782	0.355041	0.528037	0.142519
0.358389	0.500000	0.211452	0.342629	0.518692	0.210620	0.377629	0.532710	0.181682
0.348672	0.518692	0.201386	0.338499	0.532710	0.210031	0.385642	0.528037	0.136416
0.358389	0.500000	0.207657	0.320328	0.457944	0.210519	0.357726	0.528037	0.142139
0.348007	0.528037	0.205703	0.359977	0.467290	0.203563	0.351779	0.528037	0.148867
0.348071	0.504673	0.198480	0.326314	0.504673	0.207902	0.270871	0.443925	0.139212
0.358389	0.500000	0.209337	0.339883	0.528037	0.207955	0.336892	0.457944	0.138972
0.348007	0.528037	0.208332	0.398042	0.495327	0.206979	0.306582	0.453271	0.145054
0.350590	0.500000	0.210093	0.344786	0.467290	0.203820	0.355041	0.528037	0.142840
0.348006	0.509346	0.211269	0.361920	0.500000	0.206156	0.279772	0.439252	0.148995
0.348071	0.504673	0.219215	0.347592	0.504673	0.205124	0.330837	0.528037	0.143247
0.340005	0.523364	0.199561	0.301333	0.485981	0.218793	0.277745	0.439252	0.141928
0.338493	0.523364	0.209482	0.333133	0.471963	0.214282	0.334679	0.528037	0.142898
0.358389	0.500000	0.200700	0.295812	0.453271	0.198397	0.271572	0.481308	0.140408
0.358389	0.500000	0.206156	0.339315	0.467290	0.195145	0.390866	0.523364	0.140395
0.358389	0.500000	0.209463	0.293914	0.471963	0.207589	0.329127	0.471963	0.135874
0.348007	0.528037	0.199609	0.326963	0.504673	0.201270	0.321970	0.485981	0.131574
0.327437	0.495327	0.208887	0.340600	0.500000	0.212373	0.324559	0.485981	0.138071
0.358389	0.500000	0.210454	0.349851	0.490654	0.202759	0.357993	0.532710	0.155102
0.358132	0.532710	0.213917	0.340512	0.523364	0.204639	0.356685	0.528037	0.144899
0.358389	0.500000	0.210354	0.329517	0.462617	0.212022	0.297447	0.481308	0.146965
0.350590	0.500000	0.201530	0.344584	0.462617	0.216905	0.357993	0.532710	0.161356
0.321449	0.485981	0.207272	0.345552	0.471963	0.230525	0.346078	0.528037	0.141071
0.358389	0.500000	0.211192	0.335062	0.471963	0.204136	0.406979	0.528037	0.141765
0.347166	0.532710	0.217790	0.317944	0.448598	0.218228	0.255710	0.429907	0.134341
0.350590	0.500000	0.209364	0.327967	0.467290	0.203696	0.339131	0.467290	0.143162
0.350590	0.500000	0.218510	0.350031	0.532710	0.210157	0.271559	0.448598	0.139222
delta = 0.400000, m = 70
0.354460	0.532710	0.227160	0.335413	0.462617	0.229415	0.334679	0.528037	0.159835
0.358389	0.500000	0.221468	0.314086	0.500000	0.215228	0.363290	0.514019	0.151916
0.350590	0.500000	0.222939	0.330303	0.467290	0.219405	0.369535	0.532710	0.148370
0.348007	0.528037	0.212020	0.344822	0.528037	0.217939	0.322736	0.500000	0.146919
0.358389	0.500000	0.228074	0.384466	0.537383	0.216343	0.333399	0.500000	0.158042
0.282568	0.457944	0.217130	0.341266	0.471963	0.223901	0.332780	0.518692	0.159767
0.348007	0.528037	0.229251	0.348223	0.467290	0.221365	0.272481	0.448598	0.154453
0.348007	0.528037	0.220818	0.351579	0.471963	0.230737	0.303978	0.490654	0.153885
0.358389	0.500000	0.219371	0.348506	0.532710	0.217206	0.357426	0.532710	0.172286
0.333640	0.500000	0.241298	0.360304	0.514019	0.217903	0.274531	0.439252	0.149011
0.347012	0.523364	0.224950	0.354853	0.528037	0.235179	0.316368	0.471963	0.157332
0.358389	0.500000	0.218418	0.321250	0.462617	0.218234	0.323622	0.490654	0.151987
0.356695	0.509346	0.212625	0.342629	0.518692	0.225894	0.319164	0.500000	0.152138
0.350590	0.500000	0.215151	0.364313	0.471963	0.211180	0.403062	0.523364	0.151762
0.348007	0.528037	0.240490	0.325876	0.495327	0.214073	0.268798	0.443925	0.150383
0.306341	0.500000	0.220193	0.339315	0.467290	0.210596	0.295081	0.439252	0.158569
0.317637	0.532710	0.214269	0.356180	0.532710	0.212173	0.334679	0.528037	0.149458
0.356239	0.532710	0.218896	0.313899	0.462617	0.238795	0.357726	0.528037	0.149682
0.325092	0.523364	0.211742	0.349488	0.471963	0.215382	0.341537	0.532710	0.155436
0.340005	0.523364	0.224293	0.329886	0.467290	0.215335	0.333238	0.532710	0.148457
0.300004	0.495327	0.217041	0.348866	0.504673	0.227335	0.366095	0.476636	0.164214
0.358132	0.532710	0.217104	0.317220	0.462617	0.222760	0.279999	0.439252	0.149321
0.298616	0.500000	0.223427	0.341871	0.471963	0.223241	0.358068	0.481308	0.154476
0.345330	0.532710	0.213989	0.343527	0.509346	0.214699	0.315375	0.462617	0.149170
0.348007	0.528037	0.230377	0.292768	0.471963	0.213970	0.333488	0.457944	0.149853
0.340925	0.528037	0.222437	0.330188	0.457944	0.219527	0.343177	0.528037	0.148749
0.293496	0.490654	0.236475	0.331486	0.462617	0.222832	0.394268	0.523364	0.156292
0.338459	0.532710	0.218740	0.342878	0.453271	0.217826	0.330658	0.467290	0.151698
0.350590	0.500000	0.228364	0.388048	0.546729	0.242353	0.285531	0.443925	0.153077
0.334575	0.528037	0.244038	0.314069	0.467290	0.333292	0.324846	0.504673	0.182605
0.314412	0.523364	0.224973	0.345815	0.471963	0.223261	0.283380	0.439252	0.154068
0.326616	0.523364	0.337070	0.348751	0.518692	0.242753	0.268511	0.434579	0.163754
0.387174	0.500000	0.251763	0.356217	0.523364	0.343694	0.274531	0.439252	0.157134
0.348007	0.528037	0.209628	0.323089	0.457944	0.226455	0.323264	0.500000	0.153280
0.294728	0.495327	0.231819	0.362306	0.537383	0.226384	0.300452	0.462617	0.159557
0.348109	0.514019	0.285573	0.344822	0.528037	0.214678	0.311685	0.457944	0.158633
0.348007	0.528037	0.237109	0.351498	0.532710	0.234845	0.366793	0.528037	0.180897
0.302444	0.500000	0.222510	0.362120	0.528037	0.224206	0.279329	0.443925	0.168111
0.321681	0.509346	0.253653	0.353915	0.532710	0.278830	0.361063	0.509346	0.192336
0.358389	0.500000	0.237607	0.375960	0.528037	0.226657	0.279526	0.443925	0.160159
0.350590	0.500000	0.225375	0.374126	0.481308	0.213088	0.389702	0.490654	0.157874
0.321449	0.485981	0.236367	0.336283	0.467290	0.234333	0.369835	0.523364	0.179567
0.321681	0.509346	0.213600	0.360073	0.532710	0.219511	0.376332	0.523364	0.159001
0.358389	0.500000	0.226077	0.379985	0.542056	0.213168	0.365762	0.532710	0.167696
0.358389	0.500000	0.210830	0.369745	0.532710	0.221669	0.334679	0.528037	0.161414
0.358389	0.500000	0.202074	0.354395	0.532710	0.202131	0.335420	0.471963	0.154809
0.334575	0.528037	0.211374	0.361660	0.537383	0.217234	0.349936	0.528037	0.146929
0.348007	0.528037	0.213106	0.373069	0.532710	0.215508	0.360925	0.528037	0.150657
0.321449	0.485981	0.225173	0.341733	0.481308	0.215094	0.312061	0.462617	0.150613
0.358389	0.500000	0.213500	0.294196	0.467290	0.212626	0.319277	0.462617	0.164630
delta = 0.400000, m = 75
0.358389	0.500000	0.246838	0.371784	0.528037	0.226199	0.271325	0.457944	0.161626
0.358389	0.500000	0.232448	0.312743	0.490654	0.229671	0.370773	0.532710	0.170057
0.347166	0.532710	0.226881	0.335040	0.462617	0.223304	0.370958	0.514019	0.169398
0.347191	0.500000	0.247134	0.310461	0.485981	0.219911	0.241866	0.448598	0.163953
0.348007	0.528037	0.226631	0.351189	0.532710	0.228827	0.292815	0.443925	0.171991
0.348007	0.528037	0.231000	0.328347	0.504673	0.226465	0.342858	0.476636	0.169692
0.350672	0.537383	0.230191	0.340378	0.476636	0.230522	0.336076	0.528037	0.163236
0.342886	0.523364	0.224928	0.307451	0.453271	0.222657	0.360925	0.528037	0.162378
0.333640	0.500000	0.240138	0.304340	0.443925	0.224581	0.332871	0.457944	0.168422
0.293496	0.490654	0.239561	0.403651	0.621495	0.240936	0.395437	0.528037	0.165278
0.358389	0.500000	0.233477	0.341998	0.523364	0.229291	0.371237	0.528037	0.167970
0.348071	0.504673	0.279881	0.321229	0.457944	0.261126	0.317556	0.453271	0.186705
0.348007	0.528037	0.245614	0.313307	0.453271	0.237784	0.349097	0.523364	0.190898
0.358389	0.500000	0.248222	0.249791	0.439252	0.245647	0.315396	0.453271	0.192620
0.348007	0.528037	0.281096	0.320848	0.471963	0.237727	0.366176	0.500000	0.295194
0.321449	0.485981	0.305406	0.325716	0.467290	0.237294	0.363657	0.528037	0.207856
0.282568	0.457944	0.266252	0.388119	0.537383	0.445008	0.383955	0.518692	0.346760
0.350590	0.500000	0.290694	0.342827	0.532710	0.255924	0.328425	0.495327	0.226498
0.340005	0.523364	0.391894	0.341228	0.528037	0.429916	0.321270	0.495327	0.227013
0.358389	0.500000	0.286631	0.318035	0.462617	0.263809	0.369444	0.528037	0.205010
0.358389	0.500000	0.263105	0.329431	0.509346	0.425890	0.255858	0.439252	0.201468
0.348007	0.528037	0.275527	0.301754	0.471963	0.257106	0.313527	0.462617	0.381873
0.358389	0.500000	0.298037	0.346524	0.476636	0.262208	0.314185	0.462617	0.196574
0.347166	0.532710	0.268190	0.309702	0.462617	0.234297	0.374265	0.523364	0.179032
0.348007	0.528037	0.234580	0.338023	0.504673	0.232816	0.327483	0.504673	0.173699
0.344197	0.518692	0.293754	0.293743	0.467290	0.257178	0.393854	0.518692	0.237595
0.358389	0.500000	0.311177	0.356045	0.476636	0.317617	0.376525	0.518692	0.238353
0.349044	0.523364	0.253997	0.355021	0.528037	0.283543	0.316328	0.467290	0.195381
0.350590	0.500000	0.381027	0.341139	0.532710	0.341681	0.332628	0.462617	0.170368
0.340005	0.523364	0.242696	0.379928	0.528037	0.226137	0.291071	0.457944	0.168754
0.358389	0.500000	0.240840	0.347306	0.528037	0.295627	0.344452	0.471963	0.213031
0.316795	0.485981	0.259290	0.340518	0.467290	0.215759	0.283565	0.443925	0.170284
0.348370	0.518692	0.297278	0.359829	0.471963	0.602851	0.311856	0.467290	0.316351
0.344216	0.532710	0.357517	0.361346	0.500000	0.225342	0.377464	0.518692	0.177590
0.321449	0.485981	0.239348	0.361168	0.504673	0.265554	0.307545	0.467290	0.167117
0.344216	0.532710	0.233064	0.301477	0.481308	0.243750	0.270769	0.448598	0.183461
0.348007	0.528037	0.368120	0.319970	0.457944	0.273914	0.380231	0.528037	0.188611
0.358132	0.532710	0.233159	0.343853	0.523364	0.238524	0.395190	0.518692	0.182929
0.348007	0.528037	0.242324	0.319319	0.504673	0.225205	0.337374	0.528037	0.166173
0.358389	0.500000	0.244165	0.326284	0.514019	0.237335	0.324846	0.504673	0.181006
0.350590	0.500000	0.258638	0.318824	0.439252	0.250908	0.328198	0.467290	0.172291
0.350590	0.500000	0.339358	0.295022	0.443925	0.396602	0.312817	0.457944	0.214768
0.358389	0.500000	0.303057	0.332472	0.467290	0.228794	0.404875	0.528037	0.182225
0.349474	0.537383	0.230992	0.322210	0.467290	0.218722	0.357726	0.528037	0.170642
0.333640	0.500000	0.228444	0.347069	0.528037	0.230456	0.286944	0.462617	0.162782
0.344489	0.523364	0.233243	0.348037	0.514019	0.239890	0.336121	0.528037	0.170485
0.358389	0.500000	0.239014	0.364977	0.528037	0.216600	0.376761	0.518692	0.169717
0.340005	0.523364	0.233624	0.339235	0.471963	0.221765	0.401438	0.532710	0.169610
0.350590	0.500000	0.252561	0.353386	0.546729	0.255914	0.381255	0.523364	0.179503
0.338459	0.532710	0.238423	0.348842	0.532710	0.249302	0.337135	0.471963	0.176875
delta = 0.400000, m = 80
0.358389	0.500000	0.296700	0.317252	0.504673	0.269667	0.340007	0.532710	0.194195
0.358583	0.500000	0.290099	0.302755	0.453271	0.264220	0.322844	0.532710	0.202797
0.348007	0.528037	0.488328	0.347915	0.476636	0.321917	0.356685	0.528037	0.190939
0.358132	0.532710	0.304620	0.348334	0.448598	0.262472	0.331994	0.518692	0.226503
0.342638	0.537383	0.255363	0.346172	0.467290	0.236779	0.309964	0.485981	0.194856
0.348007	0.528037	0.279134	0.367821	0.453271	0.239997	0.329035	0.462617	0.175301
0.321354	0.481308	0.282710	0.331192	0.485981	0.247222	0.317612	0.462617	0.183140
0.321259	0.514019	0.249622	0.339184	0.467290	0.238438	0.349983	0.532710	0.178987
0.342886	0.523364	0.288896	0.349764	0.528037	0.249826	0.354054	0.528037	0.193387
0.326616	0.523364	0.376807	0.373575	0.532710	0.285666	0.366793	0.528037	0.307432
0.348007	0.528037	0.273080	0.370176	0.537383	0.383496	0.291109	0.490654	0.219226
0.340005	0.523364	0.318663	0.348751	0.518692	0.294059	0.346483	0.523364	0.192727
0.358389	0.500000	0.267894	0.297376	0.471963	0.241571	0.374282	0.523364	0.186434
0.358389	0.500000	0.292715	0.334374	0.504673	0.258110	0.365255	0.532710	0.195665
0.358389	0.500000	0.323926	0.400604	0.626168	0.312177	0.315375	0.462617	0.218049
0.347166	0.532710	0.281985	0.352612	0.500000	0.266369	0.302586	0.481308	0.257245
0.351889	0.528037	0.294612	0.335232	0.504673	0.263605	0.343932	0.476636	0.201240
0.350590	0.500000	0.289415	0.344948	0.528037	0.281829	0.370958	0.514019	0.324680
0.348007	0.528037	0.300715	0.348159	0.514019	0.273774	0.388119	0.537383	0.192725
0.350590	0.500000	0.293014	0.320491	0.518692	0.257053	0.349983	0.532710	0.180905
0.350590	0.500000	0.261196	0.364557	0.542056	0.347417	0.356329	0.523364	0.355101
0.358389	0.500000	0.428832	0.344301	0.523364	0.365373	0.331032	0.523364	0.267989
0.350590	0.500000	0.404528	0.356054	0.471963	0.308223	0.384278	0.518692	0.194996
0.317637	0.532710	0.291898	0.335675	0.514019	0.272484	0.396565	0.532710	0.212981
0.335511	0.528037	0.260473	0.343767	0.476636	0.357733	0.301341	0.467290	0.411558
0.360849	0.542056	0.457156	0.369444	0.528037	0.246735	0.315107	0.457944	0.182752
0.350672	0.537383	0.276370	0.385029	0.528037	0.257714	0.357726	0.528037	0.250516
0.345330	0.532710	0.363171	0.311425	0.476636	0.294018	0.314963	0.453271	0.205291
0.298616	0.500000	0.262712	0.350302	0.528037	0.268059	0.271480	0.443925	0.183081
0.321449	0.485981	0.269185	0.374409	0.514019	0.244617	0.309451	0.467290	0.248486
0.358389	0.500000	0.320432	0.314470	0.457944	0.255842	0.387722	0.523364	0.194210
0.358389	0.500000	0.276697	0.372183	0.537383	0.247673	0.389156	0.542056	0.189608
0.349558	0.528037	0.259546	0.346798	0.495327	0.251484	0.293977	0.448598	0.280587
0.348007	0.528037	0.267988	0.350834	0.528037	0.300119	0.358854	0.528037	0.197390
0.358389	0.500000	0.267427	0.383271	0.574766	0.243689	0.361743	0.532710	0.183720
0.338493	0.523364	0.285668	0.352834	0.532710	0.251497	0.350590	0.500000	0.209561
0.340005	0.523364	0.278932	0.337174	0.504673	0.268423	0.299140	0.467290	0.256924
0.358389	0.500000	0.280793	0.326667	0.462617	0.351388	0.347489	0.523364	0.225001
0.347166	0.532710	0.266247	0.347306	0.528037	0.242112	0.331032	0.523364	0.203277
0.330918	0.532710	0.269601	0.333050	0.467290	0.264809	0.395190	0.518692	0.187370
0.350590	0.500000	0.276178	0.328804	0.523364	0.249687	0.301439	0.467290	0.177488
0.347166	0.532710	0.264667	0.375606	0.528037	0.250926	0.301682	0.462617	0.184549
0.351889	0.528037	0.269437	0.352397	0.537383	0.253012	0.347338	0.467290	0.181974
0.358389	0.500000	0.273832	0.354891	0.523364	0.283764	0.378759	0.537383	0.197662
0.321449	0.485981	0.315171	0.322551	0.462617	0.300808	0.332647	0.448598	0.253499
0.321259	0.514019	0.274273	0.343229	0.443925	0.253047	0.341435	0.537383	0.205671
0.317637	0.532710	0.288992	0.310904	0.471963	0.277230	0.366793	0.528037	0.195268
0.344489	0.523364	0.312960	0.348866	0.504673	0.307181	0.356136	0.532710	0.200705
0.348007	0.528037	0.403094	0.357406	0.607477	0.282248	0.336403	0.528037	0.183280
0.339532	0.471963	0.263818	0.317277	0.462617	0.257697	0.363290	0.514019	0.186312
