delta = 0.100000, m = 10
0.848345	0.957983	0.046799	0.698425	0.802521	0.042386	0.702054	0.781513	0.023231
0.602059	0.815126	0.040225	0.964509	0.991597	0.036858	0.691073	0.781513	0.020576
0.294285	0.642857	0.040236	0.678990	0.794118	0.042300	0.931252	0.983193	0.021723
0.288711	0.600840	0.041077	0.664675	0.802521	0.037399	0.979544	0.995798	0.022839
0.264380	0.630252	0.032555	1.000000	1.000000	0.039846	0.951517	0.987395	0.021515
0.668372	0.869748	0.039650	1.000000	1.000000	0.036099	0.964509	0.991597	0.019845
0.285705	0.630252	0.038639	0.651733	0.798319	0.042223	0.700351	0.785714	0.020358
0.650721	0.789916	0.036656	0.951517	0.987395	0.037071	0.964509	0.991597	0.021400
0.253783	0.617647	0.036506	0.624478	0.785714	0.044792	0.702054	0.781513	0.026537
0.265188	0.630252	0.038855	0.979149	0.995798	0.034191	0.721419	0.781513	0.016316
0.270724	0.634454	0.030018	0.901837	0.974790	0.042336	0.699594	0.810924	0.020802
0.269812	0.621849	0.037849	0.671085	0.798319	0.037873	0.704467	0.777311	0.021848
0.489493	0.693277	0.034291	1.000000	1.000000	0.043073	0.964509	0.991597	0.021835
0.641529	0.836134	0.039534	0.698425	0.802521	0.040182	0.672705	0.781513	0.022881
0.296957	0.638655	0.036004	0.670977	0.789916	0.041176	1.000000	1.000000	0.027190
0.616295	0.781513	0.039329	0.643198	0.802521	0.036984	0.701898	0.802521	0.023693
0.827350	0.945378	0.038826	0.659309	0.777311	0.038797	0.753698	0.777311	0.022666
0.744892	0.802521	0.039628	0.657508	0.798319	0.034707	0.979181	0.995798	0.022314
0.637956	0.777311	0.041551	0.681373	0.781513	0.037990	0.951517	0.987395	0.025314
0.649473	0.777311	0.035225	0.951517	0.987395	0.041455	0.922711	0.983193	0.020490
0.634216	0.802521	0.040051	0.702054	0.781513	0.040203	0.636417	0.743697	0.022255
0.893125	0.962185	0.031191	0.645698	0.781513	0.040588	0.951517	0.987395	0.025357
0.651038	0.794118	0.040138	0.671571	0.785714	0.043430	0.702054	0.781513	0.023070
0.233809	0.592437	0.038474	0.915230	0.978992	0.038438	1.000000	1.000000	0.020913
0.636611	0.794118	0.033559	0.664906	0.781513	0.041552	0.979544	0.995798	0.022110
0.681373	0.781513	0.038307	0.670835	0.794118	0.036465	0.951517	0.987395	0.021131
0.658397	0.802521	0.035295	0.635612	0.802521	0.042277	1.000000	1.000000	0.023023
0.677295	0.844538	0.039472	0.630762	0.798319	0.037616	0.939848	0.983193	0.024319
0.747648	0.789916	0.033860	0.943249	0.987395	0.044849	0.629049	0.676471	0.024307
0.710947	0.810924	0.037374	0.631467	0.781513	0.036317	0.770032	0.785714	0.019815
0.614992	0.785714	0.031277	0.659309	0.777311	0.044096	1.000000	1.000000	0.020960
0.253263	0.617647	0.039513	0.640306	0.789916	0.037687	0.676917	0.760504	0.025170
0.280979	0.621849	0.037537	0.664906	0.781513	0.043629	0.951517	0.987395	0.020563
0.663944	0.785714	0.033715	0.979544	0.995798	0.039251	0.730002	0.781513	0.024008
0.657508	0.798319	0.037412	0.679082	0.798319	0.043922	0.772808	0.781513	0.021915
0.672705	0.781513	0.033304	1.000000	1.000000	0.040185	0.979544	0.995798	0.022539
0.254759	0.617647	0.046253	0.963712	0.991597	0.037252	0.832341	0.945378	0.021181
0.694921	0.848739	0.033043	0.657508	0.798319	0.048050	0.939848	0.983193	0.021041
0.741321	0.915966	0.035091	0.671571	0.785714	0.044903	1.000000	1.000000	0.021776
0.264414	0.626050	0.038036	0.613719	0.785714	0.040435	0.566061	0.764706	0.023010
0.651480	0.781513	0.038916	0.659309	0.777311	0.038367	0.910015	0.970588	0.020916
0.651038	0.794118	0.035449	0.979544	0.995798	0.043234	0.943447	0.987395	0.021421
0.650721	0.789916	0.043628	0.979544	0.995798	0.041466	0.964509	0.991597	0.025010
0.657507	0.827731	0.043183	0.700351	0.785714	0.036897	0.712814	0.785714	0.015606
0.746742	0.886555	0.031699	0.681373	0.781513	0.040084	0.951517	0.987395	0.021209
0.846266	0.953782	0.039964	0.645698	0.781513	0.036745	1.000000	1.000000	0.022484
0.698312	0.798319	0.036190	0.691073	0.781513	0.045008	0.919176	0.978992	0.020931
0.657062	0.785714	0.035892	0.663931	0.798319	0.038914	0.951517	0.987395	0.019804
0.651733	0.798319	0.039216	0.881230	0.957983	0.044095	0.595487	0.693277	0.140533
0.265188	0.630252	0.041435	0.614175	0.789916	0.042223	0.702054	0.781513	0.023239
delta = 0.100000, m = 15
0.643239	0.827731	0.045333	0.645698	0.781513	0.044276	1.000000	1.000000	0.022854
0.807690	0.932773	0.043760	0.637728	0.798319	0.045716	0.963815	0.991597	0.021575
0.653807	0.781513	0.043598	0.641888	0.798319	0.046308	0.979544	0.995798	0.022440
0.609170	0.777311	0.045737	0.951517	0.987395	0.041062	0.951517	0.987395	0.026101
0.648611	0.823529	0.039377	0.672705	0.781513	0.045650	1.000000	1.000000	0.021453
0.654789	0.831933	0.045602	0.901837	0.974790	0.041868	0.691073	0.781513	0.021159
0.646558	0.815126	0.051499	0.659309	0.777311	0.043919	0.979544	0.995798	0.023835
0.650804	0.831933	0.041188	0.627642	0.781513	0.043772	0.755242	0.777311	0.027253
0.630115	0.810924	0.044029	0.635731	0.781513	0.044014	0.979544	0.995798	0.029683
0.615667	0.794118	0.044141	0.635547	0.785714	0.045501	0.964509	0.991597	0.022911
0.618548	0.798319	0.042848	0.652761	0.777311	0.045676	1.000000	1.000000	0.027327
0.605236	0.802521	0.040703	0.638092	0.785714	0.043613	0.951517	0.987395	0.020391
0.654100	0.806723	0.042349	0.640131	0.785714	0.046301	0.951517	0.987395	0.028004
0.636060	0.806723	0.042061	0.647715	0.802521	0.044600	0.964509	0.991597	0.032313
0.635837	0.857143	0.040063	0.616961	0.785714	0.050579	0.688628	0.789916	0.019970
0.785026	0.907563	0.040179	0.636538	0.777311	0.042742	1.000000	1.000000	0.021958
0.660661	0.836134	0.040831	0.645698	0.781513	0.045249	0.698312	0.798319	0.029698
0.631428	0.785714	0.041666	0.927134	0.978992	0.042887	0.979544	0.995798	0.030277
0.632319	0.810924	0.041743	0.721419	0.781513	0.044351	0.929164	0.978992	0.026938
0.641606	0.823529	0.042280	0.631467	0.781513	0.044230	0.951517	0.987395	0.021603
0.634364	0.810924	0.052398	0.634152	0.781513	0.043322	0.902474	0.974790	0.021427
0.731984	0.886555	0.042589	0.651480	0.781513	0.048427	0.938232	0.983193	0.020720
0.633647	0.815126	0.041301	0.979544	0.995798	0.048071	0.676871	0.638655	0.020097
0.646544	0.798319	0.042385	0.635731	0.781513	0.050813	0.964509	0.991597	0.024270
0.634504	0.806723	0.040314	0.939848	0.983193	0.041107	1.000000	1.000000	0.023855
0.675229	0.815126	0.037158	0.645698	0.781513	0.042514	0.928490	0.983193	0.023305
0.718472	0.873950	0.037570	0.652765	0.802521	0.042696	1.000000	1.000000	0.025468
0.646558	0.815126	0.043416	0.679523	0.802521	0.049585	0.964509	0.991597	0.029825
0.621055	0.802521	0.042430	0.640131	0.785714	0.049658	0.979564	0.995798	0.031900
0.639093	0.823529	0.042014	0.679082	0.798319	0.042744	0.688151	0.794118	0.020418
0.647597	0.831933	0.045321	0.613719	0.785714	0.043574	0.770032	0.785714	0.024102
0.658660	0.815126	0.043839	0.691073	0.781513	0.043551	0.689571	0.785714	0.021951
0.647655	0.823529	0.048126	0.658397	0.802521	0.045771	0.747993	0.785714	0.020501
0.639093	0.823529	0.043869	0.979544	0.995798	0.044953	0.704467	0.777311	0.028493
0.664779	0.819328	0.049451	0.691073	0.781513	0.044624	1.000000	1.000000	0.022104
0.636060	0.806723	0.042793	0.657860	0.781513	0.044890	0.979544	0.995798	0.020352
0.647737	0.831933	0.042283	0.663944	0.785714	0.048664	0.951517	0.987395	0.021660
0.805595	0.924370	0.040486	0.651480	0.781513	0.045288	0.712875	0.819328	0.028136
0.660661	0.836134	0.043015	0.903568	0.974790	0.046092	0.951517	0.987395	0.020145
0.670536	0.857143	0.042146	0.927134	0.978992	0.045433	0.939848	0.983193	0.020465
0.652598	0.831933	0.044759	0.938232	0.983193	0.043420	1.000000	1.000000	0.028419
0.621081	0.785714	0.048068	0.680279	0.806723	0.046081	0.700351	0.785714	0.020363
0.635566	0.819328	0.041146	0.664906	0.781513	0.045090	0.979544	0.995798	0.021651
0.669107	0.815126	0.041091	0.930662	0.983193	0.045495	0.964509	0.991597	0.020766
0.596286	0.752101	0.044511	0.666529	0.777311	0.043806	0.979544	0.995798	0.024316
0.681322	0.810924	0.038971	0.637728	0.798319	0.049272	0.929164	0.978992	0.022807
0.636060	0.806723	0.040485	0.702054	0.781513	0.044512	0.930662	0.983193	0.022132
0.640577	0.815126	0.041664	0.637728	0.798319	0.048062	0.674510	0.777311	0.021577
0.624975	0.794118	0.042951	0.632483	0.802521	0.044821	0.979544	0.995798	0.020284
0.653333	0.836134	0.046314	0.943654	0.987395	0.044790	0.919639	0.978992	0.028762
delta = 0.100000, m = 20
0.643371	0.815126	0.045671	0.619101	0.785714	0.053357	0.695915	0.827731	0.027875
0.644127	0.827731	0.047700	0.663944	0.785714	0.052883	0.659309	0.777311	0.025919
0.655730	0.836134	0.050512	0.810459	0.932773	0.058800	1.000000	1.000000	0.023990
0.663044	0.836134	0.047846	0.930662	0.983193	0.053542	0.772808	0.781513	0.019325
0.840395	0.928571	0.045903	0.647715	0.802521	0.053065	0.939848	0.983193	0.026471
0.691851	0.852941	0.048114	0.635731	0.781513	0.058383	0.717384	0.777311	0.026790
0.778437	0.915966	0.048379	0.664675	0.802521	0.056458	0.951517	0.987395	0.025311
0.762100	0.920168	0.050216	0.631467	0.781513	0.055291	0.678990	0.794118	0.021761
0.666446	0.836134	0.049247	0.631467	0.781513	0.051548	0.640923	0.806723	0.028196
0.639064	0.819328	0.041962	0.629765	0.802521	0.054549	0.964509	0.991597	0.024890
0.670383	0.836134	0.049389	0.639175	0.802521	0.051570	1.000000	1.000000	0.023450
0.639555	0.823529	0.047164	0.646544	0.798319	0.059977	0.979544	0.995798	0.025965
0.651983	0.836134	0.044262	0.671571	0.785714	0.053905	0.964509	0.991597	0.031834
0.827537	0.924370	0.055506	0.644750	0.819328	0.047546	0.680060	0.785714	0.024398
0.652315	0.836134	0.047415	0.646817	0.777311	0.054731	0.902474	0.974790	0.025521
0.795067	0.911765	0.046474	0.671571	0.785714	0.058537	1.000000	1.000000	0.025369
0.666446	0.836134	0.048066	0.629765	0.802521	0.050241	0.930662	0.983193	0.025045
0.648502	0.827731	0.050506	0.639175	0.802521	0.051595	0.689571	0.785714	0.023177
0.647477	0.831933	0.050043	0.939848	0.983193	0.050089	0.979544	0.995798	0.028339
0.745263	0.903361	0.047589	0.663529	0.794118	0.053237	0.728130	0.806723	0.025214
0.627617	0.810924	0.056498	0.641888	0.798319	0.053434	0.939848	0.983193	0.022034
0.631298	0.815126	0.051322	0.930662	0.983193	0.051727	0.702054	0.781513	0.026492
0.636119	0.815126	0.046082	0.930662	0.983193	0.057183	0.951517	0.987395	0.023319
0.819525	0.924370	0.054245	0.616295	0.781513	0.052057	0.680060	0.785714	0.021647
0.632502	0.815126	0.048140	0.632483	0.802521	0.052061	0.951517	0.987395	0.028566
0.649000	0.831933	0.045828	0.618574	0.781513	0.052081	0.979544	0.995798	0.032793
0.796115	0.911765	0.055906	0.630762	0.798319	0.048354	0.702054	0.781513	0.027018
0.652315	0.836134	0.046181	0.621636	0.798319	0.049248	0.689571	0.785714	0.017813
0.657712	0.836134	0.044456	0.621602	0.785714	0.057315	0.702054	0.781513	0.024866
0.654789	0.831933	0.048721	0.651480	0.781513	0.051723	0.684184	0.819328	0.024241
0.633109	0.815126	0.049862	0.647715	0.802521	0.052638	0.747648	0.789916	0.029691
0.652315	0.836134	0.049237	0.621215	0.781513	0.054653	0.699594	0.810924	0.026051
0.809066	0.915966	0.049909	0.651480	0.781513	0.048993	0.683323	0.642857	0.024146
0.820367	0.911765	0.049455	0.634028	0.798319	0.053078	0.712343	0.777311	0.022432
0.644809	0.806723	0.047529	0.612772	0.781513	0.051630	0.702054	0.781513	0.030386
0.658285	0.840336	0.045055	0.930662	0.983193	0.055950	0.964509	0.991597	0.024611
0.639555	0.823529	0.049193	0.647715	0.802521	0.050791	0.691073	0.781513	0.021285
0.660395	0.827731	0.048032	0.641888	0.798319	0.052689	0.910015	0.970588	0.035740
0.645186	0.827731	0.046205	0.627642	0.781513	0.054489	0.714736	0.781513	0.026145
0.630115	0.810924	0.047208	0.625445	0.798319	0.054988	0.750483	0.781513	0.027345
0.661449	0.844538	0.039261	0.635731	0.781513	0.048067	0.951517	0.987395	0.042400
0.647597	0.831933	0.055540	0.618574	0.781513	0.056275	0.951517	0.987395	0.024091
0.648502	0.827731	0.051414	0.627642	0.781513	0.052922	0.950312	0.987395	0.027018
0.645186	0.827731	0.055860	0.672705	0.781513	0.050828	0.939848	0.983193	0.022571
0.648103	0.831933	0.049313	0.616069	0.781513	0.055880	0.706586	0.789916	0.028857
0.790036	0.924370	0.035634	0.664906	0.781513	0.049550	0.951517	0.987395	0.026303
0.640390	0.823529	0.056732	0.651733	0.798319	0.057163	0.719356	0.785714	0.025802
0.663044	0.836134	0.047156	0.675229	0.815126	0.054631	0.979544	0.995798	0.026684
0.654337	0.827731	0.050088	0.671085	0.798319	0.052935	0.688960	0.806723	0.021990
0.659770	0.831933	0.050755	0.632123	0.777311	0.054798	1.000000	1.000000	0.028726
delta = 0.100000, m = 25
0.639366	0.815126	0.063153	0.632123	0.777311	0.080091	0.979544	0.995798	0.035147
0.643239	0.827731	0.061938	0.621215	0.781513	0.078328	0.951517	0.987395	0.038982
0.796115	0.911765	0.073152	0.930662	0.983193	0.077546	0.732433	0.785714	0.039832
0.648103	0.831933	0.059511	0.640463	0.781513	0.075651	0.681373	0.781513	0.039882
0.655730	0.836134	0.074083	0.611510	0.781513	0.075615	0.702054	0.781513	0.055436
0.648502	0.827731	0.074554	0.930662	0.983193	0.074878	0.776333	0.777311	0.051913
0.660142	0.836134	0.076690	0.616699	0.785714	0.075567	0.702054	0.781513	0.049968
0.656721	0.831933	0.073873	0.610546	0.781513	0.079496	0.772808	0.781513	0.048873
0.806984	0.920168	0.073914	0.641888	0.798319	0.075157	1.000000	1.000000	0.047653
0.645708	0.827731	0.072425	0.631467	0.781513	0.075824	0.750483	0.781513	0.051165
0.660142	0.836134	0.075055	0.652765	0.802521	0.075635	0.691073	0.781513	0.047482
0.652315	0.836134	0.073828	0.654100	0.806723	0.075897	0.750483	0.781513	0.046625
0.643159	0.827731	0.073873	0.663931	0.798319	0.077004	0.689571	0.785714	0.056393
0.642176	0.819328	0.075383	0.626767	0.802521	0.071974	0.964509	0.991597	0.047807
0.829944	0.920168	0.071306	0.627642	0.781513	0.082030	0.688960	0.806723	0.047938
0.674900	0.836134	0.075349	0.623912	0.802521	0.076770	0.951517	0.987395	0.038581
0.825030	0.932773	0.059499	0.637728	0.798319	0.078651	0.681005	0.827731	0.038487
0.749049	0.886555	0.073174	0.651480	0.781513	0.072751	0.672425	0.785714	0.053747
0.811600	0.903361	0.074184	0.621635	0.802521	0.074124	0.951517	0.987395	0.043576
0.669780	0.840336	0.083742	0.915230	0.978992	0.074149	0.951517	0.987395	0.036869
0.659702	0.819328	0.059007	0.678990	0.794118	0.075642	0.679082	0.798319	0.047684
0.652005	0.831933	0.069276	0.670977	0.789916	0.075476	0.951517	0.987395	0.045441
0.639093	0.823529	0.074445	0.648845	0.815126	0.075121	0.772808	0.781513	0.051159
0.650297	0.831933	0.073577	0.627642	0.781513	0.075589	0.691008	0.815126	0.054455
0.744726	0.882353	0.073766	0.918994	0.978992	0.080091	0.664857	0.789916	0.047097
0.807504	0.899160	0.072505	0.611462	0.781513	0.076660	0.808364	0.928571	0.046880
0.769128	0.886555	0.073794	0.639175	0.802521	0.077508	1.000000	1.000000	0.049428
0.644127	0.827731	0.074940	0.619068	0.798319	0.070623	0.700351	0.785714	0.050736
0.839302	0.932773	0.058761	0.634504	0.806723	0.084722	0.939848	0.983193	0.040073
0.801440	0.915966	0.073125	0.901837	0.974790	0.078409	0.951517	0.987395	0.047319
0.835055	0.924370	0.074013	0.634028	0.798319	0.076061	0.689571	0.785714	0.047637
0.640390	0.823529	0.075386	0.650841	0.785714	0.083021	0.681373	0.781513	0.050987
0.814182	0.920168	0.072655	0.612597	0.785714	0.076001	0.680060	0.785714	0.045188
0.756759	0.899160	0.066148	0.631467	0.781513	0.070922	0.951517	0.987395	0.051713
0.637539	0.819328	0.075443	0.631506	0.815126	0.077375	0.688151	0.794118	0.058184
0.801440	0.915966	0.073227	0.645698	0.781513	0.076623	0.668656	0.815126	0.050504
0.835055	0.924370	0.071686	0.627642	0.781513	0.074409	1.000000	1.000000	0.045355
0.795733	0.903361	0.067706	0.640463	0.781513	0.076267	0.964509	0.991597	0.047325
0.648378	0.831933	0.078596	0.614364	0.781513	0.076135	0.951517	0.987395	0.048727
0.663044	0.836134	0.072844	0.915230	0.978992	0.076100	0.691073	0.781513	0.044297
0.649000	0.831933	0.083174	0.620118	0.789916	0.091895	0.951517	0.987395	0.038083
0.790880	0.920168	0.057661	0.640463	0.781513	0.080692	0.671680	0.802521	0.039279
0.674103	0.848739	0.070996	0.633109	0.815126	0.079195	0.680060	0.785714	0.036542
0.649399	0.831933	0.065759	0.632483	0.802521	0.081975	0.964509	0.991597	0.039148
0.818767	0.928571	0.073294	0.627642	0.781513	0.081545	0.951517	0.987395	0.047089
0.650804	0.831933	0.073628	0.627907	0.798319	0.077302	0.951517	0.987395	0.046173
0.807504	0.899160	0.069569	0.618574	0.781513	0.075878	1.000000	1.000000	0.050611
0.653333	0.836134	0.071962	0.646544	0.798319	0.072615	0.951517	0.987395	0.038119
0.664616	0.827731	0.062296	0.627907	0.798319	0.084684	0.951517	0.987395	0.037762
0.673572	0.840336	0.073602	0.618574	0.781513	0.072331	0.939848	0.983193	0.037402
delta = 0.100000, m = 30
0.964509	0.991597	0.068768	0.857901	0.941176	0.075332	0.732433	0.785714	0.042916
0.796115	0.911765	0.086908	0.641888	0.798319	0.074700	0.688151	0.794118	0.045858
0.825050	0.915966	0.069533	0.640131	0.785714	0.082782	0.737670	0.777311	0.043872
0.674137	0.852941	0.091419	0.629765	0.802521	0.080124	0.659770	0.831933	0.048668
0.753560	0.890756	0.067970	0.611320	0.785714	0.080173	0.657062	0.785714	0.044298
0.660142	0.836134	0.087511	0.648845	0.815126	0.085550	0.951517	0.987395	0.051419
0.691851	0.852941	0.068863	0.621215	0.781513	0.082797	0.659869	0.781513	0.042218
0.807504	0.899160	0.093206	0.666529	0.777311	0.074829	0.939848	0.983193	0.047103
0.650297	0.831933	0.084288	0.645698	0.781513	0.085389	0.678990	0.794118	0.039583
0.797134	0.924370	0.087505	0.611510	0.781513	0.081011	0.680279	0.806723	0.049642
0.758263	0.894958	0.069814	0.636538	0.777311	0.080786	0.635612	0.802521	0.046592
0.964509	0.991597	0.088823	0.627907	0.798319	0.084629	0.951517	0.987395	0.051628
0.964509	0.991597	0.070513	0.640463	0.781513	0.082372	0.670835	0.794118	0.050685
0.964509	0.991597	0.073963	0.645215	0.785714	0.081035	1.000000	1.000000	0.044374
0.964509	0.991597	0.073882	0.624232	0.781513	0.083151	0.951517	0.987395	0.052621
0.653044	0.836134	0.085310	0.631428	0.785714	0.076130	0.706536	0.815126	0.047481
0.663316	0.831933	0.066670	0.650841	0.785714	0.080805	0.688960	0.806723	0.047059
0.691851	0.852941	0.086575	0.671571	0.785714	0.088391	0.951517	0.987395	0.053015
0.964509	0.991597	0.073891	0.640463	0.781513	0.087205	0.938232	0.983193	0.041432
0.749049	0.886555	0.086129	0.648845	0.815126	0.082395	0.659869	0.781513	0.052737
0.768268	0.903361	0.070646	0.635731	0.781513	0.087747	0.689571	0.785714	0.045338
0.647597	0.831933	0.076351	0.640131	0.785714	0.081078	0.732433	0.785714	0.043904
0.964509	0.991597	0.074479	0.645036	0.802521	0.088024	1.000000	1.000000	0.045598
0.687007	0.861345	0.075334	0.637728	0.798319	0.083138	1.000000	1.000000	0.051986
0.763164	0.899160	0.067352	0.642081	0.815126	0.079405	0.964509	0.991597	0.043633
0.661497	0.840336	0.092888	0.621215	0.781513	0.074358	0.729516	0.794118	0.046964
0.810042	0.928571	0.093896	0.635547	0.785714	0.082529	0.704467	0.777311	0.055544
0.964509	0.991597	0.084653	0.624232	0.781513	0.079457	0.951517	0.987395	0.040411
0.650297	0.831933	0.070170	0.627933	0.806723	0.080891	0.688186	0.810924	0.044955
0.773583	0.907563	0.085210	0.631467	0.781513	0.081481	0.939848	0.983193	0.052094
0.766405	0.894958	0.069428	0.930662	0.983193	0.077826	0.698425	0.802521	0.052588
0.668216	0.848739	0.073254	0.645698	0.781513	0.082816	0.951517	0.987395	0.047594
0.673572	0.840336	0.075273	0.639175	0.802521	0.082634	0.951517	0.987395	0.041025
0.964509	0.991597	0.088335	0.643198	0.802521	0.074711	0.651236	0.819328	0.052558
0.674103	0.848739	0.078331	0.648845	0.815126	0.080179	0.647795	0.794118	0.050321
0.815885	0.907563	0.072111	0.635547	0.785714	0.081061	0.681322	0.810924	0.041114
0.964509	0.991597	0.084674	0.657586	0.815126	0.092362	0.772808	0.781513	0.051572
0.763164	0.899160	0.073160	0.657860	0.781513	0.081340	0.951517	0.987395	0.046060
0.811600	0.903361	0.078001	0.612525	0.785714	0.084457	0.679523	0.802521	0.046523
0.661497	0.840336	0.080811	0.635731	0.781513	0.084831	0.699217	0.789916	0.047865
0.964509	0.991597	0.072826	0.845556	0.936975	0.083048	0.951517	0.987395	0.052363
0.742393	0.878151	0.077476	0.635731	0.781513	0.082529	0.633647	0.815126	0.049381
0.825050	0.915966	0.073606	0.637728	0.798319	0.081749	0.700351	0.785714	0.045539
0.964509	0.991597	0.085860	0.614364	0.781513	0.088910	0.732433	0.785714	0.050525
0.684157	0.848739	0.070305	0.657860	0.781513	0.085002	0.772808	0.781513	0.045801
0.773583	0.907563	0.073200	0.635547	0.785714	0.085194	0.939848	0.983193	0.038579
0.964509	0.991597	0.091665	0.930662	0.983193	0.081174	0.979544	0.995798	0.047216
0.643454	0.827731	0.068466	0.645233	0.815126	0.078722	0.951517	0.987395	0.045760
0.773583	0.907563	0.086312	0.640923	0.806723	0.076699	0.951517	0.987395	0.048368
0.661497	0.840336	0.073495	0.623912	0.802521	0.078912	0.951517	0.987395	0.044061
delta = 0.100000, m = 35
0.829944	0.920168	0.070121	0.622419	0.802521	0.078450	0.688078	0.798319	0.051197
0.643159	0.827731	0.082376	0.633647	0.815126	0.085266	0.679082	0.798319	0.053434
0.829944	0.920168	0.079974	0.645233	0.815126	0.085370	0.951517	0.987395	0.048578
0.749049	0.886555	0.068740	0.658397	0.802521	0.092623	0.951517	0.987395	0.039065
0.648502	0.827731	0.080410	0.645698	0.781513	0.077483	0.661407	0.777311	0.056029
0.666446	0.836134	0.088927	0.642081	0.815126	0.084543	0.719356	0.785714	0.049809
0.714862	0.865546	0.063571	0.631298	0.815126	0.081705	0.640463	0.781513	0.048256
0.825050	0.915966	0.074574	0.664906	0.781513	0.092090	0.671477	0.794118	0.051733
0.668216	0.848739	0.069132	0.672705	0.781513	0.086816	0.939848	0.983193	0.049804
0.670212	0.844538	0.073868	0.865994	0.949580	0.085992	0.728130	0.806723	0.049577
0.643213	0.823529	0.070275	0.639175	0.802521	0.088351	0.683368	0.777311	0.052558
0.673316	0.844538	0.068375	0.635612	0.802521	0.082108	0.682630	0.815126	0.049615
0.763164	0.899160	0.074671	0.631506	0.815126	0.087222	0.951517	0.987395	0.052281
0.657712	0.836134	0.065931	0.635731	0.781513	0.081422	0.688078	0.798319	0.047275
0.768268	0.903361	0.078496	0.810584	0.936975	0.089623	0.951517	0.987395	0.052871
0.653044	0.836134	0.070029	0.890181	0.970588	0.083376	0.964509	0.991597	0.049900
0.758263	0.894958	0.073199	0.611510	0.781513	0.089299	0.689571	0.785714	0.051784
0.655730	0.836134	0.066912	0.621602	0.785714	0.085369	0.679082	0.798319	0.053678
0.674137	0.852941	0.070583	0.671571	0.785714	0.075434	0.636025	0.798319	0.050415
0.655730	0.836134	0.085435	0.635731	0.781513	0.072343	0.979544	0.995798	0.050969
0.668216	0.848739	0.067758	0.672705	0.781513	0.081856	0.688360	0.802521	0.047692
0.668216	0.848739	0.074318	0.635612	0.802521	0.087669	0.691073	0.781513	0.051069
0.677052	0.848739	0.066370	0.903568	0.974790	0.075538	0.750483	0.781513	0.046839
0.779117	0.911765	0.077842	0.651480	0.781513	0.086202	1.000000	1.000000	0.050420
0.964509	0.991597	0.066400	0.643159	0.827731	0.073026	0.691073	0.781513	0.059717
0.825050	0.915966	0.068220	0.643120	0.781513	0.075331	0.681322	0.810924	0.046764
0.674137	0.852941	0.089447	0.627907	0.798319	0.081083	0.644750	0.819328	0.057522
0.648502	0.827731	0.064684	0.618574	0.781513	0.087759	0.680089	0.785714	0.052152
0.655730	0.836134	0.074789	0.679082	0.798319	0.075714	0.951517	0.987395	0.049372
0.736631	0.873950	0.079099	0.639555	0.823529	0.083029	0.672587	0.806723	0.052294
0.763164	0.899160	0.067467	0.621215	0.781513	0.075353	0.664857	0.789916	0.051015
0.763164	0.899160	0.081386	0.664906	0.781513	0.081081	0.730736	0.789916	0.049845
0.661497	0.840336	0.066802	0.638263	0.819328	0.078427	0.688628	0.789916	0.049202
0.676959	0.844538	0.075135	0.611462	0.781513	0.083733	0.631298	0.815126	0.048189
0.668216	0.848739	0.066588	0.640131	0.785714	0.086932	0.719356	0.785714	0.050321
0.763164	0.899160	0.069332	0.648845	0.815126	0.083332	0.697396	0.815126	0.052579
1.000000	1.000000	0.063919	0.651733	0.798319	0.072407	0.979544	0.995798	0.050288
0.776027	0.903361	0.072774	0.650841	0.785714	0.078731	0.951517	0.987395	0.050438
0.668216	0.848739	0.081281	0.640463	0.781513	0.069589	0.689571	0.785714	0.047850
0.660142	0.836134	0.066496	0.627441	0.802521	0.086070	0.688628	0.789916	0.046967
0.790880	0.920168	0.074017	0.663944	0.785714	0.079419	0.951517	0.987395	0.053190
0.811600	0.903361	0.066851	0.624232	0.781513	0.085957	0.680060	0.785714	0.048259
0.758263	0.894958	0.066248	0.651480	0.781513	0.086269	0.682630	0.815126	0.034008
0.807504	0.899160	0.077388	0.619238	0.798319	0.070703	0.680060	0.785714	0.045717
0.655730	0.836134	0.074301	0.631467	0.781513	0.093132	0.675229	0.815126	0.051426
0.964509	0.991597	0.066409	0.641888	0.798319	0.080837	0.927134	0.978992	0.053183
0.820367	0.911765	0.067489	0.619101	0.785714	0.082578	0.734697	0.781513	0.047290
0.776027	0.903361	0.079156	0.619101	0.785714	0.076965	0.688151	0.794118	0.053835
0.648502	0.827731	0.071870	0.621215	0.781513	0.084936	0.770032	0.785714	0.048572
0.964509	0.991597	0.089918	0.630656	0.810924	0.077387	0.907150	0.970588	0.050357
delta = 0.100000, m = 40
0.668216	0.848739	0.074530	0.829944	0.920168	0.095275	0.667794	0.831933	0.054491
0.646641	0.827731	0.076509	0.639902	0.823529	0.094955	0.688628	0.789916	0.058336
0.797134	0.924370	0.077742	0.681373	0.781513	0.094764	0.674510	0.777311	0.052071
0.825050	0.915966	0.076256	0.639093	0.823529	0.084062	0.693694	0.827731	0.048844
0.806681	0.907563	0.086381	0.657860	0.781513	0.095021	0.951517	0.987395	0.042845
0.662615	0.844538	0.081911	0.650841	0.785714	0.084099	0.881230	0.957983	0.042672
0.674137	0.852941	0.093648	0.623912	0.802521	0.086839	0.688151	0.794118	0.052995
0.691851	0.852941	0.071409	0.635547	0.785714	0.083632	0.688628	0.789916	0.047397
0.686056	0.844538	0.067222	0.635731	0.781513	0.101713	0.634504	0.806723	0.053371
0.811600	0.903361	0.085727	0.628347	0.794118	0.095369	0.716813	0.794118	0.050948
0.661497	0.840336	0.080838	0.640131	0.785714	0.098048	0.951517	0.987395	0.048130
0.661497	0.840336	0.083128	0.662801	0.815126	0.100177	0.951517	0.987395	0.044001
0.655730	0.836134	0.081786	0.646641	0.827731	0.084633	0.667674	0.810924	0.045659
0.749049	0.886555	0.087365	0.635547	0.785714	0.082670	0.680060	0.785714	0.050376
0.758263	0.894958	0.076714	0.623912	0.802521	0.096364	0.939848	0.983193	0.055587
0.753560	0.890756	0.089074	0.635165	0.815126	0.093344	0.676871	0.638655	0.044656
0.825050	0.915966	0.078779	0.611302	0.785714	0.089233	0.979544	0.995798	0.043398
0.740588	0.878151	0.082488	0.631722	0.815126	0.083625	0.658660	0.815126	0.045007
0.639093	0.823529	0.092612	0.627907	0.798319	0.100189	0.691073	0.781513	0.045142
0.669709	0.848739	0.079368	0.845556	0.936975	0.076811	0.951517	0.987395	0.042062
0.763164	0.899160	0.090149	0.672055	0.831933	0.083138	0.681322	0.810924	0.050854
0.670212	0.844538	0.078473	0.873433	0.953782	0.081190	0.679523	0.802521	0.053914
0.827537	0.924370	0.082353	0.636611	0.794118	0.083610	0.666461	0.781513	0.045651
0.674103	0.848739	0.083259	0.625412	0.806723	0.092918	0.688360	0.802521	0.047489
0.657318	0.840336	0.083250	0.639175	0.802521	0.086166	0.688151	0.794118	0.043313
0.668216	0.848739	0.089438	0.663944	0.785714	0.080386	0.951517	0.987395	0.043233
0.827537	0.924370	0.086610	0.637066	0.815126	0.095567	0.658397	0.802521	0.042787
0.661497	0.840336	0.082097	0.627617	0.810924	0.080790	0.908311	0.974790	0.044324
0.807504	0.899160	0.091114	0.618574	0.781513	0.094377	0.939848	0.983193	0.043159
0.825050	0.915966	0.083112	0.620265	0.798319	0.090872	0.692414	0.819328	0.043587
0.676959	0.844538	0.081597	0.629739	0.806723	0.083685	0.651236	0.819328	0.047902
0.776027	0.903361	0.091295	0.635547	0.785714	0.085521	0.688151	0.794118	0.052412
0.668216	0.848739	0.078559	0.640131	0.785714	0.088649	0.705245	0.798319	0.049555
0.677052	0.848739	0.079630	0.640131	0.785714	0.083968	0.951517	0.987395	0.042275
0.708186	0.852941	0.087891	0.873433	0.953782	0.084417	0.681373	0.781513	0.050865
0.811600	0.903361	0.066532	0.616961	0.785714	0.088772	0.939848	0.983193	0.044957
0.776027	0.903361	0.090439	0.631467	0.781513	0.095069	0.657689	0.823529	0.043118
0.858883	0.945378	0.080212	0.647655	0.823529	0.081383	0.671680	0.802521	0.046609
0.668216	0.848739	0.092279	0.644809	0.806723	0.084305	0.939848	0.983193	0.052617
0.645186	0.827731	0.073097	0.627642	0.781513	0.085702	0.691073	0.781513	0.047672
0.643454	0.827731	0.095210	0.631506	0.815126	0.094544	0.673636	0.781513	0.044672
0.667794	0.831933	0.079680	0.845556	0.936975	0.080700	0.979544	0.995798	0.040427
0.668216	0.848739	0.088172	0.631467	0.781513	0.095061	0.716261	0.810924	0.052303
0.666615	0.848739	0.075425	0.629363	0.810924	0.083955	0.744663	0.794118	0.045673
0.807504	0.899160	0.084803	0.647762	0.819328	0.097822	0.715896	0.802521	0.044508
1.000000	1.000000	0.081451	0.627933	0.806723	0.083033	0.693270	0.777311	0.043517
0.758263	0.894958	0.089232	0.615170	0.785714	0.083108	0.964509	0.991597	0.064866
0.758263	0.894958	0.073984	0.623912	0.802521	0.097107	0.709788	0.781513	0.051385
0.797461	0.899160	0.079441	0.610546	0.781513	0.098672	0.663513	0.789916	0.048114
0.661497	0.840336	0.082564	0.640131	0.785714	0.092858	0.691073	0.781513	0.041111
delta = 0.100000, m = 45
0.820367	0.911765	0.088645	0.865994	0.949580	0.092975	0.691073	0.781513	0.048517
0.839302	0.932773	0.102836	0.654100	0.806723	0.106108	0.681373	0.781513	0.074536
0.647597	0.831933	0.092829	0.643198	0.802521	0.099866	0.678990	0.794118	0.071120
0.815885	0.907563	0.093213	0.660142	0.836134	0.113691	0.659715	0.802521	0.049253
0.839302	0.932773	0.096435	0.639366	0.815126	0.107213	0.664744	0.794118	0.049560
0.786086	0.903361	0.100091	0.619101	0.785714	0.108857	0.691073	0.781513	0.048169
0.661823	0.844538	0.102349	0.663529	0.794118	0.104342	0.919264	0.974790	0.050274
0.806681	0.907563	0.098544	0.642176	0.819328	0.105120	0.679523	0.802521	0.046958
0.658219	0.836134	0.100444	0.625445	0.798319	0.092925	0.634949	0.794118	0.052122
0.647597	0.831933	0.095779	0.852077	0.941176	0.103297	0.621215	0.781513	0.059607
0.657318	0.840336	0.089999	0.870971	0.949580	0.103282	0.939848	0.983193	0.062764
0.825050	0.915966	0.092590	0.635547	0.785714	0.110289	0.951517	0.987395	0.047360
0.839302	0.932773	0.104096	0.627642	0.781513	0.102444	0.951517	0.987395	0.071308
0.661497	0.840336	0.091028	0.657860	0.781513	0.109266	0.669733	0.827731	0.045782
0.647597	0.831933	0.101394	0.864284	0.945378	0.109144	0.669416	0.827731	0.047628
0.822003	0.920168	0.108737	0.650841	0.785714	0.090424	0.691008	0.815126	0.050745
0.781140	0.907563	0.102611	0.833300	0.928571	0.100902	0.709788	0.781513	0.048835
0.691639	0.844538	0.104409	0.631722	0.815126	0.106134	0.939848	0.983193	0.048329
0.816688	0.915966	0.104013	0.643198	0.802521	0.112737	0.679082	0.798319	0.048444
0.833300	0.928571	0.102210	0.681373	0.781513	0.105300	0.951517	0.987395	0.049350
0.768268	0.903361	0.097125	0.615170	0.785714	0.111444	0.951517	0.987395	0.047399
0.662615	0.844538	0.109651	0.838373	0.941176	0.100524	0.688628	0.789916	0.048498
0.662615	0.844538	0.107774	0.645186	0.827731	0.110752	0.964509	0.991597	0.047851
0.645186	0.827731	0.105165	0.640390	0.823529	0.103799	0.691073	0.781513	0.048716
0.820367	0.911765	0.105911	0.626494	0.806723	0.103337	0.640911	0.794118	0.050009
0.645186	0.827731	0.105385	0.621215	0.781513	0.109513	0.951517	0.987395	0.071059
0.647597	0.831933	0.098062	0.645244	0.789916	0.102940	0.639136	0.806723	0.050850
1.000000	1.000000	0.098590	0.858883	0.945378	0.113747	0.750483	0.781513	0.047161
0.657318	0.840336	0.104792	0.650841	0.785714	0.110661	0.680060	0.785714	0.046784
0.833300	0.928571	0.104716	0.637728	0.798319	0.107531	0.660748	0.806723	0.053365
0.758263	0.894958	0.098865	0.647762	0.819328	0.094820	0.688960	0.806723	0.065363
0.825050	0.915966	0.104655	0.615170	0.785714	0.106547	0.663944	0.785714	0.052986
0.648103	0.831933	0.095724	0.660395	0.827731	0.095759	0.672705	0.781513	0.055959
0.833300	0.928571	0.105195	0.631722	0.815126	0.106265	0.687478	0.789916	0.054477
0.662615	0.844538	0.100959	0.640131	0.785714	0.103432	0.648845	0.815126	0.051256
0.647597	0.831933	0.104180	0.629765	0.802521	0.097598	0.951517	0.987395	0.055753
0.839302	0.932773	0.112351	0.614364	0.781513	0.105532	0.680279	0.806723	0.063825
0.758263	0.894958	0.092606	0.877986	0.953782	0.116334	0.688960	0.806723	0.050139
0.835055	0.924370	0.120524	0.663944	0.785714	0.097799	0.766184	0.794118	0.048737
0.652315	0.836134	0.102878	0.845556	0.936975	0.103515	0.695833	0.794118	0.072387
0.647597	0.831933	0.093619	0.641888	0.798319	0.118998	0.691073	0.781513	0.065142
0.714862	0.865546	0.101638	0.613602	0.785714	0.102402	0.674853	0.827731	0.049297
0.827537	0.924370	0.104817	0.634152	0.781513	0.103675	0.661113	0.827731	0.050921
0.825050	0.915966	0.106743	0.634364	0.810924	0.114620	0.688628	0.789916	0.047661
0.643159	0.827731	0.103913	0.663044	0.836134	0.110331	0.929164	0.978992	0.051011
0.825050	0.915966	0.105449	0.651480	0.781513	0.097199	0.951517	0.987395	0.049948
0.744726	0.882353	0.106246	0.857901	0.941176	0.103652	0.951517	0.987395	0.047303
0.806681	0.907563	0.101511	0.623912	0.802521	0.107021	0.951517	0.987395	0.048273
0.833300	0.928571	0.103915	0.635165	0.815126	0.111572	0.638246	0.789916	0.080869
0.643159	0.827731	0.093879	0.632502	0.815126	0.111261	0.721419	0.781513	0.048917
delta = 0.100000, m = 50
0.647597	0.831933	0.109825	0.647281	0.827731	0.108467	0.681373	0.781513	0.072504
0.833300	0.928571	0.101289	0.672705	0.781513	0.110763	0.709788	0.781513	0.073091
0.647597	0.831933	0.108848	0.811600	0.903361	0.105905	0.951517	0.987395	0.067631
0.816688	0.915966	0.109945	0.637497	0.806723	0.113442	0.681373	0.781513	0.071453
0.647597	0.831933	0.104159	0.845556	0.936975	0.115176	0.681373	0.781513	0.070376
0.816688	0.915966	0.104124	0.631428	0.785714	0.111754	0.951517	0.987395	0.074851
0.650297	0.831933	0.105480	0.671571	0.785714	0.104993	0.688078	0.798319	0.068329
0.811583	0.911765	0.107806	0.664779	0.819328	0.112803	0.690006	0.781513	0.071341
0.652315	0.836134	0.104233	0.631298	0.815126	0.110682	0.616175	0.794118	0.070277
0.816688	0.915966	0.110598	0.631925	0.806723	0.119784	0.653807	0.781513	0.073453
0.647597	0.831933	0.110250	0.621055	0.802521	0.111104	0.688477	0.785714	0.070068
0.660142	0.836134	0.107988	0.634028	0.798319	0.112704	0.951517	0.987395	0.070888
0.688516	0.848739	0.100297	0.624232	0.781513	0.112257	0.666500	0.806723	0.073534
0.776027	0.903361	0.099864	0.852077	0.941176	0.114045	0.627907	0.798319	0.075515
0.662615	0.844538	0.104109	0.666446	0.836134	0.105582	0.951517	0.987395	0.068708
0.662615	0.844538	0.109221	0.661067	0.810924	0.110077	0.673777	0.810924	0.072239
0.655730	0.836134	0.102718	0.873433	0.953782	0.109768	0.672819	0.806723	0.071311
0.811583	0.911765	0.102046	0.643198	0.802521	0.114319	0.670977	0.789916	0.070655
0.648103	0.831933	0.097957	0.647762	0.819328	0.104815	0.649467	0.802521	0.067999
0.733286	0.878151	0.106355	0.680544	0.848739	0.109932	0.951517	0.987395	0.068763
0.655730	0.836134	0.105731	0.624291	0.806723	0.125475	0.642600	0.806723	0.066271
0.822003	0.920168	0.098581	0.660395	0.827731	0.111105	0.670494	0.819328	0.071269
0.811583	0.911765	0.100738	0.613719	0.785714	0.105517	0.663944	0.785714	0.068453
0.643159	0.827731	0.110301	0.637497	0.806723	0.104813	0.721419	0.781513	0.066564
0.650297	0.831933	0.105808	0.845556	0.936975	0.107429	0.951517	0.987395	0.069191
0.670383	0.836134	0.103963	0.632502	0.815126	0.112162	0.706586	0.789916	0.063882
0.647597	0.831933	0.102258	0.651236	0.819328	0.108419	0.689571	0.785714	0.067219
0.833300	0.928571	0.109872	0.845973	0.932773	0.110006	0.951517	0.987395	0.070834
0.663835	0.844538	0.103069	0.635165	0.815126	0.117490	0.680060	0.785714	0.070465
0.662615	0.844538	0.104027	0.840981	0.949580	0.111004	0.688078	0.798319	0.069873
0.786463	0.911765	0.106913	0.642948	0.810924	0.113853	0.656789	0.789916	0.067640
0.652315	0.836134	0.106647	0.645708	0.827731	0.111226	0.681373	0.781513	0.068317
0.662615	0.844538	0.107697	0.671680	0.802521	0.114024	0.716813	0.794118	0.070720
0.698111	0.852941	0.099095	0.643198	0.802521	0.120171	0.679689	0.836134	0.071187
0.656721	0.831933	0.105693	0.632774	0.794118	0.118977	0.654350	0.802521	0.073308
0.825050	0.915966	0.103291	0.630762	0.798319	0.116729	0.665403	0.785714	0.067994
0.677946	0.840336	0.116906	0.658285	0.840336	0.110005	0.679082	0.798319	0.078320
0.827537	0.924370	0.103686	0.852077	0.941176	0.108088	0.951517	0.987395	0.073088
0.825050	0.915966	0.103229	0.619101	0.785714	0.106257	0.688960	0.806723	0.072780
0.647597	0.831933	0.106932	0.619101	0.785714	0.107975	0.664675	0.802521	0.069349
0.652315	0.836134	0.108736	0.635902	0.819328	0.115832	0.951517	0.987395	0.071064
0.663835	0.844538	0.101005	0.652950	0.815126	0.112813	0.639175	0.802521	0.060053
0.825050	0.915966	0.095923	0.640911	0.794118	0.111487	0.798409	0.928571	0.071027
0.691851	0.852941	0.099247	0.621602	0.785714	0.108195	0.951517	0.987395	0.073684
0.652315	0.836134	0.098664	0.635547	0.785714	0.110448	0.750483	0.781513	0.070114
0.827537	0.924370	0.100514	0.845556	0.936975	0.109629	0.680279	0.806723	0.071721
0.663835	0.844538	0.104403	0.611758	0.785714	0.116274	0.658397	0.802521	0.069451
0.660142	0.836134	0.100466	0.839302	0.932773	0.119615	0.679295	0.789916	0.068558
0.661497	0.840336	0.104510	0.672705	0.781513	0.111863	0.716813	0.794118	0.072450
0.662615	0.844538	0.104363	0.825050	0.915966	0.115001	0.691073	0.781513	0.065487
delta = 0.100000, m = 55
0.652315	0.836134	0.115227	0.901837	0.974790	0.117323	0.658584	0.794118	0.073544
0.833300	0.928571	0.112051	0.631467	0.781513	0.125671	0.653976	0.617647	0.063153
0.652315	0.836134	0.112814	0.630762	0.798319	0.117328	0.890181	0.970588	0.067144
0.652315	0.836134	0.113047	0.873433	0.953782	0.115013	0.684871	0.823529	0.069191
0.811583	0.911765	0.125263	0.671571	0.785714	0.126355	0.650297	0.831933	0.076055
0.825050	0.915966	0.135271	0.643159	0.827731	0.119310	0.681373	0.781513	0.073744
0.816688	0.915966	0.121736	0.632502	0.815126	0.125020	0.908311	0.974790	0.064486
0.811583	0.911765	0.109346	0.622684	0.802521	0.125269	0.689571	0.785714	0.069260
0.749049	0.886555	0.121265	0.618237	0.781513	0.120992	0.656957	0.794118	0.072749
0.652315	0.836134	0.118402	0.653860	0.823529	0.128990	0.687421	0.806723	0.066453
0.825050	0.915966	0.111439	0.851804	0.936975	0.132408	0.671680	0.802521	0.068842
0.652315	0.836134	0.114272	0.631467	0.781513	0.132055	0.688151	0.794118	0.070401
0.816688	0.915966	0.109219	0.644750	0.819328	0.118002	0.951517	0.987395	0.065794
0.652315	0.836134	0.114665	0.643997	0.823529	0.123750	0.681373	0.781513	0.065697
0.771118	0.899160	0.108234	0.675229	0.815126	0.129766	0.648502	0.827731	0.063712
0.652315	0.836134	0.112916	0.639064	0.819328	0.121607	0.682630	0.815126	0.065510
0.811583	0.911765	0.112216	0.609936	0.781513	0.121221	0.684184	0.819328	0.074483
0.816688	0.915966	0.111479	0.627401	0.806723	0.120285	0.939848	0.983193	0.070510
0.652315	0.836134	0.116838	0.624232	0.781513	0.128143	0.683368	0.777311	0.064711
0.652315	0.836134	0.109451	0.664906	0.781513	0.123178	0.680670	0.810924	0.068780
0.816688	0.915966	0.115185	0.645708	0.827731	0.123559	0.641606	0.823529	0.066096
0.654179	0.836134	0.110820	0.671535	0.852941	0.121955	0.951517	0.987395	0.067629
0.811583	0.911765	0.115498	0.643239	0.827731	0.125411	0.655516	0.806723	0.069380
0.825050	0.915966	0.111861	0.663316	0.831933	0.127993	0.630256	0.781513	0.067748
0.653044	0.836134	0.114316	0.889418	0.962185	0.121869	1.000000	1.000000	0.065753
0.654179	0.836134	0.109713	0.628430	0.810924	0.125188	0.688186	0.810924	0.066202
0.811583	0.911765	0.107018	0.657062	0.785714	0.126519	0.689571	0.785714	0.067030
0.655730	0.836134	0.106716	0.614364	0.781513	0.124132	0.650940	0.810924	0.069983
0.811583	0.911765	0.109570	0.639093	0.823529	0.115611	0.659592	0.806723	0.065444
0.652315	0.836134	0.110286	0.670383	0.836134	0.124675	0.679523	0.802521	0.065413
0.816688	0.915966	0.117356	0.650787	0.827731	0.123462	0.685970	0.823529	0.066262
0.816688	0.915966	0.111904	0.845973	0.932773	0.119247	0.627907	0.798319	0.064574
0.811600	0.903361	0.123080	0.631925	0.806723	0.117496	0.679082	0.798319	0.074376
0.816688	0.915966	0.118020	0.670494	0.819328	0.123772	0.680060	0.785714	0.066576
0.771118	0.899160	0.107048	0.673572	0.840336	0.125633	0.688628	0.789916	0.070599
0.655730	0.836134	0.115222	0.628347	0.794118	0.126402	0.691073	0.781513	0.064018
0.833300	0.928571	0.113954	0.663774	0.840336	0.128950	0.939848	0.983193	0.073453
0.811583	0.911765	0.127304	0.653514	0.827731	0.120726	0.640911	0.794118	0.071953
0.653044	0.836134	0.120615	0.619101	0.785714	0.131098	0.651038	0.794118	0.062829
0.820367	0.911765	0.111844	0.616961	0.785714	0.126637	0.675229	0.815126	0.067164
0.825050	0.915966	0.112460	0.851804	0.936975	0.128282	0.689851	0.810924	0.062707
0.652315	0.836134	0.116368	0.632319	0.810924	0.125982	0.691073	0.781513	0.073999
0.825050	0.915966	0.129803	0.640463	0.781513	0.125940	0.733660	0.882353	0.075571
0.816688	0.915966	0.133035	0.648845	0.815126	0.124275	0.939848	0.983193	0.072801
0.652315	0.836134	0.113509	0.627642	0.781513	0.126052	0.639659	0.810924	0.066966
0.811583	0.911765	0.110952	0.664675	0.802521	0.129255	0.951517	0.987395	0.069541
0.652315	0.836134	0.117041	0.672587	0.806723	0.126714	0.699887	0.823529	0.066416
0.652315	0.836134	0.114182	0.657860	0.781513	0.128949	0.687421	0.806723	0.066209
0.655730	0.836134	0.115074	0.628977	0.810924	0.120826	0.671733	0.789916	0.069572
0.825050	0.915966	0.116733	0.845556	0.936975	0.128120	0.681833	0.815126	0.066292
delta = 0.100000, m = 60
0.806681	0.907563	0.125421	0.672564	0.823529	0.133152	0.689851	0.810924	0.084778
0.811583	0.911765	0.137709	0.638998	0.823529	0.135100	0.951517	0.987395	0.086175
0.820367	0.911765	0.134980	0.635902	0.819328	0.136182	0.951517	0.987395	0.081959
0.652315	0.836134	0.131838	0.660142	0.836134	0.133384	0.672819	0.806723	0.086920
0.806681	0.907563	0.123727	0.612686	0.781513	0.125401	0.951517	0.987395	0.078152
0.655730	0.836134	0.143232	0.643690	0.827731	0.129157	0.687478	0.789916	0.085827
0.811583	0.911765	0.128517	0.644750	0.819328	0.134696	0.680060	0.785714	0.084214
0.825050	0.915966	0.123324	0.635902	0.819328	0.127513	0.680279	0.806723	0.076282
0.655730	0.836134	0.134719	0.627441	0.802521	0.129866	0.929164	0.978992	0.087863
0.652315	0.836134	0.128888	0.621215	0.781513	0.128454	0.688078	0.798319	0.077533
0.652315	0.836134	0.133832	0.648502	0.827731	0.130570	0.681373	0.781513	0.087891
0.811583	0.911765	0.130774	0.625412	0.806723	0.130728	0.695517	0.798319	0.073588
0.652315	0.836134	0.131999	0.640390	0.823529	0.132178	0.691073	0.781513	0.086734
0.825050	0.915966	0.127588	0.851804	0.936975	0.131926	0.678990	0.794118	0.075071
0.811583	0.911765	0.134384	0.652950	0.815126	0.131740	0.631298	0.815126	0.088556
0.654179	0.836134	0.119837	0.857901	0.941176	0.134721	0.691073	0.781513	0.078185
0.825050	0.915966	0.134011	0.650841	0.785714	0.137202	0.650640	0.613445	0.083385
0.811583	0.911765	0.133761	0.629765	0.802521	0.140898	0.629765	0.802521	0.086936
0.816688	0.915966	0.133831	0.865994	0.949580	0.134777	0.679523	0.802521	0.086472
0.816688	0.915966	0.134563	0.631722	0.815126	0.141258	0.672564	0.823529	0.088173
0.652315	0.836134	0.129398	0.645186	0.827731	0.130763	0.616699	0.785714	0.086431
0.655730	0.836134	0.129833	0.659673	0.840336	0.133049	0.691073	0.781513	0.082978
0.811583	0.911765	0.127125	0.870971	0.949580	0.128820	0.693270	0.777311	0.080288
0.652315	0.836134	0.139166	0.670977	0.789916	0.141099	0.638092	0.785714	0.084699
0.825050	0.915966	0.127181	0.858883	0.945378	0.129874	0.661067	0.810924	0.080917
0.655730	0.836134	0.143460	0.634437	0.815126	0.132068	0.681373	0.781513	0.086469
0.811583	0.911765	0.132941	0.927134	0.978992	0.125261	0.680060	0.785714	0.078632
0.833300	0.928571	0.135787	0.674900	0.836134	0.129926	0.951517	0.987395	0.089225
0.652315	0.836134	0.123235	0.671680	0.802521	0.130274	0.681373	0.781513	0.076018
0.825050	0.915966	0.130567	0.648502	0.827731	0.128418	0.691008	0.815126	0.088037
0.655730	0.836134	0.129822	0.669416	0.827731	0.133782	0.699397	0.781513	0.093350
0.811583	0.911765	0.125745	0.839302	0.932773	0.136243	0.680056	0.836134	0.089652
0.652315	0.836134	0.129780	0.640131	0.785714	0.145984	0.695547	0.802521	0.084793
0.811583	0.911765	0.128649	0.640019	0.819328	0.138562	0.673777	0.810924	0.087526
0.758263	0.894958	0.129340	0.636060	0.806723	0.139907	0.681187	0.844538	0.084005
0.811583	0.911765	0.134295	0.653860	0.823529	0.133905	0.680060	0.785714	0.087237
0.655730	0.836134	0.128291	0.889418	0.962185	0.133961	0.681833	0.815126	0.078622
0.766405	0.894958	0.132380	0.624680	0.806723	0.132326	0.612597	0.785714	0.083039
0.833300	0.928571	0.125272	0.650787	0.827731	0.128757	0.691073	0.781513	0.082858
0.786086	0.903361	0.137466	0.840395	0.928571	0.131331	0.693270	0.777311	0.078384
0.652315	0.836134	0.133887	0.858883	0.945378	0.132077	0.689851	0.810924	0.086689
0.811583	0.911765	0.127696	0.833300	0.928571	0.124877	0.635866	0.789916	0.078721
0.825050	0.915966	0.139720	0.645186	0.827731	0.132816	0.687421	0.806723	0.087724
0.811583	0.911765	0.126649	0.628430	0.810924	0.125613	0.691008	0.815126	0.077787
0.825050	0.915966	0.131561	0.623779	0.794118	0.134105	0.717698	0.819328	0.093603
0.655730	0.836134	0.132066	0.624594	0.777311	0.128843	0.631298	0.815126	0.079174
0.652315	0.836134	0.130345	0.845556	0.936975	0.133822	0.640306	0.789916	0.087276
0.811583	0.911765	0.127316	0.639902	0.823529	0.131047	0.621636	0.798319	0.081033
0.653044	0.836134	0.136418	0.623912	0.802521	0.125309	0.680060	0.785714	0.078358
0.806681	0.907563	0.125390	0.621055	0.802521	0.135460	0.681373	0.781513	0.083294
