delta = 0.460000, m = 10
0.542178	0.639881	6.205369	0.592531	0.550595	4.970296	0.542208	0.449405	4.985003
0.445042	0.473214	4.844136	0.521894	0.446429	5.318951	0.455304	0.598214	4.865753
0.625519	0.705357	4.875893	0.629659	0.580357	4.806445	0.513145	0.443452	4.938373
0.686239	0.806548	5.125041	0.556375	0.526786	4.758173	0.526438	0.479167	4.718401
0.644057	0.714286	4.773853	0.507311	0.455357	4.909101	0.476162	0.476190	4.693841
0.656564	0.720238	4.681005	0.593049	0.514881	4.681844	0.479489	0.482143	4.670148
0.608172	0.714286	4.719867	0.547692	0.505952	4.698628	0.587148	0.726190	4.682968
0.631626	0.696429	4.664889	0.551555	0.523810	4.704903	0.516814	0.699405	4.677075
0.646093	0.702381	4.715836	0.571643	0.559524	4.710424	0.527641	0.497024	4.687017
0.553956	0.619048	4.676999	0.487181	0.443452	4.708384	0.534132	0.470238	4.688965
0.466094	0.562500	4.699220	0.591303	0.580357	4.712839	0.482185	0.479167	4.674069
0.576987	0.502976	4.713752	0.605738	0.526786	4.677736	0.497654	0.500000	4.688220
0.563246	0.568452	4.679547	0.566900	0.547619	4.719570	0.447331	0.386905	4.673651
0.522750	0.699405	4.711900	0.583023	0.541667	4.723658	0.538621	0.485119	4.738281
0.539924	0.595238	4.899767	0.613388	0.574405	4.796085	0.508787	0.461310	4.627769
0.615961	0.687500	4.779277	0.555887	0.488095	4.709060	0.487501	0.416667	4.746368
0.428524	0.464286	4.692530	0.586209	0.500000	4.737517	0.456339	0.395833	4.717899
0.557552	0.580357	4.777280	0.549283	0.485119	4.795929	0.537546	0.553571	4.695439
0.584757	0.693452	4.695452	0.568504	0.559524	4.767376	0.413492	0.497024	4.729199
0.602131	0.693452	5.242994	0.589095	0.538690	4.726274	0.499258	0.431548	4.889643
0.648904	0.767857	4.746219	0.592494	0.544643	5.332785	0.498560	0.473214	4.789276
0.597527	0.648810	4.670857	0.527768	0.476190	4.707125	0.417298	0.431548	4.669241
0.517822	0.681548	4.692455	0.582206	0.574405	4.680804	0.515876	0.446429	4.674145
0.473716	0.568452	4.691451	0.498715	0.431548	4.698419	0.443051	0.556548	4.689728
0.623668	0.654762	4.659780	0.568709	0.532738	4.696272	0.542278	0.538690	4.679274
0.427339	0.461310	4.662280	0.551917	0.491071	4.700376	0.465954	0.470238	4.657214
0.665853	0.729167	4.645462	0.604382	0.577381	4.705053	0.556564	0.508929	4.684336
0.529141	0.538690	4.679301	0.559295	0.547619	4.708807	0.516988	0.532738	4.676818
0.554736	0.559524	4.662758	0.596323	0.553571	4.685184	0.525871	0.479167	4.697893
0.625337	0.744048	4.656153	0.537180	0.443452	4.708930	0.512176	0.464286	4.678015
0.573653	0.693452	4.667094	0.565555	0.491071	4.758939	0.475857	0.422619	4.690101
0.542339	0.595238	4.667595	0.544751	0.553571	4.692133	0.471111	0.413690	4.676222
0.575634	0.642857	4.666200	0.632327	0.693452	4.669829	0.456002	0.434524	4.641313
0.504071	0.553571	4.689218	0.600834	0.583333	4.712465	0.453273	0.443452	4.645620
0.580115	0.562500	4.672780	0.570500	0.532738	4.709401	0.477066	0.428571	4.669832
0.661127	0.732143	4.653997	0.551648	0.479167	4.710980	0.485007	0.514881	4.636576
0.507181	0.574405	4.715489	0.510682	0.425595	4.673785	0.473379	0.392857	4.669752
0.538374	0.708333	4.680567	0.577257	0.488095	4.693660	0.516511	0.464286	4.663295
0.634206	0.720238	4.643602	0.552724	0.473214	4.700020	0.382921	0.363095	4.684066
0.572991	0.616071	4.663701	0.582753	0.520833	4.698684	0.503093	0.520833	4.669488
0.438157	0.538690	4.678426	0.578589	0.553571	4.687270	0.501522	0.458333	4.701991
0.625374	0.687500	4.698862	0.550754	0.467262	4.680463	0.492999	0.592262	4.666976
0.679689	0.741071	4.681055	0.567372	0.556548	4.673810	0.437756	0.461310	4.704294
0.581287	0.574405	4.674449	0.595305	0.505952	4.687732	0.459413	0.458333	4.696182
0.538910	0.547619	4.660579	0.515003	0.422619	4.698508	0.470219	0.488095	4.685216
0.532611	0.645833	4.693383	0.538308	0.446429	4.698442	0.385890	0.419643	4.690997
0.525432	0.595238	4.691515	0.515866	0.395833	4.696227	0.528639	0.583333	4.676353
0.520741	0.580357	4.681575	0.602783	0.541667	4.709801	0.450848	0.437500	4.704902
0.606527	0.669643	4.657725	0.611854	0.577381	4.647201	0.488955	0.482143	4.676636
0.643099	0.714286	4.677733	0.620313	0.577381	4.689085	0.547064	0.497024	4.658065
delta = 0.460000, m = 15
0.582854	0.627976	4.735678	0.547161	0.491071	4.692028	0.485108	0.505952	4.680284
0.672167	0.830357	4.726118	0.551668	0.526786	4.729270	0.438623	0.410714	4.628872
0.619579	0.720238	4.711416	0.497634	0.443452	4.697393	0.468475	0.473214	4.690726
0.674231	0.738095	4.735804	0.580155	0.514881	4.691516	0.545588	0.556548	4.654620
0.613047	0.672619	4.736302	0.578225	0.559524	4.704861	0.491964	0.434524	4.694635
0.588072	0.627976	4.734797	0.552635	0.508929	4.700517	0.458859	0.440476	4.627995
0.642326	0.732143	4.725889	0.579053	0.553571	4.705945	0.514480	0.458333	4.675268
0.585487	0.616071	4.728730	0.564185	0.526786	4.703755	0.583658	0.645833	4.679198
0.612990	0.687500	4.735442	0.557828	0.520833	4.723930	0.470493	0.491071	4.708705
0.579188	0.610119	4.727932	0.630436	0.684524	4.702806	0.550890	0.544643	4.680773
0.578811	0.577381	4.745790	0.559393	0.541667	4.718603	0.593214	0.595238	4.688232
0.594497	0.613095	4.725214	0.576501	0.520833	4.723527	0.416449	0.401786	4.688602
0.604891	0.702381	4.693414	0.593271	0.601190	4.704266	0.489962	0.500000	4.690559
0.624434	0.794643	4.710367	0.534678	0.479167	4.704158	0.531399	0.500000	4.668316
0.613808	0.675595	4.705197	0.562689	0.517857	4.690961	0.533707	0.482143	4.665580
0.612569	0.651786	4.702492	0.555352	0.508929	4.721881	0.529785	0.556548	4.681328
0.552017	0.556548	4.715256	0.629764	0.586310	4.712748	0.535233	0.553571	4.667185
0.620278	0.770833	4.686741	0.564964	0.517857	4.701530	0.415757	0.470238	4.667828
0.590962	0.616071	4.724401	0.573315	0.562500	4.687024	0.548811	0.514881	4.698740
0.566252	0.529762	4.727662	0.588626	0.568452	4.691245	0.534044	0.517857	4.713917
0.621724	0.687500	4.696522	0.486829	0.443452	4.698783	0.512171	0.505952	4.696735
0.599231	0.538690	4.703439	0.520611	0.452381	4.699681	0.564284	0.461310	4.692642
0.575570	0.669643	4.699375	0.540543	0.514881	4.713147	0.550531	0.586310	4.664791
0.516271	0.452381	4.764159	0.563311	0.538690	4.716670	0.526942	0.526786	4.662164
0.569935	0.580357	4.700924	0.526143	0.443452	4.706620	0.531713	0.511905	4.673146
0.640877	0.717262	4.719487	0.538994	0.470238	4.707531	0.497419	0.517857	4.685199
0.602574	0.702381	4.724947	0.549177	0.520833	4.745894	0.484556	0.458333	4.701091
0.548569	0.571429	4.698399	0.606737	0.559524	4.736183	0.506768	0.485119	4.689409
0.565091	0.598214	4.748323	0.528512	0.458333	4.748590	0.474178	0.458333	4.710629
0.571845	0.639881	4.721961	0.651247	0.669643	4.707990	0.464576	0.440476	4.672606
0.655149	0.699405	4.700013	0.583790	0.529762	4.722474	0.496620	0.491071	4.689892
0.631065	0.720238	4.689592	0.550048	0.511905	4.717287	0.505483	0.508929	4.694752
0.518802	0.476190	4.695363	0.568068	0.511905	4.723790	0.536359	0.535714	4.699603
0.562874	0.577381	4.710313	0.547818	0.508929	4.704472	0.584048	0.562500	4.699255
0.662396	0.833333	4.698633	0.627256	0.619048	4.734287	0.480534	0.529762	4.684771
0.506068	0.589286	4.694611	0.637986	0.639881	4.711038	0.549624	0.517857	4.716454
0.551065	0.580357	4.682331	0.573351	0.520833	4.729191	0.546861	0.523810	4.683710
0.542849	0.502976	4.707460	0.525614	0.470238	4.719674	0.528287	0.476190	4.684719
0.545587	0.547619	4.689492	0.565776	0.535714	4.716948	0.509784	0.497024	4.700777
0.609833	0.758929	4.671677	0.558135	0.586310	4.693104	0.477978	0.461310	4.678783
0.586526	0.610119	4.702562	0.563596	0.541667	4.724110	0.544764	0.491071	4.726385
0.616481	0.729167	4.703587	0.575552	0.556548	4.744948	0.586293	0.568452	4.678571
0.629760	0.744048	4.707948	0.522605	0.467262	4.710492	0.563743	0.562500	4.700356
0.617954	0.717262	4.708051	0.509466	0.437500	4.717614	0.478052	0.476190	4.701596
0.621464	0.705357	4.690091	0.556583	0.541667	4.716041	0.597813	0.574405	4.685861
0.606003	0.633929	4.738274	0.565983	0.532738	4.735916	0.542960	0.505952	4.666536
0.543183	0.544643	4.735236	0.579550	0.562500	4.699682	0.506195	0.455357	4.671405
0.583197	0.589286	4.729087	0.562222	0.526786	4.710353	0.504622	0.497024	4.689808
0.610569	0.693452	4.722944	0.556774	0.511905	4.719446	0.522277	0.491071	4.743778
0.653636	0.717262	4.685559	0.549064	0.508929	4.733044	0.540638	0.488095	4.726467
delta = 0.460000, m = 20
0.554233	0.526786	4.716935	0.550944	0.520833	4.726600	0.527487	0.532738	4.679904
0.647398	0.773810	4.703684	0.550350	0.502976	4.751563	0.483074	0.464286	4.754967
0.607342	0.767857	4.696014	0.567621	0.523810	4.784604	0.541248	0.583333	4.759849
0.612579	0.684524	4.729125	0.564899	0.505952	4.794802	0.487807	0.479167	4.736286
0.596752	0.589286	4.744727	0.569264	0.514881	4.827356	0.481846	0.479167	4.742946
0.650718	0.687500	4.717940	0.554738	0.467262	4.763715	0.485683	0.508929	4.740015
0.524256	0.550595	4.724396	0.567709	0.547619	4.674401	0.510305	0.535714	4.678974
0.572464	0.654762	4.711005	0.563560	0.535714	4.766458	0.496778	0.497024	4.694803
0.625845	0.687500	4.739844	0.571336	0.544643	4.760708	0.537078	0.562500	4.736304
0.594260	0.639881	4.733653	0.622425	0.595238	4.827828	0.499850	0.476190	4.711923
0.614648	0.708333	4.744983	0.560449	0.538690	4.778866	0.520651	0.494048	4.728414
0.583808	0.610119	4.713746	0.561879	0.520833	4.698447	0.510457	0.452381	4.708512
0.621544	0.690476	4.697485	0.554703	0.523810	4.797330	0.526825	0.553571	4.726899
0.557948	0.610119	4.724588	0.561435	0.526786	4.658123	0.534478	0.562500	4.689122
0.582234	0.622024	4.777179	0.563324	0.517857	4.801286	0.564542	0.562500	4.746844
0.603463	0.565476	4.738856	0.638880	0.699405	4.792572	0.506961	0.482143	4.759016
0.551040	0.562500	4.699266	0.546959	0.505952	4.769948	0.505626	0.458333	4.696611
0.653055	0.738095	4.740573	0.666578	0.717262	4.764702	0.489836	0.511905	4.730154
0.603531	0.666667	4.762522	0.563065	0.568452	4.821063	0.481863	0.476190	4.731677
0.657364	0.794643	4.709976	0.575022	0.571429	4.786558	0.575053	0.627976	4.695374
0.648163	0.690476	4.729878	0.570348	0.535714	4.788063	0.517598	0.494048	4.731587
0.617286	0.773810	4.717276	0.535674	0.529762	4.716432	0.510603	0.431548	4.735269
0.561257	0.642857	4.673287	0.553884	0.508929	4.740697	0.467538	0.479167	4.723659
0.605950	0.604167	4.716868	0.623330	0.589286	4.785669	0.546988	0.517857	4.734575
0.582232	0.565476	4.720710	0.488192	0.431548	4.769980	0.470361	0.494048	4.747687
0.691015	0.770833	4.698773	0.632540	0.693452	4.812072	0.530180	0.497024	4.702511
0.644806	0.773810	4.758052	0.548837	0.508929	4.645194	0.511134	0.517857	4.704734
0.558214	0.500000	4.752052	0.571540	0.577381	4.803177	0.515427	0.458333	4.732813
0.622061	0.639881	4.706788	0.637554	0.625000	4.695415	0.528827	0.476190	4.683949
0.582598	0.613095	4.750635	0.637760	0.622024	4.757259	0.488352	0.461310	4.764554
0.635070	0.645833	4.749266	0.526818	0.479167	4.810231	0.482505	0.413690	4.740334
0.682257	0.770833	4.712644	0.558338	0.523810	4.795852	0.480404	0.470238	4.736768
0.671771	0.758929	4.746137	0.622701	0.687500	4.729533	0.482828	0.482143	4.687969
0.627093	0.714286	4.773381	0.574407	0.520833	4.727288	0.545523	0.511905	4.713207
0.629475	0.696429	4.712703	0.555411	0.526786	4.814895	0.507998	0.488095	4.709853
0.627083	0.610119	4.743091	0.660378	0.705357	4.764314	0.531750	0.476190	4.676023
0.634563	0.678571	4.699323	0.518199	0.467262	4.790639	0.583116	0.586310	4.719796
0.633189	0.678571	4.686517	0.563791	0.517857	4.707348	0.528877	0.473214	4.713590
0.588813	0.625000	4.714326	0.545698	0.514881	4.781587	0.556848	0.511905	4.731494
0.665518	0.755952	4.702378	0.553563	0.529762	4.798280	0.511997	0.491071	4.729339
0.625311	0.741071	4.739456	0.558881	0.482143	4.786329	0.515927	0.494048	4.709008
0.577459	0.565476	4.727869	0.567395	0.574405	4.778398	0.618003	0.675595	4.727288
0.586285	0.565476	4.738325	0.630573	0.657738	4.781330	0.581237	0.592262	4.719530
0.582749	0.586310	4.674745	0.572449	0.541667	4.767030	0.544123	0.485119	4.714689
0.658699	0.696429	4.720015	0.497089	0.461310	4.782176	0.529016	0.476190	4.735248
0.601098	0.592262	4.709963	0.553394	0.517857	4.765186	0.510004	0.488095	4.690601
0.594135	0.660714	4.706911	0.515994	0.440476	4.762411	0.559803	0.514881	4.705365
0.612077	0.663690	4.741201	0.532212	0.464286	4.805116	0.548194	0.547619	4.716516
0.611067	0.720238	4.725829	0.504645	0.476190	4.775364	0.505296	0.491071	4.718943
0.618739	0.586310	4.747749	0.562441	0.517857	4.713879	0.480846	0.505952	4.708094
delta = 0.460000, m = 25
0.646212	0.687500	4.719913	0.653943	0.705357	4.780749	0.590113	0.592262	4.698797
0.627832	0.678571	4.736250	0.567893	0.526786	4.781686	0.520756	0.449405	4.689332
0.657712	0.770833	4.737083	0.618009	0.577381	4.780391	0.469800	0.407738	4.739783
0.608316	0.705357	4.738045	0.559975	0.544643	4.767698	0.502776	0.485119	4.712347
0.681274	0.785714	4.730239	0.634199	0.601190	4.798085	0.509036	0.511905	4.717914
0.645419	0.729167	4.735883	0.599030	0.497024	4.779840	0.481481	0.437500	4.726573
0.624061	0.648810	4.737600	0.636912	0.633929	4.793172	0.520782	0.464286	4.680414
0.608879	0.711310	4.742902	0.569268	0.568452	4.793343	0.505558	0.532738	4.694132
0.619537	0.595238	4.734717	0.555505	0.535714	4.780946	0.579024	0.651786	4.692301
0.679544	0.806548	4.753864	0.519371	0.467262	4.793441	0.523271	0.502976	4.707724
0.580473	0.675595	4.748464	0.583857	0.547619	4.787667	0.545305	0.514881	4.695786
0.635970	0.750000	4.736836	0.591187	0.550595	4.793003	0.553171	0.520833	4.700370
0.597496	0.726190	4.742366	0.613394	0.517857	4.763815	0.598444	0.574405	4.716868
0.616058	0.595238	4.760151	0.645644	0.654762	4.789486	0.539435	0.500000	4.688168
0.612715	0.648810	4.770872	0.495155	0.476190	4.783135	0.530632	0.517857	4.693718
0.623149	0.651786	4.761384	0.618329	0.630952	4.765588	0.505617	0.479167	4.718158
0.615814	0.747024	4.726351	0.622695	0.586310	4.799278	0.531450	0.491071	4.690568
0.600817	0.657738	4.762915	0.558040	0.467262	4.787239	0.498017	0.461310	4.695006
0.612398	0.702381	4.750364	0.632583	0.696429	4.769653	0.490412	0.517857	4.690077
0.551453	0.622024	4.746702	0.566795	0.556548	4.784084	0.548535	0.511905	4.707475
0.669677	0.779762	4.745831	0.670305	0.711310	4.750451	0.501314	0.491071	4.710071
0.625629	0.723214	4.738527	0.556780	0.523810	4.785903	0.553401	0.526786	4.679138
0.610403	0.616071	4.733189	0.553857	0.517857	4.790395	0.543011	0.556548	4.683741
0.640013	0.654762	4.736793	0.635143	0.645833	4.779341	0.508639	0.488095	4.674856
0.638525	0.708333	4.743727	0.614123	0.577381	4.733065	0.515351	0.535714	4.714586
0.631545	0.726190	4.730483	0.552687	0.550595	4.782186	0.518807	0.470238	4.705293
0.663241	0.747024	4.744718	0.636747	0.636905	4.769194	0.578693	0.556548	4.669310
0.650083	0.705357	4.736235	0.552402	0.517857	4.784734	0.549188	0.616071	4.671357
0.591007	0.675595	4.744426	0.490568	0.470238	4.781781	0.522258	0.502976	4.716560
0.618866	0.651786	4.728979	0.559105	0.511905	4.783813	0.540375	0.500000	4.696169
0.624653	0.693452	4.732517	0.561787	0.544643	4.792282	0.526488	0.470238	4.675919
0.630964	0.726190	4.726515	0.522990	0.452381	4.787651	0.546318	0.485119	4.674037
0.629662	0.699405	4.745749	0.626799	0.625000	4.795418	0.554541	0.502976	4.678672
0.606983	0.630952	4.738846	0.558999	0.541667	4.790996	0.523108	0.541667	4.683339
0.606479	0.619048	4.763626	0.613655	0.586310	4.767400	0.549345	0.511905	4.715460
0.645372	0.723214	4.750964	0.611248	0.589286	4.783822	0.534286	0.592262	4.662973
0.707159	0.824405	4.732305	0.642413	0.616071	4.779396	0.557537	0.520833	4.684216
0.592509	0.663690	4.756323	0.601458	0.642857	4.789843	0.589684	0.532738	4.677500
0.693966	0.818452	4.736188	0.574776	0.574405	4.795961	0.562278	0.538690	4.688077
0.661445	0.750000	4.745839	0.579279	0.580357	4.774153	0.500140	0.479167	4.698792
0.614602	0.627976	4.745559	0.643718	0.654762	4.780028	0.506647	0.467262	4.688049
0.660814	0.714286	4.747788	0.556602	0.520833	4.776939	0.659248	0.794643	4.663566
0.646600	0.714286	4.726961	0.624669	0.583333	4.792511	0.537318	0.508929	4.687032
0.615447	0.750000	4.755723	0.515882	0.470238	4.778000	0.518647	0.500000	4.673206
0.650103	0.672619	4.746810	0.629378	0.598214	4.795574	0.527732	0.488095	4.682480
0.608687	0.672619	4.742312	0.560738	0.517857	4.790385	0.513604	0.449405	4.699830
0.616823	0.660714	4.732002	0.631009	0.595238	4.785939	0.559305	0.523810	4.691117
0.597489	0.651786	4.749155	0.629938	0.592262	4.769561	0.522786	0.502976	4.685566
0.705497	0.821429	4.724921	0.515647	0.434524	4.790871	0.547095	0.491071	4.687383
0.620604	0.678571	4.764424	0.565890	0.538690	4.777646	0.548789	0.526786	4.703877
delta = 0.460000, m = 30
0.655026	0.708333	4.723138	0.639249	0.625000	4.744364	0.547242	0.550595	4.687959
0.630969	0.598214	4.758547	0.526599	0.464286	4.733957	0.593377	0.574405	4.705589
0.685634	0.812500	4.769732	0.514272	0.467262	4.734904	0.549123	0.568452	4.701389
0.660761	0.764881	4.789085	0.623809	0.577381	4.734435	0.573455	0.559524	4.702352
0.634558	0.684524	4.804231	0.594095	0.610119	4.783945	0.534539	0.464286	4.690458
0.639938	0.738095	4.773842	0.612882	0.565476	4.736216	0.535885	0.476190	4.681823
0.631353	0.720238	4.786851	0.633908	0.625000	4.727630	0.514970	0.500000	4.706029
0.629558	0.720238	4.736665	0.605466	0.580357	4.756366	0.545740	0.523810	4.739770
0.605601	0.660714	4.811219	0.645698	0.660714	4.735479	0.540527	0.514881	4.723402
0.645726	0.648810	4.807497	0.618020	0.559524	4.741084	0.545707	0.488095	4.691781
0.682472	0.818452	4.795790	0.638913	0.622024	4.677917	0.459016	0.434524	4.725138
0.599958	0.586310	4.790025	0.640837	0.639881	4.745083	0.547053	0.559524	4.697042
0.653054	0.693452	4.744648	0.568143	0.541667	4.743933	0.531294	0.505952	4.710737
0.695417	0.821429	4.726218	0.579512	0.517857	4.745426	0.513376	0.500000	4.703264
0.619934	0.666667	4.790181	0.636912	0.633929	4.737009	0.528152	0.470238	4.687535
0.621953	0.726190	4.779045	0.641835	0.687500	4.733539	0.529563	0.482143	4.679888
0.627897	0.699405	4.746001	0.556866	0.520833	4.736053	0.471927	0.479167	4.721525
0.665871	0.705357	4.766525	0.552875	0.511905	4.738669	0.508955	0.514881	4.709683
0.647313	0.714286	4.777458	0.570582	0.574405	4.753006	0.568261	0.544643	4.705030
0.684029	0.824405	4.743540	0.556442	0.517857	4.746328	0.541681	0.541667	4.669619
0.656872	0.699405	4.787500	0.634571	0.627976	4.744764	0.489230	0.497024	4.709333
0.649941	0.687500	4.768565	0.557532	0.562500	4.745343	0.532942	0.505952	4.687942
0.624871	0.663690	4.791648	0.646784	0.678571	4.727603	0.526956	0.520833	4.703312
0.659564	0.741071	4.770585	0.560434	0.520833	4.727129	0.609247	0.610119	4.683691
0.656102	0.681548	4.750649	0.566337	0.544643	4.732773	0.501473	0.511905	4.716450
0.623959	0.622024	4.738615	0.562003	0.500000	4.739972	0.505908	0.482143	4.720376
0.698182	0.815476	4.760563	0.612723	0.642857	4.750796	0.512495	0.485119	4.695151
0.605558	0.639881	4.787744	0.623233	0.598214	4.715117	0.521463	0.479167	4.692577
0.709833	0.821429	4.777979	0.628430	0.598214	4.737223	0.527000	0.508929	4.692463
0.640194	0.720238	4.749692	0.557392	0.511905	4.718518	0.506888	0.511905	4.732294
0.610730	0.565476	4.759056	0.556700	0.556548	4.726943	0.539002	0.500000	4.708030
0.621983	0.613095	4.783829	0.607589	0.583333	4.738862	0.536154	0.505952	4.699362
0.626384	0.660714	4.777114	0.656144	0.782738	4.721473	0.502710	0.464286	4.677119
0.649924	0.735119	4.749661	0.633027	0.592262	4.728833	0.580529	0.571429	4.707261
0.624202	0.657738	4.727352	0.580756	0.535714	4.744120	0.522324	0.479167	4.690523
0.622218	0.684524	4.788108	0.588340	0.568452	4.718794	0.539722	0.505952	4.693108
0.686727	0.794643	4.758249	0.588443	0.589286	4.720783	0.529121	0.511905	4.726402
0.661090	0.747024	4.750580	0.557325	0.520833	4.731199	0.606441	0.633929	4.693611
0.645839	0.678571	4.761132	0.626418	0.630952	4.747598	0.558424	0.532738	4.704607
0.647292	0.684524	4.751023	0.561586	0.517857	4.715670	0.530104	0.511905	4.738926
0.638701	0.690476	4.756225	0.571999	0.574405	4.756323	0.550010	0.553571	4.704504
0.653600	0.702381	4.794421	0.636912	0.633929	4.764707	0.513106	0.473214	4.710868
0.698327	0.833333	4.760880	0.618862	0.556548	4.747746	0.540968	0.500000	4.705084
0.644719	0.714286	4.737309	0.561918	0.514881	4.751084	0.619472	0.607143	4.695427
0.634423	0.747024	4.714474	0.545431	0.508929	4.710574	0.517239	0.464286	4.726149
0.640478	0.720238	4.747092	0.633624	0.630952	4.738470	0.523607	0.508929	4.699926
0.653244	0.702381	4.775887	0.563773	0.550595	4.741329	0.507582	0.443452	4.704267
0.628656	0.684524	4.789881	0.645858	0.654762	4.739754	0.528271	0.508929	4.681825
0.685627	0.830357	4.777686	0.635508	0.657738	4.724445	0.553600	0.535714	4.683806
0.596004	0.613095	4.742429	0.623752	0.601190	4.723210	0.494693	0.505952	4.731905
delta = 0.460000, m = 35
0.632276	0.693452	4.751021	0.561991	0.535714	4.728072	0.577565	0.613095	4.586220
0.669450	0.702381	4.743966	0.579014	0.571429	4.766689	0.493888	0.461310	4.732610
0.656114	0.672619	4.751339	0.672245	0.714286	4.696287	0.555125	0.497024	4.600831
0.592206	0.669643	4.763414	0.634081	0.654762	4.746261	0.626307	0.622024	4.717507
0.587799	0.642857	4.743744	0.617056	0.610119	4.745854	0.507912	0.485119	4.617130
0.695991	0.833333	4.743935	0.608528	0.589286	4.752748	0.520230	0.508929	4.739226
0.701955	0.830357	4.747010	0.557818	0.550595	4.736668	0.535268	0.529762	4.596672
0.670097	0.702381	4.767997	0.639174	0.630952	4.746080	0.574760	0.592262	4.725587
0.669452	0.779762	4.752531	0.648800	0.717262	4.743647	0.531025	0.508929	4.596104
0.657550	0.714286	4.778899	0.556189	0.511905	4.730605	0.505243	0.464286	4.732214
0.664840	0.699405	4.737813	0.619082	0.592262	4.734921	0.554807	0.520833	4.733738
0.678327	0.770833	4.747004	0.568030	0.550595	4.764883	0.498922	0.446429	4.720789
0.588005	0.577381	4.749621	0.631101	0.592262	4.753360	0.524082	0.467262	4.614195
0.658102	0.803571	4.774228	0.550922	0.514881	4.758448	0.534106	0.500000	4.745746
0.616352	0.678571	4.750308	0.634536	0.657738	4.732872	0.596067	0.589286	4.721578
0.679381	0.755952	4.751129	0.673769	0.735119	4.737539	0.510380	0.485119	4.604862
0.651225	0.684524	4.754243	0.563740	0.541667	4.737369	0.544279	0.565476	4.611574
0.651499	0.717262	4.769734	0.667424	0.708333	4.763282	0.571764	0.553571	4.710005
0.699092	0.818452	4.755350	0.551249	0.482143	4.731432	0.679865	0.791667	4.697858
0.693945	0.833333	4.727202	0.561776	0.544643	4.740079	0.533626	0.517857	4.630572
0.669109	0.729167	4.745308	0.552884	0.571429	4.764671	0.551587	0.517857	4.710552
0.663163	0.741071	4.744523	0.587723	0.497024	4.745502	0.591895	0.547619	4.721950
0.664854	0.752976	4.752031	0.607877	0.568452	4.732500	0.526837	0.529762	4.704024
0.640932	0.693452	4.776959	0.551590	0.511905	4.719856	0.597102	0.577381	4.712808
0.636713	0.723214	4.744729	0.637298	0.627976	4.747359	0.561612	0.598214	4.687496
0.705724	0.818452	4.759921	0.590941	0.562500	4.733407	0.545709	0.508929	4.731298
0.641604	0.678571	4.763214	0.609646	0.571429	4.691442	0.531166	0.550595	4.706111
0.626586	0.699405	4.782892	0.593579	0.622024	4.691288	0.573659	0.571429	4.689088
0.629297	0.729167	4.773787	0.628641	0.619048	4.661916	0.504184	0.505952	4.730514
0.620595	0.699405	4.758670	0.588836	0.556548	4.765518	0.526691	0.517857	4.715626
0.670196	0.803571	4.764323	0.627975	0.589286	4.741604	0.533148	0.586310	4.710698
0.668146	0.764881	4.786833	0.554990	0.517857	4.719257	0.602205	0.616071	4.694030
0.686233	0.815476	4.728366	0.623506	0.598214	4.712637	0.605222	0.654762	4.585631
0.689919	0.791667	4.727607	0.578153	0.517857	4.731564	0.617975	0.580357	4.613244
0.661455	0.702381	4.747498	0.516828	0.502976	4.730768	0.506952	0.443452	4.623186
0.629491	0.750000	4.733077	0.641444	0.702381	4.749692	0.567217	0.562500	4.596067
0.639928	0.699405	4.751607	0.558915	0.508929	4.761051	0.563125	0.559524	4.620395
0.611737	0.669643	4.754090	0.631772	0.630952	4.721712	0.499354	0.482143	4.608461
0.660039	0.690476	4.759822	0.625259	0.592262	4.753186	0.579289	0.610119	4.718228
0.667683	0.750000	4.711059	0.565337	0.535714	4.747336	0.513780	0.473214	4.710432
0.635447	0.681548	4.776930	0.632833	0.595238	4.697574	0.535800	0.476190	4.716488
0.635305	0.684524	4.743139	0.571121	0.500000	4.728588	0.509337	0.476190	4.592225
0.572978	0.616071	4.743420	0.557450	0.520833	4.730796	0.527795	0.517857	4.609362
0.658638	0.672619	4.775115	0.622921	0.598214	4.737465	0.509296	0.494048	4.728670
0.686386	0.824405	4.738453	0.619837	0.592262	4.729972	0.650810	0.693452	4.699149
0.632186	0.758929	4.729848	0.646361	0.696429	4.768380	0.502355	0.482143	4.592286
0.657393	0.684524	4.752962	0.630809	0.598214	4.741049	0.544404	0.526786	4.601216
0.676453	0.776786	4.758452	0.538081	0.517857	4.768229	0.635030	0.636905	4.714047
0.623604	0.666667	4.742215	0.637304	0.630952	4.705095	0.547304	0.514881	4.599516
0.609567	0.660714	4.767211	0.640595	0.627976	4.731567	0.585298	0.556548	4.744685
delta = 0.460000, m = 40
0.682780	0.824405	4.799824	0.540191	0.526786	4.721575	0.542866	0.541667	4.716032
0.680734	0.779762	4.766505	0.571945	0.517857	4.756791	0.540167	0.532738	4.589039
0.673930	0.764881	4.736274	0.626029	0.598214	4.728441	0.513450	0.467262	4.711278
0.616793	0.613095	4.779180	0.624839	0.595238	4.760489	0.509427	0.479167	4.714925
0.621452	0.660714	4.772987	0.563784	0.508929	4.719337	0.624342	0.744048	4.701908
0.655850	0.720238	4.775805	0.628644	0.687500	4.738015	0.531821	0.482143	4.607261
0.661453	0.702381	4.800551	0.621416	0.595238	4.757184	0.543280	0.520833	4.610851
0.700457	0.833333	4.739809	0.610782	0.589286	4.736333	0.650055	0.708333	4.709749
0.670264	0.717262	4.790442	0.642832	0.693452	4.739746	0.588283	0.580357	4.747589
0.667316	0.764881	4.766921	0.639115	0.648810	4.726736	0.524604	0.538690	4.702312
0.650655	0.669643	4.775211	0.638314	0.625000	4.766423	0.511198	0.452381	4.605617
0.649925	0.708333	4.767606	0.556857	0.541667	4.748704	0.533596	0.520833	4.713933
0.649846	0.678571	4.780620	0.621805	0.592262	4.774479	0.577359	0.568452	4.610686
0.650711	0.696429	4.766740	0.654037	0.779762	4.727134	0.524281	0.508929	4.711489
0.679367	0.770833	4.764644	0.580489	0.616071	4.761642	0.499946	0.488095	4.601719
0.660954	0.720238	4.767256	0.628006	0.627976	4.747940	0.538719	0.523810	4.702412
0.686436	0.809524	4.756460	0.638913	0.622024	4.762782	0.497327	0.482143	4.752081
0.648815	0.663690	4.773072	0.661636	0.717262	4.745037	0.574692	0.601190	4.704302
0.661527	0.705357	4.812810	0.653053	0.714286	4.728750	0.532893	0.535714	4.722365
0.649923	0.690476	4.767997	0.593595	0.630952	4.789504	0.533437	0.517857	4.607565
0.618144	0.678571	4.770843	0.579705	0.559524	4.732670	0.545578	0.559524	4.714665
0.707592	0.836310	4.765277	0.633578	0.642857	4.761520	0.602657	0.577381	4.585501
0.666191	0.732143	4.787926	0.631674	0.627976	4.744089	0.567504	0.526786	4.621205
0.647921	0.714286	4.781931	0.540171	0.517857	4.755347	0.589766	0.538690	4.597211
0.662421	0.699405	4.764778	0.614958	0.604167	4.722300	0.616480	0.616071	4.699083
0.635582	0.750000	4.754548	0.623259	0.592262	4.759887	0.530912	0.446429	4.727528
0.651049	0.717262	4.814564	0.552680	0.520833	4.773540	0.494672	0.482143	4.603544
0.648637	0.690476	4.752526	0.686819	0.797619	4.722967	0.535044	0.491071	4.706542
0.630658	0.672619	4.770385	0.566871	0.586310	4.774623	0.508286	0.514881	4.613851
0.641314	0.764881	4.736985	0.584666	0.639881	4.733362	0.501108	0.440476	4.724115
0.629710	0.672619	4.797279	0.656474	0.741071	4.750550	0.522149	0.502976	4.656860
0.695292	0.818452	4.772856	0.622364	0.550595	4.760740	0.498616	0.488095	4.631993
0.652808	0.693452	4.762910	0.636696	0.654762	4.729714	0.550339	0.523810	4.705036
0.629639	0.648810	4.767064	0.542405	0.514881	4.785547	0.489018	0.458333	4.587980
0.638677	0.699405	4.768949	0.650571	0.711310	4.751622	0.607171	0.630952	4.706490
0.659298	0.714286	4.789525	0.596956	0.625000	4.770447	0.611232	0.592262	4.622935
0.617550	0.711310	4.799523	0.599990	0.565476	4.746904	0.492660	0.491071	4.646452
0.634138	0.693452	4.759075	0.691818	0.827381	4.714171	0.513234	0.505952	4.707859
0.665817	0.738095	4.761484	0.694036	0.827381	4.724635	0.512266	0.505952	4.768547
0.654613	0.705357	4.780410	0.638452	0.625000	4.724602	0.557472	0.544643	4.719826
0.661455	0.708333	4.780578	0.635125	0.630952	4.762668	0.515563	0.508929	4.610611
0.685030	0.821429	4.749426	0.610776	0.675595	4.725061	0.486000	0.491071	4.725331
0.643409	0.732143	4.777876	0.609191	0.586310	4.776793	0.542865	0.532738	4.596492
0.643845	0.761905	4.752533	0.639605	0.627976	4.733150	0.601702	0.607143	4.702895
0.655043	0.705357	4.777715	0.600534	0.627976	4.772861	0.586317	0.595238	4.621390
0.655084	0.687500	4.752047	0.581854	0.568452	4.735089	0.635614	0.636905	4.710410
0.609370	0.669643	4.787831	0.636912	0.633929	4.750653	0.514635	0.455357	4.630064
0.630172	0.681548	4.788763	0.639840	0.678571	4.745753	0.609707	0.622024	4.596031
0.628994	0.645833	4.770485	0.621628	0.589286	4.721273	0.516083	0.479167	4.725329
0.623471	0.657738	4.788598	0.695807	0.830357	4.750451	0.550642	0.511905	4.604151
delta = 0.460000, m = 45
0.636141	0.666667	4.771334	0.636728	0.642857	4.740458	0.546189	0.523810	4.710160
0.659478	0.708333	4.752552	0.591964	0.633929	4.732384	0.530795	0.526786	4.700090
0.659820	0.708333	4.741274	0.641118	0.633929	4.749881	0.531788	0.508929	4.725956
0.690188	0.827381	4.799561	0.636102	0.627976	4.733650	0.512397	0.464286	4.736247
0.642954	0.681548	4.795648	0.639940	0.678571	4.739573	0.529792	0.526786	4.730681
0.621780	0.678571	4.789037	0.553531	0.553571	4.745489	0.536367	0.511905	4.732233
0.648950	0.687500	4.795689	0.615956	0.583333	4.744263	0.489575	0.482143	4.745397
0.640009	0.645833	4.788333	0.503756	0.485119	4.735554	0.584916	0.702381	4.719199
0.699106	0.833333	4.757838	0.648483	0.714286	4.733639	0.534949	0.502976	4.699257
0.633206	0.666667	4.802417	0.623502	0.598214	4.740654	0.545739	0.574405	4.731535
0.650224	0.663690	4.790741	0.592014	0.607143	4.743648	0.614031	0.616071	4.740530
0.622346	0.639881	4.797558	0.587269	0.627976	4.745606	0.554458	0.502976	4.731378
0.642618	0.684524	4.795374	0.590856	0.583333	4.742278	0.539976	0.425595	4.735644
0.626922	0.699405	4.792220	0.626636	0.574405	4.761695	0.629205	0.630952	4.722429
0.699394	0.833333	4.782030	0.637921	0.619048	4.756370	0.617285	0.601190	4.737392
0.642157	0.693452	4.802785	0.550965	0.505952	4.751538	0.547200	0.550595	4.751355
0.652535	0.696429	4.786344	0.636381	0.687500	4.731502	0.507529	0.505952	4.754789
0.716704	0.839286	4.784873	0.701423	0.833333	4.727903	0.624754	0.607143	4.740583
0.563932	0.604167	4.792016	0.651235	0.764881	4.752132	0.552308	0.520833	4.720751
0.638912	0.666667	4.780662	0.661489	0.705357	4.736009	0.537409	0.571429	4.724393
0.602287	0.565476	4.815386	0.677242	0.782738	4.723996	0.524299	0.523810	4.749578
0.630095	0.690476	4.787470	0.618272	0.574405	4.749437	0.594205	0.592262	4.700970
0.648046	0.681548	4.846171	0.615053	0.595238	4.726713	0.625675	0.630952	4.717474
0.676815	0.821429	4.788066	0.605707	0.586310	4.740560	0.533841	0.502976	4.718508
0.567809	0.636905	4.790565	0.622540	0.577381	4.758574	0.613987	0.598214	4.731381
0.651950	0.696429	4.771605	0.615301	0.598214	4.754531	0.529536	0.514881	4.705216
0.713086	0.830357	4.776731	0.629549	0.604167	4.737457	0.534093	0.523810	4.722030
0.657296	0.770833	4.780640	0.577605	0.514881	4.737755	0.629308	0.598214	4.706651
0.707846	0.833333	4.796735	0.561285	0.580357	4.759652	0.562092	0.565476	4.734004
0.658504	0.764881	4.798492	0.632552	0.571429	4.729651	0.576061	0.556548	4.724926
0.654692	0.723214	4.756358	0.628216	0.592262	4.725937	0.527995	0.505952	4.741477
0.635866	0.729167	4.805309	0.631222	0.642857	4.739334	0.628910	0.607143	4.717446
0.730062	0.842262	4.780542	0.661923	0.779762	4.727260	0.692685	0.830357	4.718580
0.657938	0.708333	4.813688	0.636186	0.586310	4.741536	0.511576	0.476190	4.722752
0.650073	0.747024	4.781347	0.610627	0.681548	4.733520	0.501284	0.479167	4.728209
0.613612	0.741071	4.797985	0.629685	0.580357	4.736774	0.597386	0.592262	4.729820
0.693741	0.830357	4.795330	0.631180	0.601190	4.750704	0.534142	0.505952	4.722231
0.562167	0.619048	4.788948	0.600508	0.562500	4.757224	0.528711	0.494048	4.749346
0.722390	0.845238	4.776447	0.575941	0.544643	4.757078	0.627487	0.607143	4.716951
0.656201	0.705357	4.804334	0.642469	0.625000	4.729118	0.518068	0.520833	4.734028
0.649043	0.678571	4.810012	0.618781	0.589286	4.750960	0.541596	0.520833	4.735626
0.646827	0.714286	4.795245	0.614477	0.586310	4.729311	0.556915	0.508929	4.747577
0.669908	0.770833	4.785616	0.642964	0.660714	4.723598	0.529909	0.511905	4.730199
0.650173	0.696429	4.789092	0.642858	0.672619	4.724741	0.606918	0.577381	4.730713
0.660429	0.696429	4.797947	0.629612	0.607143	4.747465	0.592598	0.592262	4.726771
0.657565	0.699405	4.789052	0.660329	0.720238	4.735060	0.552496	0.541667	4.728431
0.639863	0.681548	4.805396	0.589996	0.622024	4.729863	0.677975	0.827381	4.700025
0.713049	0.839286	4.810652	0.577608	0.607143	4.765322	0.571207	0.532738	4.726033
0.656598	0.699405	4.769806	0.660631	0.711310	4.753932	0.502386	0.526786	4.723780
0.653227	0.761905	4.775471	0.634245	0.648810	4.760996	0.533329	0.520833	4.725820
delta = 0.460000, m = 50
0.704280	0.833333	4.810037	0.625873	0.672619	4.778506	0.514348	0.488095	4.760842
0.706422	0.836310	4.808545	0.617638	0.595238	4.777269	0.541160	0.511905	4.738722
0.643681	0.750000	4.801783	0.644395	0.633929	4.801661	0.533005	0.517857	4.757458
0.654676	0.684524	4.817152	0.660139	0.714286	4.776926	0.633415	0.613095	4.728275
0.662042	0.735119	4.771763	0.613394	0.625000	4.767706	0.528666	0.517857	4.751908
0.664690	0.717262	4.819634	0.628111	0.595238	4.780914	0.556743	0.529762	4.735224
0.654471	0.717262	4.823086	0.549118	0.517857	4.797521	0.514779	0.502976	4.745083
0.655285	0.767857	4.808478	0.642713	0.622024	4.763760	0.556826	0.494048	4.754277
0.661297	0.758929	4.807514	0.598967	0.636905	4.796303	0.518475	0.476190	4.753779
0.582098	0.717262	4.793157	0.655317	0.699405	4.770462	0.563614	0.517857	4.754932
0.666743	0.773810	4.794905	0.647633	0.708333	4.774265	0.534119	0.485119	4.757483
0.723106	0.842262	4.808757	0.652063	0.687500	4.787303	0.556967	0.520833	4.752581
0.656473	0.693452	4.776112	0.634973	0.672619	4.768638	0.501787	0.485119	4.750019
0.657129	0.708333	4.821557	0.661528	0.744048	4.762627	0.551284	0.571429	4.767477
0.689730	0.827381	4.766210	0.624336	0.592262	4.776121	0.640210	0.672619	4.735662
0.644044	0.663690	4.836548	0.633908	0.625000	4.788072	0.636103	0.616071	4.733872
0.713049	0.839286	4.774569	0.659395	0.750000	4.757622	0.556403	0.526786	4.765479
0.707846	0.833333	4.808567	0.653640	0.717262	4.784287	0.616185	0.636905	4.760047
0.663004	0.726190	4.779654	0.642996	0.622024	4.788103	0.587094	0.541667	4.768006
0.687178	0.830357	4.789006	0.649540	0.693452	4.778884	0.622533	0.627976	4.755555
0.654410	0.720238	4.810120	0.650571	0.711310	4.781466	0.590482	0.636905	4.754730
0.697071	0.830357	4.784563	0.675679	0.702381	4.778047	0.601475	0.604167	4.745825
0.669324	0.723214	4.812712	0.665470	0.708333	4.779780	0.508875	0.458333	4.755872
0.660981	0.717262	4.795496	0.622939	0.598214	4.784157	0.557179	0.523810	4.754005
0.641517	0.660714	4.798998	0.512643	0.526786	4.770852	0.517159	0.488095	4.758181
0.711010	0.830357	4.817018	0.664163	0.702381	4.780759	0.635866	0.633929	4.762946
0.661889	0.693452	4.810363	0.639644	0.607143	4.790115	0.522568	0.491071	4.771842
0.650381	0.720238	4.785486	0.666238	0.708333	4.688597	0.619959	0.642857	4.731853
0.664690	0.717262	4.770378	0.559487	0.559524	4.786714	0.538027	0.547619	4.751850
0.661003	0.764881	4.807264	0.606933	0.669643	4.695818	0.634079	0.636905	4.729191
0.698991	0.833333	4.784961	0.642195	0.696429	4.799025	0.573411	0.535714	4.740689
0.666119	0.729167	4.834660	0.620451	0.580357	4.685544	0.553093	0.535714	4.725397
0.654006	0.729167	4.803642	0.669169	0.708333	4.775137	0.625045	0.619048	4.750015
0.689656	0.827381	4.821824	0.603981	0.648810	4.789468	0.550134	0.517857	4.758172
0.712992	0.836310	4.797517	0.646035	0.690476	4.789366	0.524351	0.458333	4.758029
0.684761	0.827381	4.789852	0.649088	0.690476	4.780449	0.549068	0.505952	4.754366
0.653045	0.699405	4.807277	0.682573	0.824405	4.768861	0.554874	0.514881	4.774335
0.611174	0.645833	4.798040	0.605815	0.645833	4.775403	0.601111	0.583333	4.761676
0.695399	0.830357	4.778894	0.623121	0.625000	4.822019	0.581723	0.550595	4.753252
0.648026	0.693452	4.831234	0.617300	0.616071	4.786598	0.629192	0.657738	4.773627
0.663164	0.717262	4.809588	0.628474	0.604167	4.777837	0.566271	0.553571	4.756263
0.636098	0.660714	4.797126	0.609109	0.675595	4.779358	0.631252	0.627976	4.728940
0.659202	0.717262	4.810640	0.670289	0.776786	4.773735	0.625217	0.630952	4.738307
0.657855	0.705357	4.810643	0.592372	0.580357	4.776394	0.619126	0.592262	4.736263
0.622110	0.663690	4.812714	0.624275	0.571429	4.782562	0.550594	0.514881	4.762520
0.673434	0.818452	4.813173	0.634732	0.616071	4.775285	0.588652	0.553571	4.754419
0.657641	0.776786	4.798763	0.639605	0.627976	4.797457	0.626061	0.586310	4.749493
0.704280	0.833333	4.810701	0.663188	0.711310	4.802143	0.520597	0.458333	4.765160
0.677060	0.818452	4.794947	0.576183	0.517857	4.789632	0.536509	0.535714	4.766154
0.656956	0.702381	4.819399	0.685833	0.827381	4.785635	0.608745	0.580357	4.734874
delta = 0.460000, m = 55
0.647534	0.681548	4.814591	0.642602	0.663690	4.802554	0.533151	0.532738	4.712914
0.664508	0.702381	4.816668	0.621661	0.592262	4.808639	0.539606	0.520833	4.742709
0.657121	0.696429	4.815541	0.663467	0.696429	4.788973	0.621893	0.607143	4.713657
0.648695	0.684524	4.800250	0.645156	0.627976	4.788208	0.628804	0.627976	4.761074
0.714248	0.839286	4.829764	0.621156	0.577381	4.766242	0.620677	0.627976	4.719129
0.687272	0.824405	4.793047	0.699060	0.827381	4.729504	0.640191	0.666667	4.636155
0.704571	0.836310	4.863904	0.576934	0.607143	4.780583	0.511032	0.467262	4.731950
0.709723	0.839286	4.841906	0.663203	0.726190	4.750228	0.539521	0.520833	4.730869
0.587132	0.550595	4.795797	0.636152	0.660714	4.767278	0.537809	0.529762	4.723920
0.608409	0.625000	4.817332	0.561058	0.568452	4.776926	0.548933	0.523810	4.637388
0.656251	0.714286	4.802734	0.620082	0.666667	4.745485	0.562199	0.529762	4.643408
0.632055	0.684524	4.886844	0.640754	0.675595	4.766779	0.534828	0.520833	4.746504
0.702000	0.833333	4.808508	0.644794	0.636905	4.770271	0.635763	0.639881	4.623949
0.705394	0.833333	4.806194	0.659461	0.699405	4.747899	0.563293	0.532738	4.648380
0.659043	0.708333	4.861783	0.620728	0.648810	4.767336	0.581996	0.592262	4.735376
0.649270	0.702381	4.802837	0.648164	0.705357	4.765154	0.630151	0.616071	4.742438
0.638470	0.610119	4.823565	0.620899	0.592262	4.812699	0.497333	0.464286	4.648572
0.667157	0.714286	4.820169	0.640968	0.636905	4.768231	0.534197	0.500000	4.647641
0.676710	0.714286	4.878435	0.652250	0.717262	4.784754	0.570523	0.592262	4.619824
0.664508	0.702381	4.790521	0.667068	0.732143	4.753666	0.560661	0.571429	4.623835
0.647913	0.755952	4.879246	0.572421	0.553571	4.770966	0.537023	0.517857	4.728268
0.661352	0.693452	4.851952	0.604773	0.660714	4.784426	0.636527	0.625000	4.721483
0.576023	0.630952	4.859322	0.632000	0.577381	4.739992	0.610237	0.592262	4.734670
0.681086	0.714286	4.787639	0.611052	0.589286	4.788236	0.612757	0.636905	4.726623
0.610013	0.741071	4.806528	0.678873	0.824405	4.761613	0.554179	0.586310	4.629253
0.644615	0.681548	4.796933	0.635684	0.758929	4.752781	0.537287	0.517857	4.643486
0.664748	0.717262	4.877855	0.527874	0.458333	4.778809	0.556186	0.553571	4.740164
0.646759	0.663690	4.802757	0.630846	0.627976	4.726281	0.631079	0.625000	4.728142
0.658976	0.708333	4.798278	0.623453	0.592262	4.772624	0.522890	0.502976	4.762152
0.633611	0.589286	4.797365	0.621859	0.580357	4.764359	0.592963	0.627976	4.727689
0.647233	0.690476	4.810483	0.581333	0.586310	4.791701	0.507944	0.494048	4.717570
0.622406	0.642857	4.816867	0.575109	0.514881	4.780715	0.545493	0.511905	4.726711
0.662562	0.696429	4.817422	0.707255	0.836310	4.760025	0.539221	0.526786	4.737940
0.644965	0.699405	4.811896	0.635535	0.690476	4.765186	0.535075	0.544643	4.777050
0.653996	0.705357	4.789870	0.617556	0.586310	4.781605	0.529899	0.505952	4.766675
0.695373	0.830357	4.819606	0.597879	0.586310	4.766873	0.549342	0.514881	4.745554
0.659411	0.717262	4.791263	0.542678	0.517857	4.793667	0.530761	0.494048	4.794089
0.664508	0.702381	4.792586	0.663473	0.708333	4.747232	0.530072	0.514881	4.658161
0.663722	0.732143	4.865237	0.629847	0.625000	4.789307	0.558710	0.523810	4.648653
0.670714	0.723214	4.798960	0.636101	0.607143	4.766241	0.520179	0.494048	4.650613
0.703210	0.833333	4.850958	0.646959	0.663690	4.792012	0.613423	0.622024	4.608702
0.658212	0.711310	4.817427	0.656749	0.705357	4.749072	0.541536	0.514881	4.631628
0.654642	0.702381	4.881689	0.679245	0.824405	4.777281	0.558786	0.532738	4.651125
0.649595	0.690476	4.802174	0.610042	0.601190	4.769083	0.612481	0.625000	4.646505
0.673725	0.717262	4.858288	0.596689	0.568452	4.785773	0.610076	0.583333	4.748276
0.707846	0.833333	4.812020	0.619316	0.622024	4.784503	0.467744	0.473214	4.646529
0.697242	0.833333	4.794535	0.663476	0.717262	4.765376	0.537949	0.559524	4.673588
0.678140	0.720238	4.867642	0.693306	0.788690	4.781008	0.500211	0.479167	4.774680
0.668407	0.717262	4.777661	0.638343	0.699405	4.780234	0.551282	0.517857	4.713645
0.661320	0.699405	4.797714	0.682383	0.830357	4.782128	0.654282	0.684524	4.731542
delta = 0.460000, m = 60
0.640328	0.684524	4.813828	0.547877	0.541667	4.785099	0.561092	0.538690	4.753051
0.699857	0.830357	4.838290	0.622136	0.610119	4.761013	0.601859	0.580357	4.746521
0.682731	0.824405	4.874032	0.623101	0.711310	4.750283	0.525600	0.550595	4.746844
0.673020	0.723214	4.823569	0.647766	0.729167	4.731972	0.497772	0.491071	4.782385
0.699089	0.833333	4.832478	0.632819	0.693452	4.754252	0.549526	0.556548	4.752826
0.656218	0.747024	4.843552	0.627198	0.630952	4.792212	0.532594	0.508929	4.797356
0.707846	0.833333	4.833785	0.629398	0.639881	4.739379	0.599026	0.616071	4.742643
0.692030	0.830357	4.845213	0.616629	0.580357	4.744224	0.502829	0.523810	4.732791
0.669272	0.720238	4.849616	0.623454	0.660714	4.779071	0.599002	0.580357	4.770327
0.657922	0.690476	4.885832	0.654120	0.702381	4.737686	0.628006	0.627976	4.745187
0.707846	0.833333	4.842035	0.665328	0.711310	4.685878	0.527590	0.505952	4.786326
0.658753	0.752976	4.836713	0.616944	0.610119	4.752103	0.492189	0.482143	4.744629
0.711722	0.839286	4.832166	0.607331	0.669643	4.738777	0.596159	0.604167	4.733835
0.712992	0.836310	4.846097	0.656944	0.714286	4.739744	0.648489	0.663690	4.722322
0.724360	0.845238	4.826041	0.617963	0.672619	4.783143	0.545451	0.514881	4.752819
0.674591	0.717262	4.836529	0.619816	0.550595	4.758388	0.561613	0.562500	4.727404
0.624615	0.657738	4.825130	0.635081	0.601190	4.743563	0.630036	0.619048	4.753567
0.683324	0.824405	4.860988	0.611308	0.571429	4.768940	0.535036	0.514881	4.771253
0.672763	0.738095	4.865340	0.665213	0.705357	4.762893	0.542762	0.541667	4.781707
0.665051	0.717262	4.838535	0.621523	0.595238	4.763230	0.541913	0.529762	4.758840
0.664567	0.708333	4.844430	0.620666	0.654762	4.663064	0.508645	0.505952	4.747298
0.702000	0.833333	4.857039	0.588995	0.636905	4.747666	0.544524	0.526786	4.753919
0.653184	0.699405	4.878908	0.650446	0.779762	4.770878	0.546608	0.529762	4.759798
0.699857	0.830357	4.829867	0.613101	0.616071	4.743324	0.542105	0.538690	4.745194
0.667571	0.714286	4.829101	0.633153	0.625000	4.758376	0.545393	0.526786	4.729313
0.707846	0.833333	4.827399	0.575317	0.571429	4.759857	0.565284	0.514881	4.774628
0.654658	0.705357	4.816987	0.645465	0.702381	4.728952	0.494657	0.473214	4.788389
0.653318	0.687500	4.855212	0.640997	0.648810	4.731923	0.572682	0.630952	4.771546
0.657114	0.705357	4.863169	0.627687	0.645833	4.759320	0.635909	0.657738	4.735215
0.632761	0.672619	4.829358	0.581185	0.547619	4.674051	0.622561	0.636905	4.727022
0.674525	0.726190	4.839453	0.659847	0.717262	4.795993	0.629810	0.627976	4.773802
0.707053	0.836310	4.839302	0.552820	0.556548	4.785755	0.594010	0.574405	4.771911
0.655272	0.708333	4.851777	0.665250	0.711310	4.782197	0.667891	0.702381	4.778943
0.700457	0.833333	4.833668	0.674991	0.773810	4.777732	0.654976	0.681548	4.710649
0.716454	0.839286	4.852089	0.603131	0.589286	4.692839	0.672338	0.735119	4.732855
0.709103	0.836310	4.820903	0.633710	0.616071	4.774677	0.644274	0.669643	4.749700
0.704280	0.833333	4.862933	0.662388	0.690476	4.751504	0.600253	0.574405	4.768025
0.637691	0.660714	4.851758	0.691425	0.830357	4.772178	0.506859	0.497024	4.767969
0.665748	0.720238	4.828003	0.663300	0.702381	4.744498	0.650488	0.696429	4.764868
0.700457	0.833333	4.802584	0.685041	0.788690	4.725021	0.527269	0.505952	4.748730
0.661681	0.779762	4.832104	0.642499	0.684524	4.767916	0.622325	0.598214	4.756004
0.668110	0.767857	4.834527	0.650165	0.702381	4.783711	0.607509	0.592262	4.731306
0.682731	0.824405	4.858343	0.657159	0.779762	4.754304	0.563071	0.547619	4.755485
0.681021	0.803571	4.839689	0.639249	0.625000	4.758475	0.507187	0.491071	4.741601
0.629444	0.598214	4.864277	0.626195	0.666667	4.855205	0.550647	0.535714	4.785321
0.684769	0.824405	4.912452	0.638392	0.648810	4.839789	0.560167	0.520833	4.772674
0.661917	0.720238	4.838049	0.590823	0.622024	4.840294	0.512963	0.505952	4.773449
0.709103	0.836310	4.882758	0.689120	0.830357	4.761595	0.547156	0.535714	4.759534
0.670332	0.693452	4.836186	0.560524	0.553571	4.825350	0.617370	0.589286	4.738287
0.683474	0.821429	4.898856	0.617811	0.616071	4.850253	0.606336	0.589286	4.767484
delta = 0.460000, m = 65
0.624331	0.660714	4.860825	0.629582	0.598214	4.881977	0.582472	0.592262	4.777352
0.709103	0.836310	4.868867	0.636576	0.702381	4.782304	0.629050	0.616071	4.761327
0.637919	0.690476	4.833878	0.639975	0.657738	4.858251	0.594130	0.589286	4.755248
0.654831	0.693452	4.876507	0.670870	0.711310	4.877193	0.546463	0.526786	4.822202
0.717710	0.842262	4.873602	0.613052	0.636905	4.774632	0.556104	0.520833	4.777429
0.651117	0.705357	4.832875	0.625217	0.714286	4.794059	0.547619	0.535714	4.810835
0.697194	0.827381	4.814605	0.673229	0.702381	4.793374	0.613546	0.633929	4.768359
0.634497	0.577381	4.896946	0.653296	0.708333	4.844832	0.608866	0.610119	4.763611
0.690584	0.827381	4.862641	0.631262	0.696429	4.804966	0.562916	0.547619	4.798056
0.662695	0.702381	4.841440	0.662661	0.767857	4.723273	0.561484	0.571429	4.819395
0.681247	0.824405	4.809923	0.668374	0.714286	4.799409	0.580256	0.577381	4.795371
0.696010	0.827381	4.854289	0.684431	0.747024	4.787311	0.521580	0.497024	4.804121
0.688995	0.827381	4.875135	0.614880	0.598214	4.767020	0.551175	0.520833	4.774966
0.665689	0.708333	4.895657	0.605162	0.675595	4.765314	0.655160	0.714286	4.785104
0.704485	0.836310	4.884488	0.623384	0.663690	4.789088	0.530703	0.502976	4.757330
0.669178	0.717262	4.836096	0.638077	0.660714	4.871066	0.502165	0.497024	4.788610
0.669272	0.720238	4.833833	0.607176	0.613095	4.888337	0.648415	0.669643	4.764761
0.694131	0.788690	4.850257	0.622790	0.610119	4.814211	0.638038	0.666667	4.767953
0.595796	0.735119	4.830502	0.620443	0.592262	4.829425	0.630175	0.625000	4.774361
0.629335	0.592262	4.896151	0.635128	0.583333	4.818995	0.521188	0.502976	4.813057
0.671163	0.708333	4.807897	0.665863	0.773810	4.753175	0.616095	0.642857	4.795142
0.626221	0.654762	4.866384	0.618318	0.666667	4.773078	0.634418	0.636905	4.820614
0.662064	0.708333	4.880782	0.623428	0.595238	4.790685	0.512289	0.470238	4.859244
0.677945	0.738095	4.865181	0.562085	0.541667	4.797922	0.632867	0.633929	4.765532
0.632239	0.663690	4.839397	0.619808	0.601190	4.776479	0.655762	0.699405	4.755228
0.648402	0.744048	4.837060	0.633182	0.666667	4.730143	0.615837	0.616071	4.744486
0.643545	0.666667	4.830417	0.622824	0.622024	4.790923	0.544123	0.523810	4.784400
0.699089	0.833333	4.809845	0.625397	0.654762	4.755774	0.548680	0.517857	4.765221
0.664508	0.702381	4.846649	0.625880	0.595238	4.791766	0.620906	0.625000	4.787355
0.665078	0.708333	4.842072	0.645497	0.630952	4.782820	0.600567	0.607143	4.863112
0.643655	0.693452	4.869247	0.582981	0.565476	4.709985	0.514427	0.485119	4.808689
0.664508	0.702381	4.813431	0.642084	0.699405	4.761370	0.586810	0.625000	4.809866
0.650369	0.699405	4.861981	0.616938	0.675595	4.805870	0.623031	0.577381	4.771156
0.697267	0.830357	4.863324	0.612346	0.669643	4.756191	0.611644	0.589286	4.796483
0.672489	0.714286	4.882312	0.626599	0.627976	4.780692	0.533808	0.514881	4.762423
0.662562	0.696429	4.843295	0.638072	0.657738	4.745926	0.508675	0.497024	4.779407
0.676742	0.714286	4.846656	0.652444	0.651786	4.794200	0.626160	0.633929	4.783736
0.665985	0.708333	4.807136	0.629370	0.595238	4.758256	0.567500	0.565476	4.799840
0.691785	0.830357	4.843347	0.632856	0.589286	4.795544	0.602695	0.610119	4.757139
0.664126	0.693452	4.836345	0.626784	0.595238	4.760770	0.566969	0.589286	4.779004
0.631036	0.693452	4.808299	0.702443	0.827381	4.754228	0.538817	0.532738	4.765716
0.680048	0.821429	4.830355	0.637443	0.651786	4.784973	0.504888	0.470238	4.776821
0.701116	0.833333	4.762944	0.636442	0.675595	4.820857	0.706088	0.836310	4.752871
0.647912	0.705357	4.846529	0.630497	0.625000	4.847004	0.637397	0.672619	4.752759
0.658725	0.705357	4.855918	0.582510	0.601190	4.833734	0.625705	0.622024	4.771358
0.664622	0.776786	4.869912	0.661054	0.705357	4.804927	0.574232	0.586310	4.804562
0.692030	0.830357	4.795783	0.675252	0.824405	4.826283	0.624977	0.627976	4.784950
0.669821	0.711310	4.855606	0.660304	0.714286	4.763898	0.543777	0.541667	4.848388
0.699089	0.833333	4.807016	0.625136	0.595238	4.801895	0.562509	0.556548	4.789046
0.646426	0.699405	4.892637	0.642413	0.616071	4.786816	0.635843	0.619048	4.774518
delta = 0.460000, m = 70
0.656624	0.696429	4.853145	0.686656	0.827381	4.820192	0.592141	0.565476	4.780764
0.663692	0.735119	4.838309	0.652714	0.687500	4.806759	0.551283	0.526786	4.799120
0.663081	0.711310	4.852470	0.632019	0.708333	4.779843	0.520225	0.482143	4.828876
0.677294	0.714286	4.845944	0.613095	0.663690	4.842535	0.546180	0.523810	4.812376
0.707846	0.833333	4.929493	0.661859	0.705357	4.807526	0.526059	0.491071	4.797034
0.695807	0.830357	4.899626	0.654996	0.714286	4.776703	0.623097	0.616071	4.779304
0.659478	0.708333	4.834955	0.647056	0.642857	4.892100	0.580179	0.601190	4.804520
0.577955	0.550595	4.847470	0.661993	0.693452	4.813070	0.536412	0.526786	4.783160
0.656177	0.770833	4.852696	0.604111	0.660714	4.813421	0.604555	0.666667	4.798970
0.665551	0.711310	4.855495	0.637029	0.619048	4.817826	0.616591	0.622024	4.823359
0.647651	0.690476	4.880900	0.676762	0.767857	4.819854	0.545298	0.529762	4.798053
0.665641	0.714286	4.870732	0.599625	0.645833	4.824516	0.535429	0.502976	4.814643
0.644288	0.669643	4.882887	0.564284	0.580357	4.827625	0.506921	0.467262	4.814720
0.660581	0.708333	4.872298	0.641680	0.625000	4.838327	0.658305	0.726190	4.803939
0.695807	0.830357	4.870400	0.628541	0.595238	4.817355	0.610527	0.586310	4.811236
0.597290	0.601190	4.911474	0.624214	0.595238	4.856860	0.549544	0.526786	4.810586
0.650239	0.693452	4.861365	0.655285	0.687500	4.838981	0.537904	0.523810	4.801962
0.657368	0.770833	4.838916	0.635784	0.639881	4.828040	0.558365	0.532738	4.803633
0.665233	0.705357	4.877413	0.642230	0.684524	4.813659	0.552426	0.517857	4.790018
0.649116	0.738095	4.836708	0.649860	0.633929	4.819934	0.618090	0.580357	4.801390
0.709103	0.836310	4.910593	0.586493	0.642857	4.813923	0.592389	0.586310	4.804561
0.638933	0.687500	4.876060	0.654262	0.723214	4.816083	0.578856	0.556548	4.820511
0.678291	0.738095	4.830350	0.578902	0.586310	4.828045	0.628238	0.625000	4.794629
0.655380	0.693452	4.829044	0.680252	0.717262	4.814048	0.538557	0.556548	4.802531
0.662562	0.696429	4.861908	0.627868	0.639881	4.814736	0.570822	0.571429	4.800559
0.637422	0.747024	4.899087	0.645213	0.639881	4.820089	0.636076	0.666667	4.785512
0.695807	0.830357	4.897916	0.674097	0.714286	4.838132	0.560362	0.559524	4.804399
0.658948	0.693452	4.887226	0.680375	0.735119	4.838304	0.630384	0.625000	4.808583
0.665802	0.711310	4.869866	0.615773	0.598214	4.804877	0.535530	0.532738	4.798468
0.699089	0.833333	4.870052	0.701393	0.833333	4.816989	0.557281	0.532738	4.806004
0.569945	0.541667	4.877512	0.669502	0.711310	4.804383	0.585752	0.619048	4.815896
0.664126	0.693452	4.858452	0.620320	0.601190	4.834444	0.606588	0.613095	4.786424
0.692030	0.830357	4.870720	0.601017	0.547619	4.809813	0.648330	0.729167	4.804853
0.651892	0.708333	4.861102	0.665213	0.705357	4.819676	0.545589	0.523810	4.813081
0.697860	0.830357	4.884907	0.581144	0.577381	4.821907	0.613602	0.622024	4.805970
0.676033	0.711310	4.877442	0.646622	0.705357	4.811154	0.627067	0.648810	4.784633
0.668407	0.717262	4.867888	0.637311	0.633929	4.822692	0.634345	0.678571	4.803492
0.656333	0.702381	4.888398	0.669954	0.714286	4.824043	0.606146	0.610119	4.802278
0.685833	0.827381	4.854468	0.664338	0.782738	4.800856	0.484321	0.479167	4.814860
0.665233	0.705357	4.887170	0.635302	0.690476	4.820492	0.555082	0.535714	4.790391
0.673848	0.821429	4.882985	0.624737	0.595238	4.815652	0.637492	0.633929	4.781684
0.702381	0.836310	4.866995	0.607306	0.651786	4.834871	0.621508	0.672619	4.814065
0.647601	0.684524	4.911790	0.660325	0.779762	4.839319	0.508324	0.535714	4.824551
0.694547	0.827381	4.867512	0.609457	0.571429	4.830983	0.538913	0.511905	4.774733
0.638807	0.681548	4.834074	0.605051	0.565476	4.834253	0.613615	0.610119	4.800443
0.690887	0.830357	4.873216	0.638198	0.660714	4.824984	0.613518	0.589286	4.834608
0.687318	0.827381	4.907062	0.633861	0.619048	4.814524	0.551622	0.511905	4.808913
0.634263	0.657738	4.876609	0.641914	0.684524	4.820146	0.536463	0.514881	4.801678
0.655350	0.690476	4.910322	0.641799	0.690476	4.821793	0.550520	0.514881	4.812023
0.709103	0.836310	4.867135	0.660782	0.702381	4.821082	0.559685	0.538690	4.806355
delta = 0.460000, m = 75
0.695807	0.830357	4.951495	0.657834	0.711310	4.846018	0.682427	0.827381	4.768614
0.684601	0.824405	4.969573	0.673645	0.717262	4.887809	0.602513	0.607143	4.789211
0.655289	0.711310	4.931325	0.625843	0.598214	4.886884	0.625057	0.595238	4.793466
0.673503	0.720238	4.942343	0.619707	0.616071	4.782807	0.590458	0.607143	4.785478
0.621504	0.633929	4.930561	0.640622	0.672619	4.902471	0.577014	0.565476	4.795805
0.662562	0.696429	4.929849	0.651835	0.690476	4.825274	0.635748	0.622024	4.779764
0.650195	0.764881	4.915721	0.618204	0.642857	4.825438	0.706088	0.836310	4.822277
0.657854	0.696429	4.908817	0.659942	0.732143	4.803543	0.631139	0.642857	4.786421
0.634352	0.744048	4.909066	0.674527	0.708333	4.834513	0.555109	0.523810	4.797293
0.629952	0.684524	4.975965	0.655000	0.729167	4.845030	0.528777	0.488095	4.839338
0.706225	0.836310	4.914899	0.674273	0.699405	4.881770	0.620866	0.648810	4.788784
0.654217	0.696429	4.974942	0.587189	0.562500	4.828963	0.673382	0.821429	4.711400
0.579970	0.636905	4.930037	0.628823	0.595238	4.942727	0.649460	0.669643	4.778989
0.662739	0.711310	4.881078	0.648910	0.696429	4.896594	0.644903	0.675595	4.793574
0.684761	0.827381	4.914946	0.672839	0.821429	4.818885	0.589306	0.622024	4.802896
0.680068	0.824405	4.916127	0.647201	0.702381	4.842039	0.587816	0.544643	4.815605
0.660364	0.755952	4.961560	0.688500	0.827381	4.837703	0.519272	0.485119	4.837967
0.665233	0.705357	4.916296	0.660612	0.773810	4.859754	0.619140	0.622024	4.765424
0.613515	0.636905	4.954790	0.669272	0.714286	4.807340	0.512319	0.497024	4.774824
0.645912	0.693452	5.021037	0.672002	0.723214	4.881064	0.539483	0.479167	4.774421
0.676479	0.732143	4.908029	0.634068	0.601190	4.982300	0.633908	0.625000	4.772318
0.607567	0.550595	4.973268	0.691011	0.830357	4.889126	0.498083	0.464286	4.787027
0.655010	0.717262	4.927689	0.628040	0.586310	4.837827	0.467493	0.452381	4.818936
0.659568	0.708333	4.908369	0.642379	0.714286	4.896807	0.698884	0.833333	4.769069
0.623942	0.589286	4.936604	0.666903	0.714286	4.824570	0.554460	0.541667	4.796788
0.663136	0.696429	4.959685	0.645264	0.705357	4.905032	0.589169	0.535714	4.761311
0.681099	0.824405	4.902508	0.619020	0.613095	4.814270	0.615312	0.601190	4.777898
0.646490	0.699405	4.910410	0.672531	0.702381	4.843233	0.542890	0.562500	4.823160
0.658764	0.729167	4.928294	0.611127	0.583333	4.803438	0.566647	0.613095	4.798125
0.674489	0.770833	4.907733	0.661786	0.720238	4.938600	0.676797	0.821429	4.748376
0.685833	0.827381	4.894431	0.666403	0.699405	4.917058	0.629279	0.630952	4.800578
0.663136	0.696429	4.930858	0.663746	0.705357	4.963429	0.550964	0.592262	4.778145
0.659478	0.708333	4.953713	0.641474	0.627976	4.844185	0.556235	0.526786	4.802289
0.652608	0.708333	4.907225	0.670929	0.735119	4.788150	0.577533	0.559524	4.781119
0.661889	0.693452	4.882481	0.640018	0.660714	4.736418	0.527794	0.491071	4.672749
0.663810	0.699405	4.962381	0.633370	0.639881	4.804301	0.629740	0.690476	4.868495
0.672077	0.738095	4.908682	0.621625	0.607143	4.790141	0.563355	0.529762	4.811890
0.656798	0.738095	4.939309	0.586014	0.607143	4.835155	0.522230	0.488095	4.835848
0.649648	0.699405	4.913389	0.638518	0.666667	4.766357	0.555844	0.511905	4.790604
0.697267	0.830357	4.917967	0.653377	0.702381	4.838939	0.638356	0.660714	4.812328
0.690584	0.827381	4.904896	0.649676	0.702381	4.865139	0.703659	0.833333	4.764025
0.658107	0.773810	4.935161	0.670847	0.714286	4.823824	0.538044	0.520833	4.786222
0.670505	0.723214	4.969151	0.676709	0.764881	4.797563	0.604602	0.580357	4.907181
0.656566	0.705357	4.897919	0.634954	0.648810	4.810706	0.562994	0.535714	4.817746
0.691785	0.830357	4.914268	0.611526	0.657738	4.904968	0.631023	0.619048	4.792735
0.652608	0.708333	4.918797	0.668812	0.708333	4.828248	0.547355	0.523810	4.753970
0.663810	0.699405	4.919907	0.616960	0.595238	4.881294	0.528114	0.514881	4.797332
0.691785	0.830357	4.905651	0.673374	0.717262	4.811392	0.673829	0.821429	4.783243
0.663136	0.696429	4.927719	0.636124	0.625000	4.826463	0.513198	0.502976	4.828335
0.650239	0.693452	4.913039	0.644181	0.702381	4.898245	0.537105	0.526786	4.800867
delta = 0.460000, m = 80
0.678563	0.824405	5.033593	0.679754	0.824405	4.889024	0.632256	0.627976	4.819374
0.699089	0.833333	4.978461	0.637048	0.690476	4.894189	0.519987	0.467262	4.877489
0.709103	0.836310	4.952853	0.664975	0.729167	4.876663	0.629380	0.625000	4.805959
0.634402	0.690476	4.981447	0.608513	0.651786	4.915152	0.628353	0.627976	4.837408
0.685833	0.827381	4.981936	0.672724	0.714286	4.888361	0.502561	0.488095	4.828560
0.663136	0.696429	4.996730	0.629388	0.598214	4.880900	0.550978	0.520833	4.851315
0.685833	0.827381	4.950462	0.655098	0.702381	4.896414	0.638339	0.622024	4.794189
0.669272	0.720238	5.012836	0.695066	0.836310	4.886536	0.630036	0.619048	4.867317
0.618321	0.675595	4.953600	0.619983	0.616071	4.922648	0.577695	0.532738	4.830231
0.657854	0.696429	5.007882	0.645846	0.711310	4.916946	0.669689	0.821429	4.844854
0.664827	0.708333	4.959904	0.603829	0.604167	4.923411	0.644809	0.684524	4.812274
0.699089	0.833333	4.963290	0.652412	0.714286	4.900369	0.578299	0.565476	4.855923
0.655755	0.696429	4.944785	0.653682	0.776786	4.908574	0.607678	0.642857	4.800726
0.695807	0.830357	4.974705	0.600938	0.565476	4.903060	0.525939	0.476190	4.881068
0.655105	0.693452	4.981584	0.652314	0.708333	4.888459	0.573941	0.616071	4.797022
0.642600	0.681548	5.003871	0.607124	0.577381	4.903056	0.577071	0.494048	4.868549
0.663437	0.711310	4.952421	0.659543	0.717262	4.914666	0.556516	0.520833	4.825969
0.662943	0.717262	4.996933	0.586380	0.589286	4.921017	0.534837	0.488095	4.871217
0.709103	0.836310	4.931829	0.599181	0.627976	4.893487	0.691052	0.827381	4.778664
0.674454	0.711310	5.009591	0.628917	0.696429	4.866316	0.640142	0.690476	4.795024
0.687318	0.827381	4.960619	0.619116	0.639881	4.881451	0.512042	0.458333	4.831306
0.691785	0.830357	4.994317	0.645364	0.723214	4.893321	0.556335	0.541667	4.853652
0.709103	0.836310	4.959050	0.659134	0.705357	4.895054	0.565880	0.589286	4.806444
0.668407	0.717262	4.996972	0.679821	0.714286	4.908634	0.611295	0.577381	4.864761
0.663136	0.696429	4.948133	0.654540	0.723214	4.882379	0.632256	0.627976	4.848345
0.672801	0.717262	4.991024	0.637086	0.678571	4.887728	0.623807	0.625000	4.853145
0.685833	0.827381	4.987711	0.588237	0.601190	4.923108	0.636618	0.666667	4.825702
0.656429	0.699405	4.997398	0.640173	0.702381	4.875870	0.623418	0.651786	4.850603
0.699089	0.833333	4.988504	0.645122	0.675595	4.898228	0.630750	0.660714	4.824041
0.678563	0.824405	4.983347	0.639834	0.690476	4.882819	0.608898	0.610119	4.861336
0.645057	0.672619	4.949837	0.669845	0.785714	4.871948	0.605961	0.610119	4.815203
0.653591	0.747024	4.978573	0.639143	0.627976	4.898603	0.524589	0.514881	4.861725
0.657270	0.714286	4.969643	0.581683	0.595238	4.913772	0.630076	0.645833	4.827492
0.644773	0.687500	4.988260	0.723825	0.830357	4.882214	0.546996	0.514881	4.852140
0.662845	0.773810	4.957738	0.663844	0.776786	4.884033	0.563872	0.565476	4.820464
0.667157	0.714286	4.994918	0.634963	0.622024	4.914224	0.556612	0.526786	4.867268
0.643009	0.666667	4.989399	0.649571	0.687500	4.929727	0.589167	0.604167	4.824781
0.649648	0.699405	4.995782	0.668575	0.711310	4.901624	0.630175	0.627976	4.839391
0.661889	0.693452	4.946784	0.662239	0.729167	4.890420	0.628712	0.616071	4.798171
0.656049	0.696429	4.993531	0.668120	0.708333	4.895330	0.631237	0.633929	4.855855
0.663136	0.696429	4.974307	0.645041	0.663690	4.932854	0.538048	0.470238	4.835723
0.657337	0.770833	4.971192	0.633710	0.616071	4.898209	0.614919	0.622024	4.839990
0.687001	0.827381	4.890989	0.666845	0.708333	4.874189	0.627383	0.625000	4.811200
0.657855	0.705357	5.000748	0.628040	0.592262	4.905514	0.629177	0.660714	4.831465
0.648283	0.693452	4.971730	0.635895	0.627976	4.914388	0.633396	0.645833	4.823505
0.650164	0.747024	4.961985	0.662038	0.708333	4.897194	0.551376	0.538690	4.860429
0.640689	0.627976	5.022732	0.566692	0.613095	4.871173	0.556130	0.544643	4.824078
0.639020	0.678571	4.988901	0.589530	0.630952	4.912212	0.497966	0.479167	4.813591
0.624617	0.660714	4.880634	0.625947	0.592262	4.876819	0.635889	0.663690	4.811842
0.656045	0.696429	4.963223	0.650329	0.705357	4.871296	0.555703	0.520833	4.815085
delta = 0.460000, m = 85
0.685833	0.827381	5.013482	0.643271	0.648810	4.925583	0.552796	0.514881	4.829531
0.654013	0.702381	5.017866	0.666717	0.764881	4.900054	0.537496	0.517857	4.831097
0.643300	0.690476	5.004131	0.647691	0.672619	4.979675	0.647438	0.696429	4.814075
0.691785	0.830357	4.974118	0.661843	0.699405	4.945518	0.554486	0.550595	4.840959
0.675110	0.714286	5.042582	0.681613	0.824405	4.911932	0.551761	0.544643	4.829503
0.661241	0.690476	4.957478	0.650854	0.690476	4.914785	0.552611	0.520833	4.741863
0.699089	0.833333	5.039672	0.619534	0.696429	4.963503	0.624100	0.625000	4.836834
0.676500	0.720238	5.029843	0.650688	0.720238	4.795464	0.687948	0.827381	4.810340
0.655262	0.705357	4.995483	0.671656	0.711310	4.896676	0.624916	0.660714	4.834736
0.685833	0.827381	5.026163	0.635281	0.666667	4.767458	0.630423	0.645833	4.838821
0.673848	0.821429	5.003227	0.647458	0.687500	4.973694	0.623599	0.625000	4.866115
0.663136	0.696429	4.997392	0.578199	0.547619	4.823626	0.538763	0.517857	4.856137
0.670177	0.711310	5.028524	0.667624	0.705357	4.773376	0.587911	0.553571	4.826817
0.645793	0.696429	5.000298	0.641271	0.770833	4.922632	0.659512	0.723214	4.830651
0.694547	0.827381	5.034048	0.619568	0.693452	4.808137	0.637414	0.672619	4.831437
0.662652	0.708333	5.039400	0.629571	0.669643	4.819903	0.625705	0.622024	4.834474
0.651892	0.708333	5.051763	0.648066	0.696429	4.776932	0.527435	0.520833	4.854256
0.709103	0.836310	5.025524	0.676759	0.788690	4.890009	0.627723	0.616071	4.816814
0.656429	0.699405	5.040972	0.626859	0.622024	4.899519	0.550816	0.517857	4.772613
0.663840	0.720238	5.034297	0.656167	0.699405	4.903108	0.610087	0.613095	4.754218
0.691785	0.830357	5.049171	0.618121	0.565476	4.817671	0.589106	0.541667	4.850680
0.626736	0.684524	5.038134	0.614355	0.630952	4.800750	0.617392	0.645833	4.862304
0.664851	0.770833	5.036423	0.618574	0.571429	4.972343	0.641620	0.672619	4.832812
0.675952	0.729167	5.039456	0.597253	0.616071	4.809763	0.584934	0.625000	4.828651
0.709103	0.836310	5.035531	0.646336	0.693452	4.820041	0.588775	0.595238	4.847935
0.664508	0.702381	4.989803	0.613852	0.595238	4.955238	0.620906	0.625000	4.858452
0.641493	0.696429	5.010153	0.632408	0.625000	5.053776	0.597462	0.651786	4.825054
0.626297	0.669643	5.013716	0.663404	0.720238	4.774797	0.585180	0.556548	4.827054
0.660469	0.717262	5.024933	0.585437	0.559524	4.772721	0.686427	0.827381	4.810299
0.666764	0.711310	5.046391	0.644587	0.708333	4.791625	0.644399	0.648810	4.841279
0.664508	0.702381	5.048796	0.570481	0.550595	4.809514	0.668404	0.818452	4.822507
0.677360	0.821429	5.016915	0.652834	0.690476	4.862558	0.636527	0.625000	4.821115
0.691785	0.830357	5.032216	0.647027	0.636905	4.754004	0.618652	0.610119	4.849796
0.678563	0.824405	5.024807	0.635400	0.699405	4.826175	0.652630	0.675595	4.846045
0.695807	0.830357	5.022639	0.618333	0.607143	4.985205	0.553542	0.511905	4.845841
0.639503	0.687500	4.984028	0.635389	0.675595	4.899898	0.620818	0.660714	4.838703
0.687318	0.827381	5.024795	0.634871	0.660714	4.787134	0.608234	0.610119	4.824873
0.691785	0.830357	4.980768	0.640488	0.681548	4.930386	0.509273	0.508929	4.860575
0.653431	0.779762	4.984607	0.638433	0.625000	4.873483	0.632473	0.625000	4.787293
0.662488	0.693452	5.049810	0.634164	0.622024	4.829159	0.639626	0.663690	4.826283
0.691785	0.830357	5.008769	0.686125	0.827381	4.811786	0.628006	0.627976	4.834221
0.655755	0.696429	5.054336	0.619355	0.586310	4.758247	0.608387	0.607143	4.833653
0.691785	0.830357	5.034668	0.602583	0.630952	4.783271	0.559042	0.547619	4.840254
0.699089	0.833333	4.991908	0.575904	0.625000	4.974885	0.550365	0.511905	4.855964
0.685833	0.827381	5.023978	0.663374	0.779762	4.778211	0.686339	0.827381	4.826909
0.650603	0.750000	5.005861	0.654249	0.717262	4.797522	0.606271	0.571429	4.826174
0.658392	0.705357	4.994226	0.634714	0.627976	4.987189	0.616833	0.604167	4.826494
0.672684	0.717262	5.043962	0.642952	0.687500	4.797400	0.582770	0.541667	4.849386
0.699089	0.833333	5.004295	0.644865	0.642857	4.945058	0.597266	0.642857	4.854294
0.709103	0.836310	5.034495	0.642559	0.657738	4.914046	0.631073	0.633929	4.814608
delta = 0.460000, m = 90
0.685833	0.827381	5.033556	0.646237	0.636905	5.030981	0.529651	0.508929	4.878072
0.664508	0.702381	4.819990	0.635113	0.598214	4.983281	0.548279	0.511905	4.846946
0.678563	0.824405	4.937626	0.537955	0.494048	4.964406	0.572327	0.583333	4.853702
0.663136	0.696429	5.126068	0.663101	0.717262	4.947423	0.683088	0.827381	4.859003
0.635068	0.580357	4.836348	0.675207	0.767857	4.902395	0.604555	0.636905	4.754972
0.644658	0.696429	5.019059	0.664268	0.711310	4.994119	0.613040	0.660714	4.872867
0.695807	0.830357	4.782855	0.643599	0.648810	4.985971	0.618894	0.625000	4.834579
0.685833	0.827381	5.022986	0.709038	0.839286	4.781074	0.562910	0.550595	4.850891
0.664851	0.770833	4.882007	0.661751	0.720238	4.947885	0.531728	0.562500	4.860684
0.633364	0.595238	4.867282	0.657319	0.726190	4.957671	0.536553	0.571429	4.851056
0.661035	0.717262	4.997149	0.641984	0.717262	4.978833	0.636136	0.633929	4.821234
0.595754	0.580357	5.052548	0.638031	0.750000	4.967551	0.675398	0.824405	4.819736
0.662562	0.696429	4.883286	0.652040	0.699405	4.931900	0.624964	0.622024	4.863191
0.695807	0.830357	4.793554	0.607950	0.636905	4.928421	0.572868	0.562500	4.836093
0.685833	0.827381	4.995336	0.579884	0.648810	4.810074	0.637701	0.633929	4.849477
0.667640	0.711310	4.809464	0.644772	0.675595	4.935663	0.574438	0.550595	4.869800
0.646739	0.705357	5.034363	0.561487	0.574405	4.974385	0.609434	0.613095	4.801855
0.684601	0.824405	5.023145	0.676312	0.764881	4.982529	0.546742	0.544643	4.833606
0.672684	0.717262	4.892728	0.628231	0.636905	4.953897	0.627383	0.625000	4.853937
0.619768	0.675595	4.816757	0.660118	0.729167	4.930308	0.627936	0.598214	4.825250
0.662895	0.735119	5.043252	0.617497	0.616071	4.947724	0.593245	0.568452	4.854753
0.648516	0.711310	5.016498	0.657737	0.761905	4.957236	0.618805	0.678571	4.917552
0.659818	0.714286	5.066513	0.633924	0.625000	4.977180	0.635146	0.732143	4.851587
0.684601	0.824405	4.858647	0.613659	0.639881	4.943212	0.664351	0.815476	4.823668
0.661854	0.723214	5.036645	0.657484	0.711310	4.998381	0.599522	0.562500	4.822628
0.682637	0.824405	5.050748	0.672329	0.717262	4.935448	0.663962	0.720238	4.799681
0.642658	0.687500	5.044172	0.664397	0.717262	4.949707	0.628902	0.639881	4.811888
0.685833	0.827381	5.031043	0.586419	0.574405	4.970809	0.659293	0.732143	4.802096
0.651742	0.708333	5.071256	0.628768	0.693452	4.951542	0.605895	0.627976	4.793591
0.627004	0.672619	5.043129	0.595562	0.592262	4.981344	0.614919	0.622024	4.823048
0.656429	0.699405	4.832172	0.632579	0.619048	4.988747	0.637845	0.639881	4.852714
0.661889	0.693452	4.829299	0.669944	0.732143	4.985561	0.698042	0.833333	4.802197
0.695807	0.830357	5.011307	0.649962	0.711310	4.951517	0.632074	0.633929	4.820486
0.662003	0.705357	5.041213	0.608001	0.660714	4.955798	0.556891	0.550595	4.805767
0.660540	0.711310	5.031849	0.626580	0.601190	4.958262	0.636463	0.663690	4.808976
0.691124	0.830357	5.003614	0.644079	0.699405	4.960126	0.564591	0.500000	4.798168
0.647582	0.773810	5.022096	0.696465	0.794643	4.794530	0.627268	0.630952	4.834698
0.675110	0.714286	4.834179	0.666949	0.720238	4.949680	0.680893	0.788690	4.872440
0.666213	0.773810	4.858985	0.589849	0.642857	4.955393	0.706088	0.836310	4.808832
0.701116	0.833333	5.059977	0.672505	0.726190	4.951497	0.661001	0.705357	4.778781
0.648283	0.693452	5.030921	0.671243	0.714286	4.937958	0.481350	0.440476	4.819703
0.671009	0.732143	5.089750	0.685442	0.824405	4.809692	0.529871	0.502976	4.868019
0.691124	0.830357	4.854218	0.631251	0.619048	5.002888	0.578057	0.547619	4.887162
0.709103	0.836310	4.848104	0.686627	0.830357	4.961593	0.521272	0.497024	4.811727
0.695807	0.830357	5.070983	0.607588	0.601190	4.956184	0.628354	0.630952	4.803979
0.665470	0.717262	5.002275	0.679540	0.738095	4.931324	0.644147	0.702381	4.791311
0.668744	0.776786	5.022635	0.640422	0.744048	4.941139	0.570238	0.571429	4.808959
0.665551	0.773810	5.023030	0.631897	0.604167	4.931616	0.621077	0.651786	4.817717
0.680068	0.824405	5.050005	0.634850	0.604167	4.959179	0.623121	0.625000	4.858747
0.652321	0.702381	4.884089	0.631211	0.592262	5.046397	0.625962	0.633929	4.870012
delta = 0.460000, m = 95
0.651601	0.699405	5.005898	0.675799	0.824405	4.954857	0.628804	0.627976	4.822578
0.707846	0.833333	5.009538	0.661263	0.767857	4.904959	0.597449	0.607143	4.823234
0.674454	0.711310	4.995779	0.619674	0.702381	4.997529	0.574932	0.622024	4.826772
0.683401	0.738095	5.075076	0.692218	0.827381	4.786913	0.681549	0.824405	4.869823
0.678563	0.824405	5.006850	0.658068	0.678571	5.008765	0.624149	0.622024	4.863840
0.655471	0.714286	5.033382	0.642790	0.699405	5.069145	0.569361	0.559524	4.824533
0.649373	0.714286	5.071920	0.596892	0.613095	4.956508	0.619885	0.666667	4.831941
0.624962	0.663690	5.099986	0.566504	0.607143	4.812540	0.623121	0.625000	4.854284
0.695807	0.830357	4.991981	0.658172	0.779762	4.965898	0.635889	0.663690	4.840203
0.644658	0.696429	5.054848	0.630568	0.598214	4.970086	0.624556	0.630952	4.842530
0.684601	0.824405	5.079941	0.694287	0.830357	4.795219	0.546742	0.550595	4.856226
0.645773	0.696429	5.005656	0.659018	0.717262	4.993409	0.528699	0.485119	4.831739
0.666805	0.764881	5.066928	0.664944	0.782738	4.788845	0.632256	0.627976	4.847996
0.650907	0.696429	5.020176	0.619627	0.595238	4.974645	0.537304	0.529762	4.853127
0.695807	0.830357	5.049538	0.691124	0.830357	4.968453	0.607986	0.681548	4.824268
0.643967	0.693452	5.035947	0.663406	0.681548	4.989581	0.627198	0.630952	4.841593
0.663810	0.699405	5.096810	0.659923	0.678571	4.819894	0.545335	0.514881	4.865095
0.664851	0.770833	4.984809	0.693688	0.830357	4.990870	0.635748	0.622024	4.845011
0.643967	0.693452	5.069013	0.617962	0.663690	4.786278	0.629788	0.619048	4.861708
0.662003	0.705357	5.009500	0.664057	0.690476	5.009321	0.604499	0.610119	4.833514
0.634488	0.583333	5.130533	0.653438	0.708333	4.834879	0.628238	0.625000	4.873371
0.651712	0.705357	4.995826	0.663134	0.726190	4.978996	0.547235	0.514881	4.837032
0.701116	0.833333	5.091407	0.593933	0.622024	4.829057	0.573472	0.589286	4.867456
0.663810	0.699405	5.017056	0.646533	0.711310	4.996877	0.628006	0.627976	4.849709
0.685833	0.827381	5.033071	0.643420	0.696429	4.989147	0.590250	0.633929	4.831986
0.653431	0.779762	5.088185	0.623467	0.601190	4.799085	0.632256	0.627976	4.853564
0.685833	0.827381	4.992482	0.640178	0.625000	5.005587	0.497851	0.479167	4.840335
0.662488	0.693452	5.071514	0.663549	0.782738	4.771167	0.582541	0.565476	4.866605
0.667571	0.714286	4.996528	0.672925	0.788690	4.984332	0.653633	0.708333	4.840514
0.662845	0.773810	5.068509	0.663022	0.726190	4.761874	0.627471	0.630952	4.866597
0.677297	0.806548	5.031113	0.680168	0.714286	4.969962	0.653597	0.708333	4.831870
0.637355	0.681548	5.062205	0.662559	0.735119	4.999625	0.645294	0.687500	4.866631
0.648516	0.711310	5.013378	0.659347	0.708333	5.001882	0.635185	0.660714	4.864374
0.668110	0.767857	4.993123	0.647861	0.702381	4.953930	0.537320	0.535714	4.835114
0.635473	0.747024	5.039995	0.667607	0.767857	4.965360	0.601523	0.586310	4.835261
0.691785	0.830357	5.014618	0.669903	0.741071	4.796936	0.628433	0.613095	4.857100
0.643300	0.690476	5.020738	0.686656	0.827381	4.984001	0.613043	0.619048	4.849338
0.668493	0.767857	5.053881	0.619590	0.672619	4.798759	0.655877	0.708333	4.851854
0.643545	0.666667	5.011962	0.617356	0.684524	4.954514	0.628006	0.627976	4.835189
0.650907	0.696429	5.107007	0.638455	0.663690	4.832431	0.599615	0.553571	4.862359
0.676581	0.732143	5.003961	0.664204	0.714286	5.016009	0.602412	0.580357	4.865013
0.685833	0.827381	5.053802	0.623925	0.645833	4.773094	0.523847	0.497024	4.880855
0.639449	0.767857	5.018712	0.665242	0.708333	4.979337	0.673864	0.818452	4.832836
0.645773	0.696429	5.061405	0.664853	0.738095	4.961334	0.606083	0.616071	4.846015
0.580386	0.648810	5.083807	0.663958	0.723214	4.809258	0.564627	0.526786	4.884056
0.623002	0.684524	4.992337	0.648822	0.699405	4.982600	0.516231	0.485119	4.833198
0.636761	0.750000	5.037391	0.665360	0.726190	5.006865	0.692685	0.830357	4.804853
0.644658	0.696429	5.080987	0.684158	0.827381	4.803524	0.633118	0.630952	4.872819
0.646739	0.705357	5.013644	0.636225	0.636905	5.007800	0.598881	0.589286	4.835599
0.669349	0.729167	5.049691	0.640631	0.645833	4.989466	0.666662	0.782738	4.828041
delta = 0.460000, m = 100
0.663810	0.699405	4.903083	0.690110	0.809524	4.787871	0.613653	0.616071	4.944190
0.650260	0.717262	4.923621	0.648253	0.708333	4.947817	0.670819	0.738095	4.828063
0.685833	0.827381	4.951873	0.659481	0.711310	5.055739	0.611769	0.577381	4.878517
0.652435	0.711310	4.893438	0.715338	0.830357	4.799846	0.567935	0.547619	4.940510
0.689893	0.827381	4.933436	0.651014	0.639881	4.969062	0.541925	0.517857	4.865824
0.620630	0.666667	4.930933	0.613017	0.651786	4.940302	0.649373	0.705357	4.823686
0.654641	0.711310	4.958644	0.654199	0.678571	5.064918	0.669006	0.821429	4.927100
0.685833	0.827381	4.907122	0.719186	0.839286	4.897006	0.638671	0.627976	4.840163
0.638170	0.672619	4.881482	0.661515	0.708333	4.814510	0.595819	0.550595	4.847827
0.633948	0.666667	4.903164	0.615782	0.696429	4.946550	0.609494	0.613095	4.834234
0.659759	0.711310	5.063729	0.675827	0.764881	4.818291	0.619556	0.666667	4.782201
0.709103	0.836310	5.065042	0.623536	0.577381	4.892421	0.652311	0.714286	4.828113
0.644507	0.708333	5.055455	0.597665	0.565476	4.882913	0.535213	0.514881	4.843577
0.701116	0.833333	4.951909	0.605723	0.580357	4.874423	0.588304	0.619048	4.851252
0.685833	0.827381	4.960211	0.660936	0.714286	4.889048	0.622782	0.663690	4.725153
0.672642	0.773810	5.005171	0.666398	0.684524	4.828217	0.698553	0.830357	4.820511
0.648516	0.711310	5.030859	0.611358	0.669643	4.811597	0.637054	0.660714	4.945090
0.663810	0.699405	4.997421	0.666848	0.711310	4.840369	0.632710	0.622024	4.728529
0.675241	0.717262	4.905558	0.658780	0.708333	4.916835	0.540500	0.508929	4.799087
0.695807	0.830357	4.861654	0.637075	0.687500	4.879113	0.687828	0.830357	4.722271
0.691124	0.830357	5.073510	0.701702	0.836310	4.871766	0.611329	0.622024	4.848975
0.666805	0.764881	5.018333	0.638834	0.711310	4.861627	0.636786	0.657738	4.857386
0.695807	0.830357	5.024578	0.586612	0.559524	4.856338	0.634794	0.666667	4.749947
0.648516	0.711310	5.086886	0.627352	0.660714	4.901935	0.635314	0.663690	4.823825
0.665238	0.729167	5.064681	0.632496	0.669643	4.930974	0.489690	0.443452	4.846060
0.701116	0.833333	4.987965	0.662490	0.752976	4.825317	0.641341	0.666667	4.824514
0.579768	0.645833	4.995867	0.662683	0.702381	4.838874	0.633643	0.696429	4.790886
0.657129	0.702381	5.009052	0.615980	0.595238	4.879084	0.691104	0.830357	4.821855
0.685833	0.827381	4.987429	0.664607	0.693452	4.835281	0.544888	0.511905	4.818783
0.649373	0.714286	5.010397	0.619090	0.636905	4.840949	0.702824	0.833333	4.808504
0.632726	0.663690	5.002203	0.611531	0.619048	4.859594	0.696018	0.833333	4.791767
0.678563	0.824405	4.971266	0.642018	0.690476	4.825995	0.632467	0.627976	4.796013
0.666805	0.764881	4.991868	0.672263	0.702381	4.866087	0.640473	0.642857	4.786750
0.689893	0.827381	4.980043	0.665516	0.773810	4.907698	0.623568	0.666667	4.774916
0.699089	0.833333	4.949120	0.612151	0.672619	4.833502	0.629380	0.625000	4.728447
0.639449	0.767857	5.002630	0.685035	0.827381	4.811685	0.609376	0.565476	4.802119
0.685833	0.827381	4.999188	0.658247	0.708333	4.812011	0.550554	0.529762	4.747742
0.658548	0.702381	4.970733	0.693960	0.833333	4.884215	0.670929	0.741071	4.700942
0.685833	0.827381	5.063815	0.701393	0.833333	4.865749	0.559926	0.565476	4.839472
0.648717	0.764881	5.010987	0.701393	0.833333	4.846349	0.515418	0.485119	4.820111
0.662771	0.720238	4.993362	0.658167	0.714286	4.855921	0.701485	0.833333	4.810201
0.691785	0.830357	5.022728	0.602735	0.660714	4.910122	0.525723	0.514881	4.772706
0.695807	0.830357	4.977627	0.638816	0.672619	4.861113	0.628727	0.601190	4.745077
0.626297	0.669643	5.078506	0.670557	0.729167	4.884748	0.576684	0.562500	4.824268
0.648717	0.764881	5.065857	0.678046	0.821429	4.875762	0.584382	0.571429	4.840111
0.619589	0.675595	5.020915	0.612786	0.583333	4.847970	0.617469	0.702381	4.797921
0.659818	0.714286	4.993615	0.579419	0.553571	4.858511	0.619137	0.622024	4.813544
0.699089	0.833333	5.004415	0.658131	0.785714	4.826931	0.605677	0.577381	4.825704
0.663810	0.699405	5.006925	0.664363	0.684524	4.844200	0.692685	0.830357	4.807055
0.685833	0.827381	4.987304	0.628965	0.577381	4.840731	0.552783	0.520833	4.828611
