delta = 0.100000, m = 10
0.211141	0.555184	0.044087	0.557101	0.779264	0.034636	0.412936	0.511706	0.017346
0.298667	0.561873	0.026030	0.138404	0.505017	0.033221	0.459099	0.662207	0.016904
0.316462	0.528428	0.024328	0.117887	0.494983	0.032174	0.328675	0.501672	0.013861
0.319546	0.565217	0.024893	0.230647	0.565217	0.035088	0.335059	0.501672	0.014724
0.319703	0.568562	0.028323	0.112536	0.491639	0.035355	0.429002	0.585284	0.014033
delta = 0.100000, m = 15
0.406369	0.585284	0.030205	0.255710	0.578595	0.034602	0.138404	0.505017	0.016810
0.572350	0.765886	0.036971	0.220240	0.558528	0.037467	0.429307	0.565217	0.017244
0.553730	0.762542	0.028546	0.306857	0.612040	0.037904	0.415459	0.535117	0.015630
0.407893	0.608696	0.029422	0.189421	0.538462	0.032978	0.427778	0.585284	0.020872
0.540323	0.752508	0.030604	0.330146	0.625418	0.034361	0.266429	0.585284	0.016643
delta = 0.100000, m = 20
0.866304	0.956522	0.033879	0.308938	0.561873	0.046084	0.431963	0.618729	0.019242
0.483030	0.608696	0.038224	0.337922	0.591973	0.043483	0.560917	0.715719	0.019996
0.556755	0.715719	0.036769	0.284341	0.598662	0.047120	0.415899	0.648829	0.019781
0.460564	0.602007	0.038240	0.215066	0.555184	0.045117	0.288121	0.551839	0.024059
0.656991	0.792642	0.036699	0.232033	0.568562	0.049943	0.256802	0.568562	0.019645
delta = 0.100000, m = 25
0.561694	0.632107	0.052594	0.304371	0.595318	0.057430	0.220240	0.558528	0.028317
0.982333	0.996656	0.049204	0.463814	0.692308	0.055196	0.443557	0.578595	0.029536
0.652638	0.749164	0.048086	0.462460	0.672241	0.056207	0.488809	0.535117	0.026628
0.609194	0.722408	0.044979	0.774851	0.903010	0.057893	0.198667	0.541806	0.026837
0.563012	0.645485	0.045218	0.495094	0.672241	0.054020	0.473321	0.618729	0.027189
delta = 0.100000, m = 30
1.000000	1.000000	0.055738	0.923618	0.979933	0.062677	0.667787	0.638796	0.033119
1.000000	1.000000	0.056069	0.459519	0.665552	0.063189	0.328299	0.622074	0.033408
0.982333	0.996656	0.059669	0.845917	0.946488	0.062598	0.555536	0.702341	0.040422
0.969077	0.993311	0.055977	0.896988	0.969900	0.061821	0.341259	0.568562	0.038230
1.000000	1.000000	0.060848	0.401835	0.665552	0.061866	0.634367	0.729097	0.034572
delta = 0.100000, m = 35
1.000000	1.000000	0.066681	0.923618	0.979933	0.070516	0.330497	0.571906	0.034533
1.000000	1.000000	0.066226	0.558932	0.672241	0.075196	0.472741	0.565217	0.034769
0.919595	0.976589	0.064148	0.888874	0.966555	0.072269	0.668733	0.652174	0.036456
1.000000	1.000000	0.063954	0.358346	0.578595	0.077556	0.278834	0.561873	0.033991
0.969077	0.993311	0.064223	0.943928	0.986622	0.072270	0.325425	0.575251	0.034990
delta = 0.100000, m = 40
1.000000	1.000000	0.079193	0.866304	0.956522	0.082960	0.376693	0.595318	0.043989
0.969077	0.993311	0.081692	0.967552	0.993311	0.082577	0.334060	0.598662	0.042461
0.969077	0.993311	0.077574	0.548154	0.665552	0.080554	0.542981	0.635452	0.040502
1.000000	1.000000	0.075189	0.561694	0.632107	0.084540	0.205340	0.528428	0.045773
1.000000	1.000000	0.079305	0.532767	0.612040	0.088062	0.468878	0.692308	0.043223
delta = 0.100000, m = 45
1.000000	1.000000	0.093435	0.631939	0.638796	0.099512	0.267934	0.541806	0.048014
0.667787	0.638796	0.088247	0.914309	0.976589	0.093608	0.453427	0.602007	0.048700
0.667631	0.632107	0.091138	0.967552	0.993311	0.097313	0.386171	0.618729	0.052827
0.982333	0.996656	0.088304	1.000000	1.000000	0.103293	0.395127	0.662207	0.049120
0.667683	0.635452	0.090240	0.955201	0.989967	0.093480	0.358751	0.585284	0.048376
delta = 0.100000, m = 50
1.000000	1.000000	0.101860	0.981566	0.996656	0.106112	0.334106	0.615385	0.054039
1.000000	1.000000	0.102973	0.943928	0.986622	0.102247	0.480094	0.645485	0.054599
1.000000	1.000000	0.104284	0.905452	0.973244	0.103141	0.523778	0.702341	0.055076
0.667787	0.638796	0.104119	0.542225	0.625418	0.099325	0.486038	0.682274	0.053449
0.667683	0.635452	0.104548	0.933455	0.983278	0.101871	0.324244	0.622074	0.053724
delta = 0.100000, m = 55
1.000000	1.000000	0.115916	0.561343	0.625418	0.117707	0.330146	0.625418	0.062775
1.000000	1.000000	0.121399	0.516896	0.635452	0.110074	0.457827	0.638796	0.064654
1.000000	1.000000	0.121404	0.648156	0.648829	0.114418	0.358173	0.571906	0.064903
1.000000	1.000000	0.119587	0.605874	0.642140	0.109267	0.475612	0.612040	0.066535
1.000000	1.000000	0.120747	0.914309	0.976589	0.111637	0.515300	0.612040	0.064678
delta = 0.100000, m = 60
1.000000	1.000000	0.129466	0.981566	0.996656	0.127500	0.356799	0.625418	0.082309
1.000000	1.000000	0.132597	1.000000	1.000000	0.125276	0.504809	0.678930	0.073014
1.000000	1.000000	0.134693	0.582560	0.635452	0.127367	0.536184	0.719064	0.072226
1.000000	1.000000	0.130714	1.000000	1.000000	0.129468	0.440155	0.662207	0.074579
1.000000	1.000000	0.134944	0.617825	0.628763	0.129833	0.499290	0.682274	0.075045
