delta = 0.700000, m = 6
0.467166	0.010126	0.459226	0.007947	0.459226	0.010585	0.463185	0.050303	0.463185	0.005453
0.528409	0.017416
0.320317	0.120488
0.463185	0.007557	0.451376	0.007514	0.459226	0.008553	0.459226	0.049040	0.467166	0.005101
0.568591	0.016322
0.320317	0.109716
0.490564	0.006929	0.455290	0.007312	0.463185	0.009336	0.455290	0.047760	0.467166	0.005021
0.537899	0.014765
0.320317	0.118930
0.459226	0.008664	0.432116	0.006778	0.459226	0.009420	0.459226	0.049541	0.479248	0.004629
0.528101	0.020674
0.320317	0.122107
0.499879	0.006855	0.459226	0.007302	0.459226	0.009527	0.459226	0.050751	0.459226	0.005253
0.566754	0.016495
0.320317	0.123243
0.459226	0.008127	0.463185	0.006870	0.459226	0.008734	0.459226	0.049357	0.463185	0.004846
0.537899	0.017900
0.320317	0.116855
0.435928	0.008509	0.463185	0.007294	0.459226	0.009591	0.459226	0.050415	0.463185	0.006180
0.528409	0.017919
0.320317	0.118216
0.463185	0.008187	0.455290	0.007472	0.463185	0.009088	0.459226	0.049062	0.463185	0.005060
0.548144	0.018814
0.320317	0.116128
0.486361	0.007573	0.455290	0.007828	0.459226	0.009563	0.463185	0.049849	0.459226	0.005032
0.537899	0.017892
0.320317	0.118719
0.459226	0.008510	0.459226	0.007255	0.459226	0.009572	0.463185	0.049259	0.467166	0.005036
0.458255	0.023985
0.320317	0.111376
0.475197	0.006816	0.459226	0.006936	0.463185	0.008407	0.459226	0.050071	0.463185	0.005191
0.542703	0.017271
0.320317	0.112841
0.499879	0.006582	0.459226	0.007370	0.463185	0.009340	0.459226	0.048498	0.467166	0.005255
0.531238	0.017054
0.320317	0.111918
0.499879	0.007054	0.459226	0.007288	0.459226	0.009527	0.459226	0.049009	0.463185	0.004479
0.523720	0.017701
0.320317	0.126299
0.451376	0.007849	0.443610	0.007832	0.435928	0.008429	0.455290	0.049366	0.467166	0.005089
0.528101	0.023319
0.320317	0.134502
0.463185	0.008065	0.459226	0.007302	0.463185	0.009612	0.459226	0.049675	0.463185	0.005219
0.487053	0.019283
0.320317	0.121807
0.491550	0.007309	0.463185	0.007622	0.463185	0.009152	0.463185	0.048635	0.463185	0.004791
0.542703	0.018865
0.320317	0.113744
0.467166	0.006876	0.428324	0.007655	0.463185	0.008728	0.463185	0.049257	0.467166	0.004781
0.575424	0.016998
0.320317	0.128142
0.463185	0.007174	0.463185	0.006723	0.459226	0.009191	0.463185	0.048767	0.463185	0.005179
0.543149	0.019892
0.320317	0.129054
0.467166	0.007307	0.459226	0.007306	0.459226	0.009173	0.459226	0.049059	0.467166	0.005178
0.531087	0.017601
0.320317	0.115286
0.483324	0.007164	0.455290	0.007694	0.459226	0.009095	0.463185	0.049797	0.471170	0.005882
0.558400	0.017473
0.320317	0.105672
0.479248	0.007705	0.455290	0.007458	0.435928	0.009015	0.459226	0.049660	0.467166	0.004913
0.534949	0.016254
0.320317	0.096442
0.467166	0.007397	0.447482	0.007744	0.459226	0.009876	0.459226	0.049410	0.463185	0.005034
0.523720	0.017744
0.320317	0.103301
0.479248	0.007243	0.459226	0.006848	0.459226	0.009580	0.463185	0.048740	0.463185	0.004981
0.542703	0.018158
0.320317	0.125260
0.471170	0.007280	0.459226	0.007198	0.463185	0.009517	0.459226	0.049861	0.459226	0.004758
0.573825	0.017413
0.320317	0.129002
0.463185	0.008906	0.459226	0.007516	0.463185	0.009164	0.455290	0.049220	0.463185	0.004996
0.533135	0.016719
0.320317	0.115351
0.471170	0.007324	0.463185	0.007294	0.463185	0.009288	0.435928	0.049668	0.467166	0.004953
0.575424	0.017912
0.320317	0.119023
0.499879	0.007367	0.459226	0.007518	0.463185	0.009423	0.459226	0.049109	0.471170	0.005013
0.537899	0.016919
0.320317	0.097323
0.467166	0.007238	0.459226	0.007056	0.463185	0.009389	0.435928	0.049596	0.463185	0.005180
0.523720	0.019086
0.320317	0.107435
0.467166	0.008542	0.455290	0.007672	0.459226	0.008815	0.435928	0.049131	0.467166	0.005025
0.478369	0.022195
0.320317	0.108450
0.499879	0.006527	0.455290	0.008078	0.435928	0.009396	0.459226	0.049077	0.459226	0.005076
0.542620	0.019508
0.320317	0.102719
0.467166	0.007109	0.455290	0.007425	0.459226	0.009430	0.463185	0.049163	0.471170	0.005361
0.542620	0.018505
0.320317	0.116962
0.475197	0.007120	0.435928	0.008088	0.459226	0.009478	0.435928	0.049727	0.499879	0.005422
0.487053	0.024012
0.320317	0.108620
0.475197	0.007571	0.459226	0.007052	0.459226	0.009643	0.459226	0.050137	0.467166	0.005201
0.542620	0.016578
0.320317	0.129849
0.467166	0.007624	0.455290	0.007512	0.459226	0.008616	0.463185	0.049411	0.463185	0.005278
0.537899	0.016234
0.320317	0.102979
0.495702	0.006616	0.447482	0.007524	0.459226	0.009560	0.459226	0.049512	0.467166	0.005193
0.575424	0.016315
0.320317	0.109861
0.463185	0.007010	0.463185	0.006521	0.459226	0.009547	0.459226	0.049959	0.467166	0.004984
0.473063	0.018402
0.320317	0.109527
0.479248	0.008136	0.463185	0.006821	0.459226	0.009519	0.459226	0.048606	0.463185	0.004813
0.463229	0.022570
0.320317	0.105288
0.499879	0.006996	0.463185	0.007802	0.463185	0.009198	0.463185	0.049097	0.467166	0.005454
0.533135	0.017322
0.320317	0.124710
0.499879	0.008034	0.463185	0.006757	0.435928	0.009713	0.435928	0.049325	0.463185	0.004997
0.533135	0.016460
0.320317	0.116333
0.483324	0.007503	0.459226	0.006956	0.459226	0.009012	0.459226	0.049907	0.475197	0.005190
0.492070	0.031192
0.320317	0.115250
0.463185	0.008064	0.463185	0.007194	0.459226	0.009571	0.443610	0.048559	0.463185	0.005017
0.479471	0.018642
0.320317	0.117996
0.467166	0.007899	0.435928	0.007248	0.459226	0.009868	0.459226	0.049386	0.463185	0.004711
0.498874	0.027490
0.320317	0.106805
0.479248	0.006619	0.455290	0.007309	0.459226	0.009371	0.459226	0.048737	0.463185	0.005374
0.548144	0.020365
0.320317	0.119324
0.467166	0.007687	0.443610	0.007231	0.459226	0.009580	0.463185	0.049329	0.463185	0.005263
0.566754	0.018331
0.320317	0.117135
0.471170	0.007134	0.459226	0.006904	0.459226	0.008870	0.459226	0.049177	0.463185	0.005000
0.537899	0.016625
0.320317	0.102675
0.483324	0.007146	0.432116	0.007359	0.463185	0.008815	0.463185	0.049366	0.479248	0.005242
0.464578	0.024233
0.320317	0.099294
0.435928	0.007886	0.463185	0.007467	0.463185	0.009322	0.435928	0.050074	0.483324	0.004490
0.533135	0.017823
0.320317	0.110988
0.459226	0.008018	0.435928	0.007243	0.459226	0.009570	0.463185	0.050951	0.467166	0.005170
0.542703	0.015629
0.320317	0.121059
0.467166	0.007081	0.428324	0.007863	0.459226	0.009197	0.432116	0.049840	0.463185	0.005151
0.528425	0.019883
0.320317	0.105056
0.463185	0.007935	0.439759	0.007739	0.463185	0.009638	0.463185	0.048365	0.467166	0.004828
0.547538	0.019190
0.320317	0.133114
delta = 0.700000, m = 9
0.467166	0.010639	0.463185	0.008666	0.459226	0.010360	0.443610	0.075843	0.467166	0.005704
0.558400	0.017473
0.330180	0.170078
0.475197	0.009221	0.463185	0.009667	0.459226	0.010502	0.459226	0.075872	0.443610	0.006219
0.545647	0.016879
0.330180	0.180773
0.443610	0.011054	0.459226	0.008909	0.463185	0.010336	0.459226	0.077939	0.463185	0.005617
0.558400	0.017074
0.330180	0.115635
0.439759	0.010595	0.459226	0.009642	0.439759	0.011226	0.459226	0.077239	0.463185	0.005286
0.504119	0.017591
0.330180	0.159221
0.475197	0.009115	0.463185	0.009921	0.459226	0.010837	0.459226	0.076494	0.459226	0.005720
0.570096	0.023073
0.330180	0.172152
0.463185	0.010759	0.459226	0.009368	0.459226	0.010237	0.459226	0.076268	0.463185	0.005427
0.535834	0.015266
0.330180	0.156222
0.467166	0.009733	0.463185	0.009316	0.459226	0.009867	0.459226	0.077995	0.467166	0.005540
0.517375	0.016647
0.330180	0.160547
0.499879	0.008427	0.463185	0.009582	0.459226	0.010255	0.459226	0.077200	0.463185	0.005525
0.468284	0.017465
0.330180	0.174736
0.463185	0.010496	0.463185	0.009329	0.459226	0.009955	0.463185	0.075810	0.459226	0.005726
0.566754	0.018768
0.330180	0.149039
0.467166	0.009986	0.443610	0.009237	0.435928	0.010527	0.459226	0.077471	0.435928	0.005951
0.528409	0.018468
0.330180	0.129542
0.463185	0.010367	0.459226	0.010114	0.435928	0.010562	0.463185	0.076870	0.463185	0.005649
0.575424	0.017696
0.330180	0.174809
0.475197	0.009281	0.459226	0.009713	0.459226	0.010901	0.459226	0.076964	0.463185	0.005334
0.537899	0.016083
0.330180	0.141076
0.467166	0.010356	0.459226	0.009653	0.459226	0.011024	0.435928	0.075814	0.463185	0.005108
0.547856	0.017566
0.330180	0.162336
0.467166	0.010978	0.459226	0.009453	0.459226	0.011010	0.459226	0.076932	0.463185	0.005644
0.566754	0.023483
0.330180	0.154281
0.475197	0.008614	0.459226	0.008827	0.459226	0.010297	0.443610	0.076115	0.463185	0.005374
0.531238	0.014645
0.330180	0.137241
0.455290	0.010420	0.459226	0.009829	0.435928	0.011291	0.463185	0.076049	0.463185	0.005718
0.570096	0.022273
0.330180	0.193653
0.475197	0.008497	0.459226	0.009272	0.459226	0.010871	0.463185	0.075794	0.467166	0.005647
0.528409	0.018545
0.330180	0.168188
0.463185	0.010170	0.463185	0.009800	0.459226	0.010860	0.459226	0.076325	0.467166	0.004967
0.536495	0.023374
0.330180	0.160945
0.479248	0.007896	0.463185	0.008309	0.463185	0.010614	0.459226	0.078034	0.463185	0.005525
0.575424	0.018191
0.330180	0.170898
0.463185	0.009941	0.459226	0.009561	0.459226	0.010951	0.463185	0.075865	0.463185	0.005432
0.575424	0.016903
0.330180	0.152745
0.463185	0.010425	0.459226	0.009797	0.459226	0.010995	0.459226	0.078156	0.463185	0.005728
0.519069	0.016273
0.330180	0.187497
0.479248	0.009074	0.463185	0.009593	0.459226	0.010029	0.463185	0.078182	0.467166	0.005585
0.566754	0.015823
0.330180	0.163027
0.471170	0.008777	0.459226	0.009244	0.459226	0.010924	0.463185	0.077098	0.463185	0.005663
0.568591	0.018875
0.330180	0.192753
0.475197	0.007585	0.463185	0.009016	0.459226	0.010535	0.463185	0.077730	0.467166	0.005660
0.564821	0.015689
0.330180	0.168885
0.475197	0.008317	0.459226	0.009092	0.459226	0.010578	0.443610	0.077529	0.463185	0.005446
0.494951	0.025272
0.330180	0.145196
0.475197	0.009499	0.459226	0.009596	0.459226	0.010502	0.459226	0.078210	0.463185	0.005321
0.545647	0.016551
0.330180	0.156689
0.463185	0.010336	0.459226	0.010054	0.459226	0.011285	0.463185	0.076704	0.463185	0.005593
0.564821	0.017159
0.330180	0.147319
0.475197	0.008337	0.443610	0.008891	0.459226	0.011142	0.463185	0.076678	0.459226	0.005211
0.523360	0.016175
0.330180	0.186309
0.467166	0.011056	0.463185	0.009576	0.459226	0.009857	0.459226	0.077329	0.459226	0.005590
0.575424	0.021259
0.330180	0.165177
0.459226	0.010980	0.463185	0.009294	0.459226	0.011459	0.463185	0.077729	0.459226	0.005553
0.484023	0.020118
0.330180	0.174055
0.475197	0.008661	0.459226	0.009882	0.459226	0.011107	0.459226	0.075813	0.459226	0.005383
0.537744	0.014551
0.330180	0.134879
0.475197	0.008588	0.463185	0.009525	0.459226	0.011182	0.459226	0.075749	0.463185	0.005308
0.558400	0.017301
0.330180	0.194737
0.443610	0.011531	0.459226	0.010385	0.435928	0.012839	0.463185	0.078065	0.463185	0.005552
0.489351	0.017185
0.330180	0.164567
0.463185	0.010307	0.463185	0.009580	0.459226	0.010964	0.463185	0.075188	0.463185	0.005405
0.537744	0.013852
0.330180	0.173799
0.475197	0.008519	0.463185	0.010282	0.435928	0.010599	0.435928	0.078121	0.463185	0.005516
0.536495	0.025022
0.330180	0.155874
0.499879	0.008323	0.463185	0.009519	0.435928	0.011509	0.459226	0.086098	0.467166	0.005033
0.535834	0.014529
0.330180	0.141301
0.475197	0.007661	0.463185	0.009683	0.459226	0.009939	0.463185	0.076436	0.463185	0.005435
0.568591	0.019042
0.330180	0.158749
0.435928	0.010919	0.463185	0.008655	0.459226	0.010064	0.463185	0.078670	0.463185	0.005815
0.484023	0.021493
0.330180	0.173376
0.471170	0.008262	0.435928	0.010001	0.459226	0.010422	0.459226	0.077085	0.443610	0.005795
0.522149	0.014605
0.330180	0.159089
0.467166	0.009853	0.463185	0.009359	0.435928	0.010562	0.459226	0.076876	0.463185	0.005827
0.575424	0.021043
0.330180	0.155807
0.475197	0.009926	0.459226	0.009101	0.459226	0.010696	0.435928	0.076915	0.463185	0.005315
0.509933	0.014373
0.330180	0.154114
0.424551	0.010582	0.459226	0.009323	0.459226	0.010359	0.435928	0.077324	0.463185	0.005236
0.558400	0.021265
0.330180	0.177932
0.467166	0.009070	0.463185	0.009104	0.459226	0.010504	0.435928	0.077914	0.459226	0.005918
0.536495	0.031942
0.330180	0.178952
0.467166	0.009304	0.463185	0.009630	0.435928	0.011104	0.459226	0.076261	0.459226	0.005595
0.566754	0.031738
0.330180	0.162180
0.479248	0.009043	0.463185	0.010032	0.459226	0.010322	0.463185	0.076646	0.459226	0.005554
0.575424	0.017666
0.330180	0.116350
0.467166	0.009616	0.435928	0.008997	0.435928	0.010724	0.463185	0.075228	0.443610	0.004625
0.558400	0.014030
0.326883	0.162783
0.455290	0.010375	0.459226	0.009390	0.459226	0.010985	0.443610	0.076167	0.459226	0.005615
0.475088	0.019261
0.330180	0.180159
0.467166	0.009858	0.463185	0.009792	0.459226	0.010720	0.459226	0.075391	0.463185	0.005544
0.558400	0.015925
0.330180	0.137319
0.463185	0.010024	0.463185	0.009741	0.459226	0.011049	0.459226	0.077217	0.463185	0.005523
0.543149	0.021142
0.330180	0.157881
0.475197	0.009663	0.463185	0.010143	0.435928	0.010592	0.463185	0.076128	0.463185	0.005367
0.378710	0.022092
0.330180	0.173939
delta = 0.700000, m = 12
0.479248	0.010909	0.463185	0.012136	0.459226	0.012098	0.463185	0.114197	0.459226	0.006118
0.479471	0.016335
0.475197	0.162419
0.479248	0.010237	0.435928	0.010987	0.459226	0.011485	0.459226	0.113593	0.459226	0.005757
0.558400	0.015003
0.475197	0.124842
0.475197	0.010964	0.435928	0.012698	0.459226	0.013732	0.459226	0.119964	0.435928	0.004873
0.564821	0.015491
0.475197	0.123117
0.451376	0.012762	0.459226	0.011088	0.459226	0.010523	0.459226	0.115071	0.459226	0.005592
0.293661	0.018858
0.491550	0.108512
0.475197	0.011057	0.463185	0.011405	0.459226	0.012248	0.463185	0.112126	0.463185	0.005525
0.558400	0.015369
0.479248	0.138675
0.463185	0.012684	0.435928	0.012261	0.459226	0.011545	0.435928	0.113285	0.443610	0.005169
0.575424	0.015954
0.483324	0.125209
0.467166	0.010595	0.463185	0.011414	0.459226	0.012369	0.459226	0.114912	0.459226	0.005822
0.473184	0.013629
0.405961	0.114506
0.475197	0.009983	0.463185	0.011685	0.459226	0.012089	0.459226	0.111905	0.443610	0.006261
0.342031	0.019394
0.471170	0.096786
0.471170	0.009756	0.463185	0.011661	0.459226	0.011539	0.459226	0.113219	0.463185	0.005598
0.421380	0.021182
0.483324	0.169473
0.467166	0.011852	0.459226	0.011113	0.459226	0.011931	0.463185	0.112978	0.463185	0.005662
0.404730	0.016896
0.483324	0.124388
0.471170	0.011093	0.463185	0.011132	0.459226	0.012232	0.459226	0.114587	0.459226	0.005775
0.362205	0.015672
0.475197	0.110013
0.471170	0.010426	0.459226	0.011977	0.459226	0.010784	0.463185	0.114911	0.459226	0.005856
0.489726	0.016798
0.413344	0.100151
0.490564	0.010883	0.463185	0.011338	0.435928	0.012010	0.459226	0.114828	0.463185	0.005811
0.098416	0.018263
0.405961	0.133792
0.459226	0.013199	0.459226	0.011870	0.459226	0.013149	0.459226	0.115178	0.463185	0.005595
0.416655	0.021677
0.412830	0.131058
0.487424	0.009690	0.459226	0.011721	0.459226	0.010973	0.463185	0.115215	0.459226	0.005931
0.575424	0.021506
0.475197	0.142873
0.451376	0.012688	0.463185	0.010958	0.459226	0.011420	0.435928	0.112645	0.463185	0.005609
0.268393	0.016651
0.405961	0.126848
0.463185	0.012311	0.459226	0.011391	0.459226	0.011279	0.459226	0.114520	0.435928	0.005872
0.510015	0.017042
0.475197	0.130449
0.475197	0.010623	0.435928	0.011171	0.459226	0.011990	0.463185	0.113748	0.451376	0.005721
0.485586	0.018603
0.483324	0.122945
0.463185	0.012166	0.459226	0.012256	0.459226	0.011994	0.443610	0.113631	0.467166	0.005981
0.543149	0.021287
0.475197	0.125582
0.463185	0.012015	0.463185	0.012321	0.459226	0.011656	0.435928	0.115705	0.463185	0.005431
0.542703	0.018642
0.483324	0.101073
0.467166	0.012323	0.435928	0.011626	0.435928	0.012369	0.463185	0.117660	0.463185	0.005755
0.270156	0.015235
0.475197	0.128087
0.467166	0.010364	0.459226	0.011334	0.459226	0.012398	0.463185	0.113939	0.463185	0.005569
0.361193	0.018630
0.479248	0.108521
0.475197	0.010157	0.459226	0.012026	0.459226	0.011940	0.463185	0.115889	0.463185	0.006182
0.538198	0.014196
0.475197	0.145506
0.475197	0.010231	0.459226	0.011434	0.435928	0.012193	0.459226	0.114676	0.463185	0.006322
0.309536	0.018916
0.475197	0.154430
0.463185	0.012314	0.459226	0.011657	0.459226	0.012054	0.463185	0.113232	0.463185	0.005036
0.464578	0.017644
0.405961	0.119693
0.483324	0.009707	0.459226	0.011937	0.459226	0.011682	0.459226	0.112711	0.463185	0.005817
0.081090	0.014986
0.405961	0.117708
0.475197	0.009436	0.459226	0.011569	0.459226	0.011706	0.459226	0.113465	0.463185	0.005696
0.178317	0.017590
0.479248	0.106194
0.463185	0.012606	0.459226	0.011580	0.459226	0.011843	0.459226	0.113910	0.463185	0.005746
0.360834	0.015425
0.405961	0.133889
0.467166	0.010166	0.459226	0.011361	0.459226	0.012059	0.463185	0.113477	0.459226	0.005815
0.573825	0.016391
0.475197	0.116029
0.463185	0.012895	0.463185	0.011400	0.459226	0.010786	0.463185	0.112496	0.463185	0.005591
0.566754	0.017012
0.405961	0.092579
0.409644	0.013262	0.459226	0.012104	0.459226	0.011743	0.435928	0.113905	0.463185	0.005492
0.528115	0.018144
0.405961	0.110761
0.475197	0.011233	0.463185	0.011909	0.459226	0.012208	0.435928	0.115028	0.459226	0.005305
0.338241	0.015192
0.483324	0.106958
0.463185	0.012657	0.459226	0.011688	0.459226	0.010976	0.459226	0.115389	0.463185	0.005695
0.566754	0.019191
0.405961	0.125776
0.459226	0.012483	0.439759	0.011032	0.459226	0.011386	0.459226	0.115220	0.435928	0.006433
0.568591	0.015812
0.475197	0.105733
0.463185	0.013946	0.459226	0.010808	0.435928	0.011842	0.463185	0.112216	0.463185	0.005450
0.548144	0.018698
0.405961	0.134236
0.459226	0.012877	0.463185	0.011402	0.459226	0.011983	0.463185	0.116646	0.459226	0.005776
0.109928	0.016643
0.475197	0.097806
0.428324	0.013191	0.435928	0.010942	0.459226	0.012143	0.463185	0.116055	0.435928	0.005461
0.533135	0.017199
0.475197	0.139065
0.467166	0.012404	0.463185	0.010825	0.459226	0.011708	0.459226	0.114006	0.459226	0.005749
0.359317	0.019776
0.475197	0.133728
0.467166	0.010583	0.435928	0.011356	0.459226	0.011835	0.463185	0.115854	0.451376	0.005660
0.252859	0.018402
0.475197	0.110479
0.467166	0.011580	0.459226	0.012020	0.463185	0.011974	0.459226	0.112511	0.463185	0.005440
0.559598	0.014293
0.405961	0.117981
0.479248	0.009772	0.463185	0.010904	0.459226	0.012150	0.463185	0.113675	0.463185	0.005607
0.411225	0.014055
0.483324	0.127625
0.471170	0.010625	0.435928	0.011716	0.459226	0.011752	0.463185	0.113136	0.443610	0.005811
0.558400	0.016014
0.475197	0.109086
0.463185	0.011572	0.463185	0.011024	0.459226	0.011532	0.463185	0.114899	0.459226	0.005726
0.488419	0.018123
0.475197	0.112291
0.439759	0.012885	0.435928	0.012159	0.459226	0.012026	0.459226	0.112568	0.463185	0.006000
0.396418	0.015600
0.475197	0.130159
0.467166	0.010136	0.435928	0.011854	0.459226	0.011935	0.463185	0.114709	0.459226	0.005979
0.545647	0.015638
0.475197	0.118614
0.463185	0.012866	0.463185	0.012264	0.459226	0.012243	0.463185	0.113823	0.459226	0.006139
0.579111	0.016562
0.475197	0.133034
0.463185	0.011721	0.459226	0.011889	0.435928	0.011830	0.463185	0.114248	0.467166	0.005466
0.406054	0.012685
0.475197	0.132419
0.475197	0.010753	0.463185	0.011097	0.459226	0.011866	0.459226	0.113988	0.463185	0.004959
0.543149	0.021316
0.475197	0.156631
0.471170	0.010591	0.463185	0.010195	0.459226	0.011973	0.463185	0.112880	0.463185	0.005766
0.558400	0.028309
0.475197	0.129950
0.463185	0.012430	0.459226	0.011263	0.459226	0.011998	0.463185	0.112545	0.463185	0.005590
0.533603	0.016147
0.475197	0.139204
delta = 0.700000, m = 15
0.463185	0.015110	0.459226	0.013760	0.459226	0.013205	0.459226	0.154986	0.443610	0.005993
0.493602	0.017280
0.405961	0.105302
0.471170	0.012214	0.463185	0.014221	0.459226	0.012774	0.459226	0.156344	0.463185	0.005965
0.063440	0.018145
0.413344	0.099088
0.467166	0.012065	0.459226	0.014038	0.459226	0.013217	0.463185	0.158259	0.459226	0.005936
0.208686	0.016127
0.405961	0.106883
0.463185	0.014845	0.463185	0.012820	0.459226	0.012487	0.459226	0.158582	0.459226	0.005716
0.436902	0.017490
0.499879	0.115590
0.463185	0.014976	0.459226	0.013888	0.459226	0.013600	0.435928	0.154691	0.443610	0.005932
0.334177	0.013918
0.508316	0.096436
0.467166	0.013702	0.459226	0.014146	0.459226	0.013212	0.435928	0.158993	0.463185	0.005824
0.422856	0.014206
0.475197	0.133684
0.463185	0.013610	0.463185	0.013259	0.459226	0.013458	0.459226	0.155070	0.459226	0.005887
0.329210	0.016566
0.483324	0.105725
0.463185	0.015017	0.463185	0.013212	0.435928	0.013053	0.435928	0.157947	0.463185	0.006187
0.257182	0.019001
0.398647	0.101585
0.475197	0.011732	0.435928	0.013529	0.435928	0.012552	0.435928	0.157723	0.463185	0.005828
0.376640	0.015185
0.495702	0.103623
0.463185	0.015214	0.463185	0.013215	0.459226	0.013477	0.463185	0.156923	0.451376	0.005570
0.423707	0.015578
0.504084	0.119598
0.475197	0.011202	0.435928	0.013964	0.459226	0.013237	0.459226	0.157200	0.459226	0.006768
0.375503	0.013713
0.405961	0.105341
0.475197	0.010907	0.459226	0.013806	0.459226	0.013444	0.463185	0.157064	0.459226	0.006131
0.338025	0.015403
0.405961	0.131855
0.463185	0.014708	0.463185	0.013551	0.459226	0.013649	0.463185	0.156094	0.447482	0.005531
0.312940	0.016858
0.504084	0.123871
0.463185	0.013830	0.459226	0.013755	0.459226	0.013304	0.459226	0.156720	0.463185	0.005993
0.364568	0.018818
0.504084	0.159509
0.467166	0.013474	0.459226	0.013056	0.459226	0.012673	0.459226	0.157443	0.459226	0.006221
0.394649	0.013849
0.405961	0.127799
0.467166	0.011925	0.435928	0.013039	0.459226	0.012639	0.463185	0.157089	0.463185	0.005985
0.376640	0.012968
0.491550	0.105863
0.463185	0.015761	0.463185	0.012853	0.463185	0.012945	0.459226	0.156786	0.459226	0.006101
0.566754	0.019301
0.405961	0.104360
0.467166	0.013173	0.459226	0.013560	0.459226	0.013170	0.463185	0.158212	0.459226	0.006287
0.437603	0.020835
0.504084	0.109965
0.459226	0.015430	0.435928	0.012768	0.459226	0.013007	0.443610	0.155632	0.435928	0.006053
0.092884	0.016816
0.391440	0.107870
0.467166	0.013705	0.459226	0.014403	0.459226	0.013496	0.459226	0.155776	0.463185	0.006170
0.425492	0.014701
0.475197	0.111631
0.471170	0.011086	0.435928	0.013823	0.459226	0.013313	0.435928	0.156690	0.463185	0.005853
0.389256	0.017273
0.504084	0.098847
0.467166	0.013061	0.435928	0.014622	0.459226	0.013079	0.459226	0.158163	0.463185	0.006088
0.340882	0.013788
0.504084	0.104792
0.463185	0.015234	0.459226	0.013839	0.443610	0.012608	0.463185	0.158605	0.443610	0.006264
0.400317	0.017106
0.417061	0.143222
0.475197	0.010731	0.463185	0.013615	0.459226	0.012566	0.459226	0.158075	0.443610	0.005812
0.408097	0.014670
0.471170	0.112831
0.467166	0.013165	0.459226	0.013960	0.439759	0.012650	0.459226	0.156451	0.459226	0.006282
0.526911	0.022227
0.405961	0.096356
0.467166	0.014405	0.459226	0.013819	0.459226	0.013375	0.459226	0.158319	0.463185	0.005999
0.302024	0.015975
0.409226	0.096369
0.463185	0.014805	0.459226	0.013491	0.459226	0.013087	0.459226	0.156427	0.463185	0.005965
0.479938	0.014028
0.508316	0.121704
0.463185	0.014141	0.463185	0.013852	0.435928	0.013271	0.459226	0.158173	0.463185	0.007431
0.442539	0.019166
0.413344	0.121825
0.471170	0.012268	0.463185	0.013526	0.459226	0.013641	0.459226	0.158035	0.463185	0.006004
0.421806	0.015255
0.405961	0.125461
0.463185	0.015325	0.443610	0.012450	0.459226	0.012807	0.435928	0.156309	0.443610	0.006123
0.358220	0.014073
0.405961	0.108389
0.471170	0.012386	0.459226	0.014122	0.459226	0.013031	0.463185	0.156957	0.443610	0.006309
0.231158	0.019772
0.491550	0.103976
0.451376	0.015118	0.463185	0.013130	0.459226	0.013404	0.459226	0.157959	0.443610	0.005935
0.538757	0.022108
0.412830	0.114969
0.487424	0.010976	0.459226	0.013713	0.459226	0.013319	0.459226	0.158592	0.463185	0.006371
0.411313	0.015877
0.409226	0.106020
0.467166	0.012122	0.463185	0.013812	0.459226	0.012917	0.463185	0.156265	0.459226	0.005380
0.547856	0.012965
0.413344	0.109225
0.463185	0.013744	0.463185	0.013294	0.459226	0.012129	0.463185	0.158903	0.463185	0.006331
0.349021	0.014206
0.499879	0.117965
0.455290	0.015401	0.459226	0.013700	0.459226	0.012031	0.459226	0.156328	0.463185	0.006386
0.417724	0.014685
0.504084	0.149075
0.467166	0.015108	0.459226	0.013787	0.459226	0.012462	0.463185	0.157693	0.435928	0.005963
0.357987	0.014258
0.495702	0.103310
0.475197	0.011957	0.459226	0.013665	0.459226	0.013039	0.459226	0.156534	0.459226	0.006121
0.437603	0.016234
0.333487	0.116195
0.424551	0.015746	0.459226	0.013602	0.459226	0.012915	0.459226	0.159583	0.463185	0.006059
0.429072	0.017056
0.413344	0.153730
0.463185	0.013963	0.459226	0.014641	0.459226	0.013638	0.459226	0.159742	0.435928	0.005802
0.328765	0.013772
0.405961	0.130675
0.475197	0.011776	0.463185	0.013453	0.459226	0.013168	0.463185	0.159432	0.463185	0.005991
0.425110	0.015873
0.504084	0.117212
0.475197	0.011426	0.459226	0.014108	0.459226	0.012879	0.463185	0.157922	0.463185	0.006418
0.413683	0.014622
0.504084	0.137931
0.467166	0.012600	0.463185	0.013316	0.459226	0.012910	0.463185	0.157583	0.463185	0.006318
0.542522	0.017456
0.504084	0.117399
0.467166	0.012971	0.459226	0.014381	0.455290	0.012816	0.463185	0.158271	0.435928	0.006495
0.436522	0.014348
0.398647	0.125335
0.463185	0.014970	0.435928	0.013664	0.459226	0.012459	0.463185	0.159123	0.459226	0.006597
0.570096	0.018751
0.504084	0.106742
0.471170	0.012090	0.463185	0.013559	0.459226	0.013717	0.459226	0.160486	0.463185	0.005932
0.388676	0.017036
0.475197	0.101051
0.459226	0.015043	0.463185	0.013814	0.459226	0.013893	0.463185	0.160177	0.463185	0.005837
0.416277	0.014094
0.504084	0.150118
0.467166	0.014621	0.435928	0.014055	0.459226	0.013240	0.463185	0.156140	0.463185	0.005940
0.066748	0.018984
0.405961	0.099367
0.475197	0.012006	0.435928	0.014040	0.435928	0.013392	0.435928	0.155051	0.435928	0.005769
0.018193	0.016789
0.504084	0.115503
0.495702	0.012523	0.463185	0.014296	0.459226	0.013068	0.463185	0.158812	0.459226	0.006126
0.545647	0.019253
0.504084	0.120272
delta = 0.700000, m = 18
0.459226	0.018010	0.463185	0.015925	0.459226	0.014542	0.459226	0.196174	0.463185	0.006774
0.429222	0.020254
0.413344	0.127664
0.463185	0.017137	0.435928	0.015663	0.459226	0.014425	0.435928	0.198786	0.463185	0.007206
0.431215	0.014559
0.479248	0.104199
0.479248	0.014100	0.459226	0.016566	0.459226	0.014552	0.463185	0.199985	0.463185	0.007203
0.208996	0.016237
0.405961	0.123030
0.471170	0.013013	0.459226	0.015184	0.459226	0.015199	0.435928	0.198242	0.463185	0.006907
0.203987	0.015588
0.405961	0.119410
0.471170	0.014706	0.435928	0.015046	0.459226	0.014621	0.459226	0.200267	0.459226	0.007063
0.088219	0.021119
0.508316	0.121143
0.459226	0.017392	0.435928	0.016458	0.435928	0.016008	0.459226	0.199655	0.463185	0.007080
0.298022	0.015427
0.367145	0.099247
0.471170	0.012765	0.463185	0.015467	0.459226	0.014120	0.459226	0.196969	0.463185	0.006954
0.217019	0.015595
0.467166	0.137152
0.475197	0.013652	0.459226	0.016156	0.459226	0.015070	0.459226	0.201678	0.463185	0.006406
0.352015	0.015334
0.508316	0.104094
0.483324	0.013349	0.443610	0.015344	0.459226	0.014912	0.463185	0.197356	0.459226	0.006877
0.296100	0.016566
0.459226	0.150031
0.459226	0.015648	0.435928	0.016450	0.459226	0.014576	0.463185	0.197495	0.459226	0.006969
0.352475	0.020926
0.508316	0.134941
0.467166	0.013159	0.459226	0.015861	0.459226	0.014268	0.463185	0.199779	0.463185	0.007206
0.411313	0.017236
0.405961	0.101812
0.463185	0.017392	0.459226	0.015684	0.459226	0.014123	0.435928	0.199892	0.463185	0.007014
0.415818	0.015143
0.487424	0.123327
0.467166	0.016327	0.459226	0.016155	0.459226	0.014428	0.463185	0.197959	0.443610	0.007472
0.267916	0.019373
0.405961	0.114244
0.467166	0.013728	0.459226	0.015997	0.459226	0.015108	0.459226	0.198069	0.459226	0.006494
0.381645	0.015474
0.491550	0.118551
0.471170	0.013323	0.459226	0.016713	0.447482	0.014182	0.459226	0.198472	0.463185	0.006685
0.419352	0.016476
0.526677	0.144803
0.467166	0.014453	0.459226	0.016024	0.459226	0.015094	0.435928	0.200182	0.459226	0.006735
0.214177	0.017706
0.491550	0.128768
0.467166	0.014044	0.459226	0.015671	0.459226	0.013940	0.459226	0.199341	0.463185	0.006950
0.407673	0.019008
0.508316	0.133375
0.459226	0.018535	0.459226	0.016357	0.463185	0.014231	0.459226	0.197054	0.463185	0.006735
0.506633	0.013741
0.413344	0.106618
0.471170	0.013123	0.435928	0.016900	0.459226	0.014217	0.463185	0.196474	0.459226	0.006885
0.262886	0.013801
0.413344	0.093745
0.475197	0.013240	0.463185	0.015541	0.459226	0.014738	0.459226	0.196204	0.463185	0.006471
0.346167	0.016557
0.475197	0.108748
0.471170	0.013021	0.459226	0.017069	0.459226	0.014526	0.459226	0.195954	0.463185	0.006405
0.260189	0.016496
0.504084	0.119280
0.459226	0.017983	0.463185	0.015093	0.459226	0.015040	0.459226	0.199154	0.443610	0.006004
0.400625	0.017970
0.475197	0.118679
0.463185	0.017577	0.463185	0.015763	0.459226	0.014324	0.463185	0.198393	0.463185	0.006265
0.367091	0.015913
0.483324	0.096145
0.475197	0.013167	0.459226	0.015696	0.459226	0.015162	0.459226	0.195459	0.463185	0.006834
0.436055	0.016260
0.504084	0.099203
0.467166	0.014511	0.459226	0.015996	0.459226	0.015159	0.459226	0.197107	0.463185	0.006975
0.266070	0.014892
0.491550	0.125060
0.475197	0.013149	0.435928	0.014540	0.435928	0.013989	0.459226	0.197671	0.443610	0.006439
0.315707	0.016724
0.428324	0.139566
0.467166	0.013714	0.463185	0.016469	0.459226	0.014594	0.459226	0.198054	0.459226	0.007004
0.352015	0.018171
0.511995	0.119551
0.463185	0.017195	0.463185	0.016627	0.459226	0.013984	0.463185	0.196519	0.459226	0.006007
0.352015	0.015269
0.259389	0.108631
0.467166	0.013534	0.463185	0.014941	0.459226	0.014626	0.459226	0.196157	0.463185	0.006496
0.540270	0.017438
0.504084	0.109392
0.467166	0.016453	0.463185	0.015856	0.459226	0.014266	0.463185	0.197004	0.463185	0.006502
0.327864	0.015375
0.475197	0.108712
0.463185	0.017667	0.459226	0.016458	0.459226	0.013542	0.459226	0.198893	0.463185	0.006785
0.279552	0.015819
0.499879	0.112798
0.471170	0.014344	0.463185	0.016156	0.459226	0.014357	0.463185	0.197119	0.459226	0.007202
0.257873	0.015380
0.463185	0.110056
0.467166	0.012914	0.459226	0.015975	0.459226	0.014344	0.459226	0.197137	0.435928	0.006987
0.266070	0.018097
0.413344	0.130721
0.467166	0.016738	0.463185	0.015529	0.459226	0.015200	0.463185	0.199525	0.463185	0.006892
0.338744	0.015406
0.416451	0.082467
0.467166	0.013883	0.459226	0.016238	0.459226	0.015198	0.435928	0.197116	0.463185	0.006979
0.525911	0.015915
0.320317	0.105913
0.467166	0.013731	0.463185	0.015918	0.459226	0.015277	0.435928	0.200335	0.463185	0.007007
0.328753	0.020547
0.504084	0.118519
0.463185	0.018171	0.459226	0.016471	0.459226	0.014979	0.463185	0.196683	0.463185	0.006625
0.414360	0.017643
0.475197	0.123378
0.463185	0.016953	0.459226	0.015207	0.435928	0.015109	0.463185	0.198427	0.463185	0.007269
0.354862	0.015342
0.495702	0.097588
0.471170	0.013768	0.463185	0.015365	0.459226	0.013927	0.459226	0.196457	0.459226	0.006704
0.312397	0.017473
0.504084	0.175576
0.467166	0.014143	0.459226	0.016009	0.435928	0.014871	0.459226	0.196811	0.463185	0.006783
0.366870	0.015984
0.508316	0.109813
0.467166	0.016298	0.459226	0.016009	0.459226	0.014930	0.459226	0.202065	0.463185	0.006651
0.356405	0.019001
0.409226	0.126920
0.463185	0.017591	0.459226	0.015692	0.459226	0.014043	0.459226	0.197937	0.459226	0.006243
0.396207	0.014874
0.405961	0.138168
0.435928	0.018883	0.463185	0.016236	0.459226	0.015058	0.443610	0.199374	0.459226	0.007289
0.348048	0.015347
0.413344	0.123722
0.463185	0.017809	0.463185	0.015501	0.459226	0.014473	0.459226	0.200386	0.463185	0.006397
0.222917	0.016432
0.504084	0.121836
0.467166	0.016439	0.435928	0.016387	0.435928	0.013918	0.463185	0.199580	0.463185	0.007043
0.028349	0.017316
0.413344	0.107125
0.463185	0.016739	0.463185	0.016458	0.459226	0.014244	0.463185	0.200099	0.463185	0.006474
0.322259	0.018576
0.463185	0.101130
0.463185	0.017925	0.435928	0.015613	0.459226	0.014506	0.435928	0.196533	0.463185	0.007226
0.381419	0.020058
0.475197	0.134614
0.475197	0.013624	0.459226	0.016038	0.459226	0.014428	0.459226	0.196593	0.463185	0.006809
0.547856	0.022079
0.377476	0.104558
0.471170	0.013568	0.459226	0.015912	0.459226	0.013805	0.463185	0.199125	0.463185	0.007140
0.338076	0.016823
0.467166	0.156291
0.475197	0.014474	0.435928	0.016216	0.459226	0.013913	0.463185	0.197549	0.463185	0.006818
0.367134	0.017107
0.391440	0.112433
delta = 0.700000, m = 21
0.459226	0.020888	0.459226	0.018759	0.459226	0.015969	0.459226	0.271236	0.459226	0.007587
0.091768	0.018660
0.483324	0.107113
0.459226	0.020948	0.459226	0.018082	0.459226	0.016642	0.463185	0.270266	0.463185	0.007470
0.241684	0.020245
0.475197	0.123573
0.467166	0.017425	0.459226	0.018351	0.459226	0.016086	0.459226	0.267866	0.459226	0.007866
0.358659	0.015416
0.467166	0.149250
0.471170	0.015950	0.459226	0.017496	0.435928	0.015417	0.435928	0.272085	0.459226	0.007309
0.425492	0.017426
0.475197	0.104825
0.471170	0.016995	0.459226	0.018492	0.459226	0.015692	0.463185	0.266045	0.435928	0.006826
0.274720	0.015589
0.516863	0.090008
0.463185	0.019116	0.463185	0.017929	0.459226	0.015216	0.459226	0.265858	0.443610	0.008234
0.425110	0.016433
0.495702	0.137622
0.467166	0.015632	0.435928	0.017555	0.459226	0.016016	0.459226	0.264754	0.459226	0.007416
0.288850	0.017030
0.398647	0.108889
0.467166	0.016314	0.459226	0.018431	0.459226	0.016523	0.463185	0.266123	0.459226	0.006968
0.381013	0.014763
0.499879	0.100580
0.475197	0.015529	0.463185	0.017815	0.459226	0.016094	0.435928	0.267402	0.463185	0.006892
0.424774	0.019747
0.360321	0.105584
0.467166	0.015726	0.459226	0.018243	0.459226	0.016131	0.463185	0.265249	0.463185	0.007438
0.291215	0.018496
0.320317	0.102214
0.475197	0.015235	0.435928	0.018877	0.459226	0.015982	0.459226	0.265593	0.459226	0.006941
0.367560	0.015539
0.405961	0.098621
0.463185	0.017978	0.463185	0.018064	0.459226	0.016001	0.459226	0.265797	0.459226	0.006516
0.325198	0.016954
0.353546	0.119172
0.467166	0.015392	0.463185	0.017715	0.459226	0.015571	0.463185	0.263413	0.463185	0.007478
0.430321	0.017147
0.475197	0.121374
0.475197	0.014958	0.459226	0.018986	0.459226	0.014903	0.459226	0.266946	0.459226	0.006479
0.288850	0.016284
0.475197	0.109225
0.467166	0.015302	0.459226	0.018176	0.459226	0.016184	0.459226	0.268769	0.435928	0.007247
0.335294	0.015953
0.491550	0.100711
0.463185	0.020472	0.463185	0.018516	0.459226	0.016675	0.463185	0.269507	0.463185	0.006882
0.134765	0.020874
0.491550	0.092448
0.475197	0.015221	0.463185	0.017533	0.443610	0.015722	0.459226	0.268910	0.459226	0.007352
0.335294	0.015182
0.356927	0.120010
0.467166	0.018859	0.459226	0.017651	0.459226	0.016381	0.435928	0.265446	0.463185	0.007314
0.212699	0.018506
0.360321	0.111746
0.463185	0.015982	0.463185	0.017777	0.459226	0.016322	0.463185	0.264054	0.459226	0.006582
0.334568	0.015612
0.467166	0.093026
0.467166	0.016307	0.463185	0.017964	0.459226	0.016537	0.435928	0.271684	0.459226	0.007606
0.266617	0.016718
0.420797	0.116894
0.467166	0.015607	0.459226	0.017665	0.459226	0.015930	0.435928	0.264665	0.463185	0.006895
0.255236	0.015842
0.499879	0.108147
0.475197	0.015800	0.459226	0.018621	0.459226	0.016074	0.459226	0.265705	0.463185	0.007084
0.443056	0.015209
0.475197	0.149876
0.467166	0.016195	0.459226	0.018105	0.459226	0.016518	0.463185	0.262868	0.463185	0.007184
0.395835	0.016777
0.479248	0.108281
0.463185	0.019922	0.463185	0.018157	0.459226	0.015711	0.463185	0.263371	0.463185	0.006674
0.113210	0.023239
0.491550	0.109864
0.475197	0.014822	0.435928	0.017712	0.459226	0.016259	0.459226	0.265332	0.463185	0.006695
0.480758	0.014198
0.467166	0.099866
0.475197	0.015905	0.459226	0.017859	0.459226	0.016013	0.463185	0.270302	0.459226	0.007863
0.298179	0.018510
0.475197	0.107113
0.471170	0.016595	0.463185	0.016946	0.459226	0.016116	0.463185	0.267728	0.463185	0.007881
0.400121	0.014873
0.467166	0.127112
0.471170	0.015060	0.459226	0.018107	0.459226	0.015939	0.459226	0.266016	0.463185	0.007330
0.218924	0.017687
0.326883	0.126573
0.467166	0.016426	0.435928	0.019065	0.459226	0.016231	0.463185	0.264568	0.463185	0.006951
0.330969	0.018108
0.475197	0.100987
0.435928	0.019903	0.435928	0.018901	0.435928	0.015793	0.463185	0.265580	0.435928	0.007495
0.402451	0.019213
0.491550	0.104067
0.471170	0.015138	0.435928	0.017792	0.459226	0.016445	0.459226	0.267281	0.463185	0.007439
0.363257	0.015916
0.391440	0.119601
0.479248	0.015493	0.463185	0.017840	0.459226	0.015658	0.463185	0.268840	0.459226	0.007019
0.303715	0.016458
0.475197	0.101589
0.467166	0.018018	0.463185	0.017714	0.459226	0.015015	0.459226	0.268351	0.435928	0.006261
0.317442	0.016214
0.499879	0.137104
0.475197	0.015365	0.435928	0.018076	0.459226	0.016529	0.463185	0.265489	0.459226	0.007367
0.333261	0.020709
0.413344	0.100037
0.463185	0.020852	0.459226	0.018134	0.459226	0.015806	0.463185	0.265809	0.459226	0.007169
0.321147	0.013677
0.420797	0.128154
0.463185	0.019878	0.463185	0.018038	0.455290	0.015911	0.459226	0.265282	0.459226	0.007830
0.327864	0.014367
0.467166	0.114457
0.467166	0.017269	0.463185	0.018635	0.459226	0.015854	0.459226	0.269560	0.463185	0.007932
0.434391	0.016783
0.463185	0.124566
0.463185	0.017348	0.463185	0.017716	0.459226	0.015205	0.459226	0.267453	0.435928	0.007905
0.262383	0.019174
0.413344	0.113545
0.463185	0.020862	0.459226	0.018322	0.435928	0.015538	0.459226	0.266433	0.463185	0.007108
0.413683	0.014483
0.483324	0.129002
0.459226	0.020981	0.459226	0.017807	0.459226	0.016760	0.463185	0.263522	0.435928	0.006907
0.373754	0.014505
0.475197	0.121866
0.479248	0.015404	0.463185	0.017487	0.435928	0.014883	0.463185	0.264291	0.459226	0.007185
0.288850	0.015998
0.508316	0.139471
0.463185	0.017224	0.463185	0.018403	0.459226	0.015912	0.463185	0.267685	0.463185	0.007128
0.327864	0.014568
0.428324	0.127741
0.459226	0.018311	0.463185	0.018805	0.459226	0.015652	0.459226	0.268629	0.435928	0.006712
0.367560	0.016657
0.483324	0.127738
0.471170	0.015763	0.435928	0.017196	0.459226	0.015619	0.459226	0.267872	0.459226	0.007110
0.339593	0.016350
0.475197	0.118425
0.459226	0.020141	0.459226	0.018278	0.459226	0.015634	0.459226	0.265706	0.463185	0.007002
0.313071	0.015001
0.513193	0.144699
0.459226	0.020634	0.463185	0.018035	0.459226	0.015594	0.459226	0.265838	0.463185	0.006381
0.388503	0.017094
0.475197	0.110345
0.475197	0.016350	0.435928	0.017393	0.459226	0.015143	0.435928	0.264941	0.463185	0.007153
0.347897	0.016410
0.412830	0.112913
0.471170	0.016178	0.439759	0.017346	0.459226	0.016455	0.463185	0.266146	0.463185	0.006989
0.234572	0.017485
0.475197	0.117155
0.467166	0.016384	0.459226	0.018147	0.459226	0.015594	0.459226	0.268089	0.459226	0.006895
0.364563	0.016141
0.491550	0.088816
0.463185	0.020491	0.463185	0.017664	0.435928	0.015402	0.459226	0.270310	0.463185	0.007167
0.393099	0.015310
0.491550	0.116660
delta = 0.700000, m = 24
0.463185	0.023738	0.463185	0.021897	0.459226	0.016887	0.459226	0.296270	0.459226	0.006758
0.242493	0.018028
0.391440	0.115629
0.463185	0.018334	0.463185	0.021388	0.459226	0.017100	0.435928	0.296265	0.443610	0.007191
0.235058	0.019240
0.475197	0.120222
0.463185	0.021251	0.463185	0.019811	0.459226	0.017817	0.459226	0.299123	0.459226	0.007344
0.386420	0.014980
0.508316	0.101519
0.463185	0.022231	0.463185	0.021144	0.459226	0.017919	0.463185	0.298703	0.463185	0.007332
0.323563	0.017801
0.413344	0.101075
0.475197	0.017374	0.435928	0.019876	0.459226	0.018192	0.459226	0.296436	0.463185	0.007628
0.452567	0.020308
0.467166	0.110945
0.467166	0.019584	0.459226	0.020287	0.435928	0.016957	0.459226	0.298805	0.463185	0.007568
0.263324	0.018047
0.526677	0.096695
0.467166	0.018195	0.463185	0.020670	0.455290	0.016687	0.463185	0.297679	0.459226	0.007938
0.326183	0.017979
0.499879	0.100324
0.471170	0.017071	0.463185	0.019325	0.459226	0.016868	0.459226	0.298769	0.459226	0.007267
0.309367	0.016952
0.479248	0.088043
0.459226	0.023465	0.443610	0.020174	0.459226	0.016720	0.463185	0.299006	0.463185	0.007342
0.286501	0.014722
0.482186	0.105147
0.463185	0.023333	0.459226	0.020587	0.455290	0.017156	0.463185	0.297611	0.459226	0.007087
0.169730	0.016423
0.479248	0.098931
0.475197	0.017111	0.459226	0.019961	0.459226	0.016645	0.459226	0.297806	0.459226	0.007697
0.357888	0.016295
0.499879	0.101248
0.467166	0.016114	0.459226	0.020591	0.459226	0.016996	0.459226	0.300395	0.463185	0.007334
0.390316	0.021348
0.487424	0.106769
0.459226	0.022890	0.459226	0.019945	0.459226	0.017360	0.463185	0.297767	0.463185	0.007463
0.169730	0.015574
0.491550	0.095155
0.467166	0.018314	0.463185	0.019721	0.459226	0.017552	0.459226	0.298518	0.463185	0.007615
0.378607	0.022176
0.417061	0.108485
0.471170	0.016626	0.463185	0.020842	0.459226	0.017461	0.463185	0.298733	0.463185	0.007125
0.362196	0.019690
0.491550	0.099973
0.463185	0.022465	0.459226	0.020317	0.459226	0.016936	0.459226	0.298656	0.435928	0.006771
0.440017	0.016516
0.413344	0.089311
0.467166	0.017575	0.459226	0.020170	0.459226	0.017449	0.463185	0.298732	0.435928	0.007001
0.298411	0.014763
0.377476	0.111552
0.463185	0.022221	0.463185	0.020591	0.459226	0.016693	0.459226	0.302929	0.463185	0.007222
0.224705	0.019806
0.483324	0.119897
0.475197	0.017987	0.459226	0.020290	0.459226	0.017669	0.463185	0.299350	0.459226	0.007319
0.337582	0.016875
0.428324	0.093065
0.463185	0.020999	0.459226	0.020481	0.459226	0.016616	0.463185	0.298015	0.459226	0.007484
0.366676	0.014720
0.330180	0.105086
0.463185	0.016956	0.459226	0.019626	0.459226	0.017114	0.463185	0.297191	0.459226	0.007103
0.401772	0.016509
0.333487	0.106439
0.471170	0.017482	0.463185	0.020947	0.459226	0.016678	0.435928	0.303562	0.459226	0.008099
0.318364	0.017903
0.483324	0.114274
0.475197	0.017180	0.463185	0.020570	0.459226	0.016707	0.459226	0.294873	0.459226	0.007833
0.263875	0.020324
0.491550	0.106518
0.463185	0.020760	0.463185	0.020283	0.459226	0.016668	0.463185	0.299226	0.459226	0.008570
0.246815	0.018065
0.467166	0.124671
0.463185	0.018167	0.443610	0.019652	0.459226	0.016574	0.463185	0.301688	0.463185	0.006758
0.243439	0.015769
0.491550	0.091880
0.463185	0.023040	0.459226	0.019487	0.459226	0.018297	0.459226	0.296496	0.435928	0.008343
0.213704	0.017079
0.467166	0.103898
0.459226	0.023609	0.459226	0.019805	0.459226	0.016927	0.435928	0.297828	0.463185	0.007618
0.314564	0.020643
0.491550	0.091454
0.463185	0.022094	0.463185	0.020264	0.459226	0.016558	0.463185	0.296726	0.435928	0.006652
0.424548	0.016919
0.471170	0.100908
0.467166	0.017154	0.435928	0.020972	0.432116	0.017397	0.463185	0.296211	0.459226	0.007759
0.351863	0.016555
0.475197	0.110065
0.475197	0.017023	0.435928	0.020419	0.459226	0.016293	0.459226	0.296880	0.443610	0.007926
0.399679	0.014528
0.417061	0.084680
0.463185	0.018379	0.459226	0.020138	0.459226	0.016614	0.463185	0.296895	0.463185	0.007947
0.208014	0.016088
0.467166	0.114527
0.467166	0.018476	0.459226	0.020682	0.447482	0.017375	0.459226	0.296419	0.459226	0.007106
0.229988	0.017377
0.479248	0.096813
0.463185	0.022839	0.463185	0.019819	0.459226	0.016923	0.459226	0.298667	0.463185	0.008191
0.389743	0.018856
0.475197	0.106251
0.459226	0.022388	0.463185	0.020663	0.459226	0.017782	0.459226	0.298218	0.459226	0.007360
0.359749	0.021578
0.508316	0.104048
0.463185	0.022371	0.459226	0.020427	0.459226	0.017085	0.435928	0.296614	0.459226	0.007292
0.421895	0.015040
0.483324	0.109391
0.459226	0.022309	0.435928	0.020129	0.459226	0.017483	0.459226	0.298306	0.435928	0.006943
0.231408	0.015627
0.475197	0.108688
0.459226	0.022615	0.463185	0.019889	0.459226	0.016909	0.435928	0.303350	0.459226	0.008597
0.240637	0.016428
0.413344	0.110454
0.451376	0.023261	0.459226	0.020571	0.459226	0.017443	0.463185	0.298326	0.459226	0.008177
0.328824	0.019261
0.467166	0.103833
0.467166	0.017736	0.463185	0.020068	0.443610	0.016270	0.443610	0.296558	0.463185	0.007678
0.413959	0.015896
0.499995	0.108631
0.435928	0.023519	0.463185	0.021089	0.459226	0.017419	0.463185	0.298243	0.459226	0.007811
0.271521	0.020180
0.491550	0.103869
0.467166	0.017603	0.463185	0.020599	0.459226	0.017152	0.463185	0.292916	0.463185	0.007147
0.395505	0.013551
0.483324	0.098485
0.471170	0.016690	0.459226	0.020354	0.459226	0.018346	0.463185	0.302650	0.459226	0.008383
0.342988	0.022533
0.499879	0.110109
0.467166	0.016657	0.459226	0.020348	0.459226	0.017526	0.459226	0.300483	0.435928	0.007755
0.367091	0.016857
0.405961	0.103714
0.475197	0.017253	0.459226	0.020542	0.459226	0.017033	0.459226	0.298713	0.463185	0.007351
0.327081	0.015169
0.424551	0.120406
0.459226	0.022567	0.463185	0.020593	0.435928	0.017061	0.463185	0.295174	0.435928	0.007639
0.430969	0.017651
0.500816	0.106282
0.475197	0.016517	0.463185	0.019757	0.459226	0.016459	0.463185	0.297270	0.463185	0.007379
0.327864	0.015591
0.405961	0.098146
0.459226	0.023231	0.459226	0.019710	0.459226	0.017980	0.435928	0.299682	0.463185	0.007603
0.360942	0.018702
0.483324	0.109109
0.467166	0.017700	0.463185	0.020150	0.459226	0.016375	0.463185	0.303136	0.463185	0.007405
0.293597	0.014034
0.467166	0.093095
0.463185	0.017553	0.463185	0.020284	0.459226	0.017667	0.459226	0.302628	0.463185	0.007563
0.373313	0.018973
0.491550	0.107349
0.463185	0.023497	0.459226	0.022092	0.459226	0.018251	0.463185	0.300665	0.463185	0.008204
0.424548	0.014799
0.475197	0.113258
delta = 0.700000, m = 27
0.467166	0.020595	0.435928	0.023019	0.459226	0.019716	0.463185	0.408658	0.463185	0.008195
0.234572	0.017134
0.424551	0.087211
0.467166	0.018427	0.459226	0.023365	0.459226	0.018180	0.459226	0.408628	0.459226	0.008305
0.501033	0.016180
0.475197	0.086562
0.467166	0.019554	0.435928	0.023492	0.459226	0.018464	0.459226	0.408135	0.435928	0.008872
0.334166	0.016870
0.467166	0.108071
0.463185	0.021132	0.435928	0.022256	0.459226	0.018745	0.459226	0.413133	0.459226	0.007946
0.345338	0.026181
0.519069	0.089327
0.467166	0.019656	0.459226	0.022736	0.459226	0.018608	0.459226	0.413248	0.463185	0.008015
0.417250	0.019003
0.491550	0.094931
0.443610	0.024958	0.463185	0.022479	0.459226	0.019544	0.435928	0.412982	0.463185	0.008133
0.322938	0.015947
0.475197	0.109481
0.475197	0.019625	0.459226	0.022687	0.459226	0.018284	0.463185	0.405080	0.459226	0.007910
0.302992	0.020047
0.405961	0.108629
0.467166	0.021830	0.459226	0.023379	0.459226	0.019339	0.459226	0.409313	0.459226	0.008049
0.313278	0.017190
0.499879	0.108480
0.475197	0.018629	0.459226	0.022970	0.459226	0.018882	0.463185	0.408721	0.463185	0.008840
0.233437	0.018405
0.535834	0.119002
0.459226	0.025475	0.463185	0.023078	0.459226	0.019037	0.435928	0.407023	0.463185	0.008260
0.129007	0.017120
0.420797	0.107022
0.467166	0.019682	0.459226	0.023456	0.443610	0.017463	0.463185	0.405322	0.459226	0.008612
0.519347	0.019168
0.483324	0.095153
0.471170	0.018481	0.463185	0.022591	0.459226	0.018089	0.459226	0.408650	0.435928	0.008202
0.364021	0.015782
0.447482	0.124417
0.459226	0.025426	0.459226	0.023880	0.459226	0.019744	0.459226	0.405820	0.459226	0.008642
0.290536	0.017594
0.467166	0.107952
0.443610	0.024367	0.463185	0.023066	0.459226	0.019081	0.459226	0.408286	0.463185	0.008432
0.332602	0.023819
0.377476	0.117174
0.467166	0.018852	0.463185	0.022619	0.459226	0.019761	0.463185	0.408064	0.463185	0.008291
0.389224	0.016874
0.475197	0.097472
0.467166	0.019027	0.463185	0.022973	0.435928	0.018362	0.435928	0.405277	0.459226	0.008605
0.278469	0.021330
0.483324	0.108087
0.475197	0.018889	0.459226	0.022929	0.428324	0.018750	0.459226	0.409069	0.463185	0.008269
0.316432	0.019545
0.483324	0.094917
0.467166	0.019432	0.459226	0.022744	0.459226	0.019257	0.463185	0.408158	0.463185	0.008718
0.039726	0.016242
0.475197	0.084688
0.455290	0.026425	0.435928	0.022342	0.459226	0.018821	0.463185	0.408514	0.463185	0.009112
0.290393	0.017329
0.475197	0.105971
0.467166	0.020423	0.459226	0.023132	0.459226	0.020350	0.443610	0.407726	0.463185	0.008831
0.102187	0.017520
0.490564	0.108603
0.475197	0.019514	0.435928	0.022996	0.459226	0.019076	0.459226	0.412381	0.463185	0.008129
0.285687	0.020413
0.409226	0.103106
0.467166	0.022687	0.459226	0.023141	0.459226	0.019352	0.435928	0.408500	0.463185	0.008296
0.417039	0.014360
0.380946	0.110253
0.463185	0.021245	0.463185	0.023250	0.459226	0.018599	0.459226	0.411313	0.463185	0.007907
0.345338	0.020721
0.491347	0.100216
0.475197	0.018767	0.463185	0.023463	0.459226	0.018028	0.463185	0.408561	0.463185	0.008321
0.230667	0.018495
0.391399	0.093188
0.471170	0.018397	0.435928	0.023979	0.459226	0.019120	0.463185	0.411786	0.443610	0.008083
0.354885	0.019406
0.491550	0.103691
0.463185	0.026068	0.459226	0.023175	0.459226	0.018494	0.463185	0.408605	0.463185	0.008051
0.207658	0.018022
0.405961	0.089737
0.467166	0.022288	0.463185	0.023116	0.459226	0.019021	0.459226	0.411025	0.459226	0.008764
0.313071	0.018383
0.487424	0.120647
0.463185	0.027181	0.463185	0.022271	0.459226	0.018353	0.463185	0.410244	0.463185	0.008264
0.500737	0.016370
0.455290	0.100108
0.463185	0.022119	0.459226	0.022757	0.459226	0.019747	0.459226	0.407507	0.459226	0.008335
0.545647	0.022508
0.499879	0.108972
0.467166	0.021217	0.435928	0.022741	0.435928	0.019080	0.435928	0.411322	0.463185	0.007501
0.292584	0.016451
0.491550	0.093954
0.463185	0.025290	0.459226	0.023556	0.459226	0.019652	0.435928	0.409151	0.459226	0.008519
0.116031	0.017735
0.490564	0.110850
0.467166	0.018727	0.459226	0.022606	0.459226	0.019777	0.463185	0.411749	0.463185	0.008466
0.258604	0.023729
0.491550	0.101567
0.459226	0.025025	0.463185	0.023142	0.459226	0.018634	0.463185	0.411650	0.443610	0.007728
0.354885	0.018447
0.526677	0.079878
0.467166	0.026305	0.459226	0.024435	0.455290	0.020403	0.463185	0.410358	0.459226	0.009099
0.294738	0.013733
0.455290	0.105116
0.463185	0.023405	0.463185	0.023518	0.459226	0.018611	0.459226	0.408207	0.463185	0.008405
0.234572	0.013805
0.508316	0.116706
0.459226	0.025008	0.459226	0.022541	0.459226	0.018982	0.463185	0.410290	0.435928	0.008071
0.430959	0.017665
0.467166	0.109594
0.459226	0.027190	0.443610	0.022366	0.459226	0.018478	0.459226	0.410045	0.463185	0.008456
0.388503	0.019928
0.495656	0.109319
0.467166	0.022526	0.459226	0.024243	0.435928	0.019223	0.459226	0.406420	0.459226	0.008815
0.349078	0.018260
0.413344	0.095680
0.475197	0.020051	0.459226	0.023387	0.459226	0.019212	0.459226	0.408824	0.459226	0.008561
0.222767	0.019975
0.447482	0.118769
0.467166	0.021128	0.463185	0.023854	0.435928	0.019312	0.463185	0.407635	0.459226	0.008146
0.340882	0.015351
0.479248	0.096493
0.463185	0.021540	0.435928	0.023514	0.459226	0.019336	0.459226	0.407593	0.463185	0.008472
0.226938	0.016045
0.467166	0.099768
0.475197	0.019626	0.463185	0.022364	0.459226	0.018819	0.459226	0.408944	0.463185	0.009043
0.165393	0.018652
0.424551	0.106121
0.463185	0.025524	0.463185	0.022364	0.459226	0.018854	0.435928	0.412102	0.459226	0.008472
0.399679	0.015383
0.512575	0.103779
0.463185	0.024123	0.463185	0.022188	0.435928	0.019202	0.459226	0.409688	0.463185	0.008974
0.270504	0.014947
0.512575	0.112733
0.467166	0.018540	0.463185	0.021709	0.459226	0.017982	0.459226	0.406520	0.463185	0.008150
0.330552	0.017364
0.467166	0.100142
0.467166	0.020066	0.435928	0.023171	0.459226	0.018155	0.463185	0.410704	0.459226	0.008584
0.292584	0.030867
0.483324	0.106202
0.467166	0.020312	0.459226	0.022962	0.459226	0.018273	0.463185	0.406642	0.459226	0.008006
0.349983	0.015077
0.483324	0.098610
0.463185	0.026210	0.435928	0.023490	0.459226	0.019862	0.459226	0.405187	0.463185	0.007810
0.338332	0.023998
0.479248	0.107476
0.435928	0.025496	0.459226	0.022532	0.439759	0.018558	0.459226	0.410430	0.463185	0.009149
0.328789	0.017793
0.499995	0.098414
0.455290	0.026302	0.435928	0.022167	0.435928	0.018889	0.459226	0.408598	0.463185	0.008425
0.296713	0.025243
0.405961	0.089808
delta = 0.700000, m = 30
0.467166	0.023247	0.459226	0.025631	0.435928	0.020274	0.459226	0.470521	0.435928	0.008545
0.397465	0.019890
0.491550	0.098379
0.463185	0.028387	0.463185	0.025532	0.459226	0.019934	0.459226	0.462756	0.463185	0.008643
0.275636	0.020135
0.467166	0.104547
0.463185	0.023885	0.459226	0.024318	0.459226	0.022281	0.435928	0.458822	0.463185	0.008874
0.063259	0.014897
0.499879	0.101848
0.467166	0.021776	0.443610	0.025141	0.459226	0.020568	0.459226	0.466095	0.459226	0.009231
0.305764	0.016452
0.475197	0.097735
0.467166	0.021333	0.435928	0.025041	0.459226	0.020716	0.459226	0.462272	0.459226	0.009185
0.345338	0.021033
0.467166	0.098837
0.463185	0.021372	0.463185	0.025466	0.459226	0.019512	0.459226	0.460823	0.459226	0.008724
0.387673	0.026691
0.467166	0.106229
0.451376	0.026582	0.463185	0.025785	0.459226	0.020475	0.463185	0.463579	0.463185	0.008564
0.346564	0.015427
0.475197	0.100584
0.467166	0.023346	0.459226	0.024590	0.435928	0.019783	0.463185	0.474182	0.463185	0.008553
0.335992	0.019317
0.370576	0.087126
0.467166	0.021951	0.459226	0.025495	0.435928	0.023683	0.435928	0.469264	0.459226	0.008158
0.290536	0.014822
0.522149	0.090636
0.463185	0.022403	0.459226	0.025823	0.459226	0.021429	0.459226	0.485996	0.459226	0.009199
0.300888	0.018939
0.471170	0.095364
0.443610	0.027927	0.459226	0.025867	0.459226	0.021085	0.459226	0.462688	0.459226	0.009008
0.539169	0.015977
0.529903	0.111010
0.463185	0.027865	0.459226	0.024609	0.459226	0.020239	0.459226	0.479155	0.459226	0.008318
0.405818	0.022368
0.413344	0.102730
0.463185	0.028616	0.435928	0.025575	0.459226	0.020574	0.459226	0.465019	0.443610	0.008203
0.292584	0.015308
0.483324	0.129212
0.467166	0.020547	0.463185	0.025084	0.459226	0.020288	0.459226	0.462774	0.459226	0.009133
0.292584	0.020754
0.483324	0.101977
0.463185	0.025580	0.459226	0.025250	0.459226	0.020142	0.459226	0.472124	0.435928	0.012531
0.313689	0.018885
0.523720	0.097011
0.467166	0.022944	0.463185	0.025118	0.459226	0.020701	0.459226	0.462940	0.435928	0.009040
0.385049	0.022917
0.478590	0.111152
0.471170	0.021623	0.463185	0.025450	0.451376	0.020619	0.435928	0.467429	0.463185	0.008798
0.387673	0.019630
0.499995	0.094081
0.463185	0.028639	0.459226	0.025314	0.459226	0.019921	0.459226	0.465832	0.463185	0.009303
0.191455	0.031932
0.424551	0.104712
0.459226	0.029498	0.463185	0.023898	0.428324	0.020498	0.463185	0.469091	0.435928	0.009663
0.387109	0.019184
0.491550	0.095439
0.451376	0.028145	0.463185	0.024826	0.459226	0.020677	0.435928	0.463377	0.463185	0.009535
0.281480	0.016548
0.483324	0.087298
0.467166	0.023131	0.459226	0.024839	0.459226	0.019510	0.459226	0.469838	0.435928	0.010126
0.333261	0.019853
0.405961	0.093915
0.459226	0.028250	0.459226	0.025149	0.459226	0.020472	0.443610	0.468096	0.459226	0.009076
0.407750	0.017171
0.482815	0.095268
0.435928	0.029210	0.459226	0.025211	0.459226	0.019441	0.463185	0.470297	0.463185	0.007895
0.561081	0.021208
0.467166	0.100642
0.459226	0.028826	0.463185	0.025095	0.459226	0.020446	0.463185	0.470235	0.463185	0.009564
0.253083	0.016538
0.483324	0.100587
0.451376	0.024288	0.459226	0.025089	0.459226	0.019839	0.463185	0.470296	0.463185	0.008877
0.281852	0.019781
0.467166	0.088051
0.459226	0.027209	0.435928	0.024931	0.459226	0.020227	0.463185	0.467755	0.459226	0.009607
0.153562	0.022486
0.479248	0.101889
0.459226	0.027808	0.435928	0.025524	0.459226	0.020338	0.459226	0.461376	0.463185	0.009046
0.270504	0.014994
0.467166	0.107720
0.467166	0.020447	0.463185	0.025652	0.459226	0.020443	0.459226	0.462251	0.459226	0.008428
0.386923	0.017951
0.491550	0.086543
0.459226	0.027416	0.459226	0.025725	0.459226	0.019939	0.459226	0.467475	0.463185	0.008668
0.408644	0.019128
0.428324	0.101151
0.467166	0.022177	0.459226	0.026135	0.459226	0.020907	0.435928	0.466789	0.459226	0.008418
0.410796	0.022567
0.519069	0.094180
0.471170	0.022028	0.463185	0.025813	0.439759	0.019368	0.435928	0.465480	0.463185	0.008730
0.496904	0.017000
0.428324	0.119526
0.463185	0.028500	0.463185	0.025041	0.459226	0.020366	0.463185	0.463372	0.459226	0.008589
0.340127	0.015966
0.486361	0.107639
0.459226	0.028738	0.463185	0.025183	0.459226	0.020346	0.463185	0.467420	0.463185	0.009023
0.362205	0.019925
0.491550	0.092847
0.443610	0.026379	0.459226	0.025036	0.459226	0.020925	0.463185	0.462727	0.459226	0.009607
0.246815	0.014705
0.409644	0.103371
0.459226	0.027455	0.459226	0.025350	0.459226	0.019755	0.435928	0.461877	0.463185	0.009526
0.313689	0.018926
0.467166	0.100766
0.467166	0.023161	0.459226	0.024592	0.459226	0.019964	0.463185	0.464466	0.459226	0.009420
0.206140	0.019307
0.487424	0.108431
0.459226	0.027875	0.435928	0.025426	0.459226	0.020034	0.463185	0.471731	0.463185	0.008533
0.217019	0.016934
0.491550	0.098289
0.463185	0.025390	0.459226	0.025686	0.459226	0.019702	0.459226	0.466316	0.463185	0.008240
0.336869	0.017948
0.523720	0.102053
0.463185	0.028400	0.459226	0.024417	0.459226	0.020023	0.435928	0.469802	0.459226	0.008870
0.272115	0.018494
0.409226	0.099523
0.463185	0.028016	0.463185	0.023948	0.459226	0.020334	0.463185	0.467289	0.463185	0.009004
0.266070	0.016530
0.491550	0.104933
0.471170	0.020365	0.459226	0.026163	0.463185	0.020455	0.435928	0.468671	0.435928	0.008885
0.303295	0.020566
0.508316	0.095539
0.467166	0.021106	0.459226	0.025667	0.459226	0.020497	0.463185	0.469991	0.459226	0.009463
0.385049	0.020129
0.491550	0.096231
0.475197	0.021284	0.463185	0.026146	0.459226	0.020142	0.463185	0.465508	0.463185	0.009844
0.391548	0.019235
0.467166	0.089967
0.471170	0.021122	0.459226	0.025829	0.459226	0.020754	0.459226	0.465876	0.463185	0.008847
0.408486	0.018535
0.483324	0.097675
0.475197	0.022868	0.459226	0.024925	0.435928	0.020196	0.463185	0.471549	0.463185	0.008795
0.294643	0.024058
0.428324	0.107992
0.463185	0.026043	0.463185	0.025487	0.459226	0.020008	0.459226	0.464799	0.459226	0.009389
0.330552	0.016766
0.483324	0.092615
0.459226	0.027844	0.435928	0.025758	0.459226	0.020691	0.459226	0.466091	0.435928	0.008787
0.290536	0.017584
0.543218	0.104817
0.459226	0.027355	0.459226	0.025381	0.459226	0.020992	0.435928	0.459660	0.459226	0.008595
0.289682	0.021223
0.482186	0.096211
0.467166	0.021033	0.463185	0.025582	0.459226	0.020711	0.463185	0.462506	0.463185	0.008024
0.234089	0.017165
0.475197	0.085812
0.459226	0.028196	0.435928	0.024844	0.459226	0.020171	0.435928	0.468416	0.435928	0.009837
0.412146	0.018554
0.483324	0.121348
0.542703	0.125458
