delta = 0.800000, m = 5
0.603152	0.005632	0.693204	0.003727	0.693624	0.005495	0.688360	0.032906	0.414184	0.003981
0.655786	0.021044
0.648906	0.031239
0.693204	0.003617	0.632127	0.003297	0.693624	0.004492	0.652428	0.033126	0.631001	0.004137
0.673463	0.026891
0.579247	0.033322
0.439541	0.004308	0.638917	0.003276	0.705524	0.004915	0.693624	0.032840	0.654736	0.003495
0.664742	0.019419
0.609682	0.029579
0.665781	0.003854	0.701627	0.004211	0.696214	0.004799	0.705524	0.032232	0.696536	0.002870
0.659367	0.028121
0.656947	0.029697
0.671647	0.004138	0.664992	0.003733	0.705524	0.004873	0.693204	0.032236	0.693204	0.003113
0.682189	0.022306
0.579247	0.029867
0.606256	0.004463	0.656070	0.003442	0.705524	0.004575	0.701627	0.032297	0.705524	0.003468
0.659367	0.022137
0.675939	0.031896
0.656631	0.004337	0.677032	0.003811	0.693624	0.004903	0.693204	0.033158	0.678757	0.003140
0.665895	0.019492
0.648906	0.029079
0.606256	0.003847	0.653600	0.003665	0.705524	0.004531	0.693204	0.032474	0.668440	0.003123
0.659367	0.026912
0.648906	0.031093
0.693204	0.003619	0.664992	0.003931	0.705524	0.004886	0.657266	0.031329	0.693624	0.002944
0.611779	0.016579
0.656947	0.034207
0.671944	0.004327	0.622039	0.003582	0.693624	0.005082	0.696237	0.032261	0.667701	0.003391
0.684114	0.017816
0.648144	0.033964
0.604753	0.004022	0.684252	0.003236	0.705524	0.004631	0.677032	0.032708	0.693624	0.003284
0.729064	0.017982
0.656947	0.030790
0.656117	0.003854	0.643769	0.003532	0.693624	0.005086	0.638917	0.033038	0.688661	0.002940
0.671944	0.018667
0.648906	0.032422
0.638917	0.004543	0.646104	0.003935	0.696214	0.005456	0.644521	0.032789	0.626894	0.003402
0.664742	0.024864
0.585413	0.029589
0.653600	0.004088	0.671198	0.003994	0.693624	0.005397	0.693204	0.032164	0.574424	0.002994
0.673463	0.026124
0.653957	0.029268
0.693204	0.003504	0.672245	0.003194	0.693624	0.005029	0.712118	0.032811	0.620962	0.003708
0.659367	0.022279
0.724230	0.028255
0.643850	0.004441	0.645646	0.003836	0.693204	0.004812	0.697908	0.032676	0.660561	0.003239
0.657880	0.017715
0.724230	0.027502
0.693204	0.003533	0.656070	0.004187	0.693624	0.004935	0.652671	0.033721	0.604973	0.003349
0.659367	0.018627
0.656947	0.029442
0.625531	0.004313	0.640475	0.005507	0.705524	0.005279	0.713793	0.032177	0.690558	0.003266
0.638003	0.018364
0.648906	0.031203
0.638917	0.004078	0.697908	0.004061	0.693624	0.005003	0.685151	0.032650	0.655611	0.002986
0.665895	0.024513
0.648906	0.033718
0.614618	0.004008	0.632127	0.004400	0.705524	0.004787	0.708176	0.033278	0.708176	0.003433
0.689238	0.016824
0.648906	0.030496
0.461320	0.004657	0.693204	0.003612	0.693624	0.004871	0.677032	0.031987	0.635051	0.003537
0.651940	0.021450
0.659161	0.031052
0.700247	0.004080	0.664992	0.003953	0.696214	0.004838	0.644293	0.032288	0.601004	0.003074
0.666789	0.016126
0.656947	0.030186
0.571705	0.005528	0.643962	0.003643	0.705524	0.005351	0.685547	0.032331	0.656947	0.003261
0.664742	0.023329
0.724230	0.034430
0.617775	0.003785	0.634072	0.004255	0.693624	0.004551	0.675767	0.033441	0.547497	0.005120
0.662506	0.025147
0.648906	0.032148
0.653600	0.004143	0.603861	0.003843	0.693624	0.005257	0.705524	0.032922	0.373122	0.003031
0.671610	0.021117
0.675939	0.028065
0.598128	0.003751	0.677032	0.003944	0.693624	0.005279	0.661244	0.032379	0.693204	0.002848
0.662506	0.023947
0.656947	0.030394
0.662466	0.004422	0.664997	0.003817	0.705524	0.004999	0.705524	0.031426	0.705524	0.003156
0.664742	0.018452
0.648906	0.030773
0.617808	0.003714	0.693204	0.004143	0.693624	0.006121	0.671944	0.031798	0.675244	0.003234
0.659367	0.020780
0.583142	0.032005
0.682141	0.003973	0.682141	0.003519	0.693624	0.004559	0.671944	0.032376	0.682580	0.003179
0.659367	0.018936
0.659161	0.030916
0.628667	0.004211	0.634072	0.004752	0.705524	0.005219	0.664992	0.032855	0.664021	0.003477
0.673476	0.022086
0.648906	0.033334
0.654759	0.004583	0.644293	0.003674	0.705524	0.004600	0.638064	0.033430	0.705524	0.003237
0.681383	0.017778
0.644975	0.030554
0.567389	0.003822	0.693204	0.003809	0.693624	0.004808	0.655611	0.033124	0.701711	0.002954
0.659367	0.021862
0.648906	0.032168
0.642637	0.004458	0.693204	0.003292	0.705524	0.005561	0.701014	0.033316	0.624652	0.003749
0.655786	0.022375
0.724230	0.027594
0.592169	0.004374	0.696536	0.004021	0.705524	0.005172	0.664992	0.033341	0.705524	0.002709
0.655786	0.022413
0.583142	0.026906
0.645996	0.003886	0.697908	0.004020	0.693624	0.005840	0.665539	0.032529	0.601759	0.004319
0.659367	0.017772
0.648906	0.031464
0.625586	0.003890	0.645646	0.003846	0.693624	0.004781	0.682580	0.033053	0.693204	0.002972
0.684353	0.018316
0.625319	0.030402
0.612460	0.003573	0.644293	0.003533	0.693624	0.005112	0.694425	0.032269	0.693624	0.003245
0.672371	0.019478
0.724230	0.027913
0.705524	0.003747	0.645646	0.004022	0.693624	0.005134	0.705524	0.032331	0.599553	0.003195
0.683675	0.018598
0.656947	0.031347
0.609107	0.004338	0.705524	0.003266	0.705524	0.005115	0.693624	0.032930	0.590999	0.003194
0.673463	0.022543
0.648906	0.028558
0.674773	0.004144	0.643962	0.003788	0.705524	0.004601	0.708370	0.032615	0.639380	0.003161
0.673476	0.020281
0.644975	0.030081
0.612338	0.005169	0.693204	0.003500	0.705524	0.004694	0.650519	0.031685	0.617775	0.003370
0.659367	0.020857
0.724230	0.032457
0.655726	0.003991	0.677032	0.004171	0.693204	0.004647	0.633053	0.033826	0.705524	0.002930
0.683693	0.017467
0.589228	0.027738
0.660953	0.004423	0.693204	0.004305	0.705524	0.005203	0.693624	0.032913	0.693204	0.003253
0.673476	0.023567
0.665918	0.031769
0.607548	0.005677	0.696214	0.003774	0.705524	0.004785	0.705524	0.032387	0.692412	0.003087
0.659367	0.033982
0.644975	0.031492
0.693204	0.004157	0.645646	0.003646	0.693624	0.004811	0.611689	0.033521	0.616710	0.003473
0.660430	0.022578
0.648906	0.030857
0.423381	0.004678	0.664992	0.004222	0.705524	0.005033	0.693204	0.032301	0.690558	0.003483
0.665895	0.026827
0.648906	0.034790
0.684373	0.003737	0.644293	0.004414	0.705524	0.004729	0.708370	0.032488	0.607986	0.003337
0.659367	0.026408
0.675939	0.028481
0.594279	0.006031	0.693204	0.003454	0.705524	0.005418	0.667221	0.032312	0.693204	0.003222
0.651940	0.019262
0.648906	0.032424
0.679427	0.004245	0.664997	0.003634	0.705524	0.004768	0.701711	0.032649	0.687457	0.003877
0.655786	0.019651
0.724230	0.032519
0.610838	0.003996	0.677032	0.003558	0.693624	0.005287	0.696237	0.032003	0.696237	0.003225
0.656149	0.019005
0.648906	0.035537
delta = 0.800000, m = 10
0.693204	0.005118	0.705524	0.005049	0.705524	0.006817	0.705524	0.066381	0.705524	0.003370
0.542119	0.010869
0.704756	0.038225
0.684193	0.005306	0.705524	0.004654	0.705524	0.006363	0.705524	0.066185	0.705524	0.003517
0.632906	0.011407
0.706901	0.037322
0.610589	0.006213	0.693624	0.004806	0.705524	0.006607	0.693624	0.066355	0.685151	0.003173
0.718341	0.016652
0.724317	0.044632
0.607548	0.005310	0.705524	0.004654	0.705524	0.006807	0.705524	0.066902	0.705524	0.003387
0.626527	0.013692
0.706901	0.035776
0.705524	0.005029	0.693624	0.004649	0.705524	0.007246	0.705524	0.065653	0.705524	0.003532
0.664094	0.013971
0.696178	0.035743
0.626894	0.006393	0.705524	0.004802	0.705524	0.006942	0.705524	0.065940	0.694425	0.003986
0.655777	0.016518
0.712118	0.037317
0.682141	0.005208	0.705524	0.004747	0.705524	0.006731	0.693624	0.065550	0.705524	0.003743
0.670163	0.011283
0.673522	0.039754
0.612825	0.005449	0.705524	0.004559	0.705524	0.007074	0.705524	0.066281	0.705524	0.004086
0.613127	0.012912
0.698556	0.037764
0.693204	0.005459	0.705524	0.005293	0.705524	0.006907	0.693624	0.065778	0.693204	0.004780
0.652410	0.014437
0.686983	0.038975
0.667518	0.005980	0.693624	0.005415	0.693624	0.006649	0.705524	0.066461	0.705524	0.003363
0.512844	0.011843
0.698556	0.041565
0.693204	0.006036	0.705524	0.005653	0.705524	0.007216	0.705524	0.067879	0.705524	0.003079
0.564853	0.013070
0.666337	0.036627
0.693204	0.005176	0.693624	0.004897	0.705524	0.006491	0.705524	0.065848	0.693624	0.004125
0.731846	0.016256
0.607812	0.039567
0.705524	0.006110	0.705524	0.004716	0.705524	0.006701	0.705524	0.064739	0.705524	0.003468
0.676242	0.013232
0.629992	0.033269
0.650519	0.005166	0.705524	0.004953	0.705524	0.007384	0.693204	0.066292	0.693204	0.003494
0.565972	0.011187
0.698556	0.043306
0.659917	0.006388	0.705524	0.004574	0.705524	0.007039	0.705524	0.066002	0.705524	0.003577
0.675225	0.013809
0.698556	0.042726
0.673522	0.005442	0.693624	0.004316	0.705524	0.006958	0.693624	0.066699	0.705524	0.003842
0.625995	0.012224
0.700755	0.034863
0.693204	0.005671	0.705524	0.004205	0.705524	0.006848	0.705524	0.068274	0.693204	0.003060
0.690558	0.015037
0.698556	0.038298
0.625738	0.005157	0.705524	0.004536	0.705524	0.006606	0.705524	0.065766	0.705524	0.003630
0.640316	0.014262
0.682142	0.037353
0.693624	0.005609	0.705524	0.004858	0.705524	0.006908	0.705524	0.067111	0.693204	0.003743
0.704231	0.013169
0.677050	0.034209
0.636632	0.005508	0.693204	0.004588	0.705524	0.006841	0.705524	0.066601	0.693624	0.003666
0.711497	0.011007
0.706105	0.036245
0.630993	0.005366	0.705524	0.004714	0.705524	0.006575	0.705524	0.065996	0.705524	0.003623
0.690905	0.012224
0.656543	0.034662
0.662228	0.005929	0.705524	0.004842	0.705524	0.006782	0.705524	0.067451	0.693624	0.003649
0.673514	0.016734
0.673316	0.041632
0.627678	0.005539	0.705524	0.005421	0.705524	0.006607	0.693624	0.066875	0.693204	0.003642
0.608812	0.013128
0.645378	0.038478
0.637258	0.005710	0.705524	0.004561	0.705524	0.007345	0.705524	0.066675	0.693204	0.003139
0.657153	0.012701
0.675244	0.038047
0.693204	0.005621	0.705524	0.004851	0.705524	0.006412	0.705524	0.066310	0.705524	0.003186
0.605166	0.014506
0.693422	0.040509
0.542899	0.007877	0.705524	0.004335	0.693624	0.007120	0.693624	0.066931	0.705524	0.003036
0.639247	0.011881
0.701014	0.036622
0.643850	0.005605	0.705524	0.004738	0.705524	0.007912	0.693204	0.065543	0.705524	0.003552
0.663018	0.013050
0.609970	0.036826
0.618502	0.005396	0.705524	0.005119	0.705524	0.006826	0.705524	0.066961	0.682580	0.003468
0.635139	0.014303
0.698556	0.039930
0.617775	0.005751	0.705524	0.004627	0.705524	0.007332	0.705524	0.067967	0.693624	0.003789
0.677166	0.017313
0.688754	0.037033
0.633397	0.006060	0.705524	0.004266	0.705524	0.006807	0.696214	0.066764	0.693204	0.003870
0.689637	0.011719
0.664228	0.037628
0.617775	0.005183	0.693624	0.005149	0.693624	0.007045	0.693204	0.070099	0.693624	0.003371
0.598286	0.016164
0.682142	0.036573
0.693204	0.005828	0.705524	0.004469	0.705524	0.006380	0.705524	0.067341	0.693624	0.004349
0.697816	0.014575
0.706901	0.043825
0.705524	0.005297	0.705524	0.004932	0.693624	0.006815	0.705524	0.066857	0.693204	0.003556
0.657462	0.013973
0.693422	0.039907
0.693204	0.005560	0.705524	0.004792	0.705524	0.006531	0.693204	0.066019	0.693624	0.003597
0.649318	0.013321
0.694796	0.037594
0.693204	0.005140	0.705524	0.004625	0.693624	0.006899	0.705524	0.066976	0.705524	0.003614
0.538844	0.011727
0.683726	0.039138
0.545882	0.005757	0.705524	0.004550	0.705524	0.006460	0.705524	0.065921	0.693624	0.004408
0.568909	0.011694
0.695001	0.036533
0.693204	0.004986	0.705524	0.004363	0.705524	0.006275	0.693204	0.067497	0.705524	0.003400
0.658821	0.014788
0.690851	0.033240
0.705524	0.005564	0.705524	0.004663	0.705524	0.006611	0.693624	0.067450	0.693204	0.003761
0.673476	0.013856
0.706105	0.033306
0.618502	0.005870	0.705524	0.004903	0.705524	0.007368	0.705524	0.066245	0.693624	0.003403
0.688231	0.014673
0.687476	0.042380
0.657313	0.006070	0.705524	0.004524	0.705524	0.006342	0.693204	0.067598	0.696214	0.003717
0.607128	0.011790
0.695001	0.036386
0.693204	0.004907	0.693624	0.004587	0.705524	0.007156	0.705524	0.066507	0.705524	0.003349
0.623864	0.013024
0.696903	0.036805
0.705524	0.005032	0.705524	0.004169	0.705524	0.007274	0.705524	0.066315	0.705524	0.003204
0.651551	0.013075
0.698556	0.039527
0.693204	0.005595	0.693624	0.004689	0.705524	0.006947	0.693624	0.065960	0.705524	0.003386
0.718806	0.013719
0.687251	0.042824
0.611223	0.005664	0.705524	0.005500	0.705524	0.008271	0.705524	0.066814	0.693624	0.003687
0.560253	0.013635
0.694524	0.034126
0.693204	0.005117	0.705524	0.004871	0.705524	0.006593	0.705524	0.065403	0.693204	0.003346
0.661288	0.014734
0.684437	0.038714
0.693204	0.005323	0.705524	0.004619	0.705524	0.006700	0.693204	0.067217	0.705524	0.003552
0.641087	0.011370
0.684353	0.035281
0.705524	0.005971	0.705524	0.004301	0.705524	0.006501	0.693624	0.066656	0.705524	0.003276
0.591126	0.012206
0.655159	0.035547
0.622385	0.004985	0.705524	0.004712	0.705524	0.006733	0.705524	0.065642	0.693624	0.003704
0.615216	0.013614
0.682949	0.043985
0.597523	0.006192	0.705524	0.005122	0.693204	0.006906	0.693204	0.069617	0.682580	0.003379
0.615987	0.011716
0.711516	0.035286
0.693204	0.005063	0.705524	0.004345	0.705524	0.006819	0.705524	0.066745	0.646089	0.003255
0.664216	0.014021
0.706105	0.034227
delta = 0.800000, m = 15
0.693204	0.007556	0.705524	0.006371	0.705524	0.008672	0.705524	0.125456	0.705524	0.004128
0.666703	0.013081
0.660391	0.033905
0.604726	0.007996	0.705524	0.006432	0.705524	0.008763	0.705524	0.128495	0.705524	0.003968
0.633333	0.013541
0.692999	0.036191
0.693204	0.006749	0.705524	0.006291	0.705524	0.008858	0.705524	0.126203	0.705524	0.003822
0.687280	0.013842
0.694304	0.034720
0.705524	0.006658	0.705524	0.006119	0.705524	0.008902	0.705524	0.124581	0.705524	0.004284
0.687540	0.013389
0.691869	0.035766
0.705524	0.007337	0.705524	0.006497	0.705524	0.008765	0.705524	0.126832	0.705524	0.004357
0.653104	0.014089
0.687081	0.035526
0.693204	0.006374	0.705524	0.006374	0.705524	0.009101	0.705524	0.125757	0.705524	0.003964
0.686726	0.014565
0.693204	0.041499
0.693204	0.007436	0.705524	0.007893	0.705524	0.009328	0.705524	0.125872	0.693204	0.003999
0.673400	0.013601
0.633092	0.042224
0.693204	0.006990	0.705524	0.006124	0.705524	0.009189	0.705524	0.126525	0.705524	0.004596
0.685600	0.012131
0.620278	0.037361
0.693204	0.006908	0.705524	0.006423	0.705524	0.008742	0.693624	0.127393	0.705524	0.004154
0.639223	0.013816
0.714190	0.036933
0.694425	0.007368	0.705524	0.006087	0.705524	0.008916	0.705524	0.126222	0.705524	0.004526
0.680735	0.012324
0.687154	0.037522
0.618502	0.007492	0.705524	0.006299	0.705524	0.008793	0.705524	0.126687	0.705524	0.004354
0.713796	0.014047
0.656921	0.036393
0.693204	0.006642	0.693624	0.006525	0.705524	0.008955	0.705524	0.126530	0.693624	0.004175
0.666232	0.011487
0.681347	0.035483
0.649531	0.008986	0.705524	0.006623	0.705524	0.008823	0.705524	0.127446	0.705524	0.004372
0.687944	0.011550
0.618198	0.034351
0.631882	0.006860	0.705524	0.006425	0.705524	0.008771	0.705524	0.127748	0.693204	0.004130
0.614744	0.011907
0.633294	0.035434
0.604430	0.008143	0.705524	0.005897	0.705524	0.009065	0.705524	0.127020	0.693204	0.004073
0.652410	0.011411
0.697965	0.037302
0.693204	0.007503	0.705524	0.006242	0.705524	0.009390	0.705524	0.127293	0.705524	0.004113
0.673806	0.014303
0.737994	0.040760
0.697908	0.007197	0.705524	0.006684	0.705524	0.008648	0.705524	0.127139	0.705524	0.004796
0.660681	0.015394
0.682141	0.037709
0.693204	0.007162	0.705524	0.006095	0.705524	0.008789	0.705524	0.129358	0.705524	0.003963
0.689889	0.012521
0.692999	0.038826
0.683726	0.007148	0.705524	0.006377	0.705524	0.008726	0.705524	0.127353	0.693204	0.004622
0.712848	0.013701
0.692999	0.039138
0.693204	0.006638	0.705524	0.005882	0.705524	0.008682	0.705524	0.127326	0.705524	0.004533
0.678523	0.011136
0.682671	0.036030
0.705524	0.006992	0.705524	0.006228	0.705524	0.009052	0.705524	0.125742	0.705524	0.004408
0.639253	0.015202
0.675767	0.035944
0.610589	0.008909	0.705524	0.006133	0.705524	0.008969	0.705524	0.127070	0.693204	0.003883
0.687658	0.013131
0.701259	0.033532
0.611223	0.007198	0.705524	0.006333	0.705524	0.008705	0.705524	0.127839	0.693204	0.003864
0.643822	0.014486
0.692778	0.038418
0.617775	0.006891	0.705524	0.006491	0.705524	0.008750	0.705524	0.126200	0.693204	0.004029
0.702296	0.012354
0.641060	0.037022
0.682141	0.006880	0.705524	0.006488	0.705524	0.008965	0.705524	0.127273	0.693204	0.004423
0.681780	0.013373
0.719402	0.036766
0.705524	0.007399	0.693624	0.006291	0.705524	0.008507	0.693624	0.126308	0.705524	0.004282
0.648584	0.013258
0.712118	0.039430
0.693624	0.007035	0.705524	0.006335	0.705524	0.008881	0.705524	0.126990	0.705524	0.003744
0.682527	0.011815
0.682165	0.038807
0.693204	0.006958	0.705524	0.006137	0.705524	0.008767	0.705524	0.125676	0.705524	0.004338
0.681207	0.016540
0.719877	0.039598
0.708176	0.007202	0.705524	0.006671	0.693624	0.008962	0.705524	0.127706	0.705524	0.004513
0.645997	0.010975
0.693204	0.041115
0.642064	0.007386	0.705524	0.006539	0.705524	0.008843	0.705524	0.126726	0.705524	0.004224
0.622000	0.015235
0.685889	0.038265
0.693204	0.006781	0.705524	0.006381	0.705524	0.008880	0.693624	0.126069	0.705524	0.003962
0.676764	0.014030
0.669158	0.037066
0.645270	0.007011	0.705524	0.006200	0.705524	0.008697	0.705524	0.128434	0.705524	0.004267
0.702898	0.014921
0.696237	0.036357
0.618502	0.007984	0.705524	0.005998	0.693204	0.008565	0.705524	0.126474	0.705524	0.004141
0.687454	0.012481
0.692778	0.037222
0.693204	0.007640	0.705524	0.005748	0.705524	0.009082	0.705524	0.126245	0.693204	0.004444
0.671120	0.014831
0.677081	0.038636
0.693204	0.007062	0.705524	0.006952	0.705524	0.009238	0.705524	0.128681	0.705524	0.004128
0.665461	0.012959
0.692684	0.037153
0.693204	0.006555	0.705524	0.006238	0.705524	0.008798	0.705524	0.127874	0.705524	0.004327
0.677293	0.012551
0.636181	0.039941
0.693204	0.007149	0.693624	0.006322	0.693624	0.009600	0.705524	0.125778	0.693624	0.004288
0.657830	0.011123
0.706892	0.041903
0.693204	0.006448	0.705524	0.006255	0.705524	0.009147	0.705524	0.128276	0.705524	0.004354
0.682473	0.014431
0.632367	0.041916
0.693204	0.006958	0.705524	0.006695	0.705524	0.008793	0.693624	0.128610	0.693204	0.004275
0.702272	0.016104
0.678823	0.037732
0.693204	0.007049	0.705524	0.006105	0.705524	0.008793	0.705524	0.125742	0.705524	0.004278
0.689523	0.013462
0.667886	0.039751
0.693204	0.007289	0.705524	0.006773	0.705524	0.008618	0.693624	0.126906	0.705524	0.004126
0.701248	0.012844
0.657313	0.039659
0.614935	0.006734	0.705524	0.006543	0.705524	0.008595	0.705524	0.128234	0.705524	0.004459
0.709348	0.014844
0.705524	0.034031
0.693204	0.006723	0.705524	0.006191	0.705524	0.008838	0.705524	0.126422	0.705524	0.004393
0.647335	0.015867
0.656567	0.039409
0.631882	0.007647	0.705524	0.006326	0.705524	0.008248	0.705524	0.127751	0.705524	0.004281
0.679906	0.016410
0.692099	0.033431
0.705524	0.007586	0.705524	0.006171	0.705524	0.009031	0.705524	0.127039	0.705524	0.004089
0.672212	0.015183
0.660120	0.034719
0.631882	0.007373	0.705524	0.006420	0.705524	0.008887	0.705524	0.128927	0.705524	0.005027
0.672629	0.016414
0.709325	0.037023
0.705524	0.007695	0.705524	0.006610	0.705524	0.008805	0.705524	0.127537	0.705524	0.003899
0.720136	0.015163
0.669158	0.034625
0.693204	0.007325	0.705524	0.006117	0.705524	0.008463	0.705524	0.128703	0.705524	0.004209
0.662101	0.010989
0.702125	0.038011
0.693204	0.006479	0.705524	0.006244	0.705524	0.008549	0.705524	0.128103	0.693204	0.004442
0.671120	0.015034
0.670426	0.036687
0.682141	0.007588	0.705524	0.006213	0.705524	0.009250	0.705524	0.127845	0.705524	0.004439
0.682816	0.013113
0.648401	0.040574
delta = 0.800000, m = 20
0.693204	0.011108	0.705524	0.008263	0.705524	0.010895	0.705524	0.195088	0.705524	0.005719
0.740859	0.012144
0.656148	0.034261
0.693204	0.008400	0.705524	0.008323	0.693624	0.010908	0.705524	0.196102	0.705524	0.005108
0.718233	0.013611
0.679612	0.039400
0.693204	0.008345	0.705524	0.008412	0.705524	0.010995	0.705524	0.189719	0.705524	0.004880
0.695080	0.013390
0.681383	0.037268
0.693204	0.008116	0.705524	0.008132	0.705524	0.011267	0.705524	0.191442	0.705524	0.005029
0.625749	0.014587
0.656947	0.043451
0.705524	0.009101	0.705524	0.008873	0.705524	0.011039	0.705524	0.192658	0.705524	0.004846
0.741360	0.014649
0.693191	0.041328
0.705524	0.008616	0.705524	0.008264	0.705524	0.010530	0.705524	0.192796	0.705524	0.004590
0.623682	0.013742
0.718981	0.036218
0.705524	0.009353	0.705524	0.008178	0.705524	0.010501	0.705524	0.191188	0.705524	0.005187
0.685095	0.015218
0.692999	0.037866
0.693204	0.009595	0.705524	0.007799	0.705524	0.011063	0.705524	0.191159	0.705524	0.004643
0.653684	0.014112
0.696790	0.035738
0.705524	0.008913	0.705524	0.007378	0.705524	0.011395	0.705524	0.192304	0.705524	0.005141
0.709812	0.015008
0.693153	0.038007
0.705524	0.009426	0.705524	0.007940	0.705524	0.011249	0.705524	0.195435	0.705524	0.005187
0.694010	0.014209
0.678364	0.037319
0.693204	0.008266	0.705524	0.007690	0.705524	0.010588	0.705524	0.190444	0.705524	0.005421
0.681802	0.016905
0.684193	0.041303
0.706105	0.010171	0.705524	0.007480	0.705524	0.010933	0.705524	0.193340	0.705524	0.005221
0.646300	0.014288
0.664419	0.036292
0.693204	0.009732	0.705524	0.008273	0.705524	0.010836	0.705524	0.195539	0.705524	0.005222
0.742239	0.013547
0.659790	0.038028
0.693204	0.008424	0.705524	0.008244	0.705524	0.010877	0.705524	0.191281	0.705524	0.004921
0.676140	0.014927
0.613948	0.039693
0.693204	0.007693	0.705524	0.007960	0.705524	0.012203	0.705524	0.192201	0.705524	0.005653
0.667065	0.013782
0.632461	0.038466
0.705524	0.008748	0.705524	0.008268	0.705524	0.010879	0.705524	0.194512	0.705524	0.005412
0.740727	0.016818
0.693191	0.041110
0.693204	0.009648	0.705524	0.008170	0.705524	0.011316	0.705524	0.190428	0.705524	0.005292
0.685604	0.012940
0.672052	0.041307
0.705524	0.009047	0.705524	0.007813	0.693624	0.011283	0.705524	0.193707	0.705524	0.005342
0.631394	0.017919
0.693624	0.038059
0.693204	0.008355	0.705524	0.008680	0.705524	0.010930	0.705524	0.191180	0.705524	0.004961
0.676673	0.018002
0.644046	0.038315
0.705524	0.009029	0.705524	0.007724	0.705524	0.011228	0.705524	0.192224	0.705524	0.004733
0.676140	0.015393
0.681941	0.038981
0.693204	0.009193	0.705524	0.008050	0.705524	0.010183	0.705524	0.195240	0.705524	0.005535
0.703471	0.014365
0.694796	0.040663
0.693204	0.009410	0.705524	0.008627	0.705524	0.011374	0.705524	0.193212	0.705524	0.005429
0.702213	0.014882
0.654069	0.037096
0.693204	0.008522	0.705524	0.008720	0.705524	0.010658	0.705524	0.191316	0.705524	0.004876
0.682174	0.013316
0.692999	0.039907
0.693204	0.008935	0.705524	0.008181	0.705524	0.010792	0.693624	0.193792	0.705524	0.005312
0.695835	0.013297
0.682564	0.036200
0.693204	0.009333	0.705524	0.007753	0.705524	0.011009	0.705524	0.191842	0.705524	0.005150
0.694735	0.016206
0.675767	0.039509
0.693204	0.009403	0.705524	0.007810	0.705524	0.011052	0.705524	0.190779	0.705524	0.004462
0.669629	0.015131
0.637867	0.035445
0.705524	0.009526	0.705524	0.007891	0.705524	0.010863	0.705524	0.196315	0.705524	0.005109
0.646278	0.013864
0.717222	0.039754
0.693204	0.008734	0.705524	0.008110	0.705524	0.010925	0.705524	0.191441	0.705524	0.005271
0.694348	0.015066
0.644460	0.038109
0.693204	0.009324	0.705524	0.008391	0.705524	0.010983	0.705524	0.195734	0.705524	0.004913
0.663739	0.014554
0.638802	0.037608
0.705524	0.008420	0.705524	0.008224	0.705524	0.011149	0.705524	0.194832	0.705524	0.005226
0.716732	0.013122
0.687718	0.042420
0.568187	0.009534	0.705524	0.008281	0.705524	0.011042	0.705524	0.193597	0.705524	0.005251
0.656821	0.015619
0.707336	0.040104
0.693204	0.008605	0.705524	0.007916	0.705524	0.010974	0.705524	0.193264	0.705524	0.005148
0.673711	0.013439
0.667886	0.037200
0.693204	0.007935	0.705524	0.008399	0.705524	0.011179	0.705524	0.192699	0.705524	0.004934
0.657541	0.017594
0.617833	0.037728
0.705524	0.009206	0.705524	0.007633	0.705524	0.010945	0.705524	0.190000	0.705524	0.005325
0.709025	0.016347
0.664419	0.037434
0.631882	0.009674	0.705524	0.010587	0.705524	0.010809	0.705524	0.194759	0.705524	0.004951
0.688035	0.016874
0.705357	0.038742
0.617775	0.009222	0.705524	0.008121	0.705524	0.011061	0.705524	0.196952	0.705524	0.005069
0.652410	0.013856
0.675767	0.036751
0.705524	0.009605	0.705524	0.008629	0.705524	0.010491	0.705524	0.197242	0.705524	0.004801
0.623952	0.014692
0.677646	0.042245
0.645646	0.009815	0.705524	0.007961	0.705524	0.011430	0.705524	0.194210	0.705524	0.004867
0.646288	0.013712
0.649325	0.037151
0.705524	0.009686	0.705524	0.008332	0.705524	0.011114	0.705524	0.193846	0.705524	0.005608
0.645974	0.018164
0.631438	0.036064
0.705524	0.009191	0.705524	0.008130	0.705524	0.010210	0.705524	0.191311	0.705524	0.004999
0.611326	0.012450
0.637757	0.044160
0.693204	0.009130	0.705524	0.008288	0.705524	0.011269	0.705524	0.195633	0.705524	0.005284
0.683796	0.015916
0.681443	0.038333
0.693204	0.008335	0.705524	0.008946	0.705524	0.011569	0.705524	0.196950	0.705524	0.005218
0.657355	0.012070
0.670946	0.039250
0.659917	0.010400	0.705524	0.008345	0.705524	0.010985	0.705524	0.196318	0.705524	0.004856
0.703605	0.015257
0.692999	0.034348
0.693204	0.008431	0.705524	0.008258	0.705524	0.011551	0.705524	0.193806	0.705524	0.005230
0.694113	0.015223
0.672035	0.036658
0.693204	0.008632	0.705524	0.007868	0.705524	0.011346	0.705524	0.193453	0.705524	0.005044
0.688724	0.015331
0.684963	0.040177
0.693204	0.008140	0.705524	0.008071	0.693204	0.010910	0.705524	0.195955	0.705524	0.005135
0.687280	0.013728
0.693191	0.040949
0.693204	0.008919	0.705524	0.008246	0.693624	0.011156	0.705524	0.193566	0.705524	0.005122
0.675533	0.015062
0.663160	0.038645
0.693204	0.008710	0.705524	0.008330	0.705524	0.011130	0.705524	0.194728	0.693204	0.004988
0.709056	0.014931
0.689185	0.039177
0.613600	0.009423	0.705524	0.008103	0.705524	0.011126	0.705524	0.190013	0.705524	0.004778
0.702321	0.015689
0.671843	0.037978
0.624652	0.009497	0.705524	0.008331	0.705524	0.011205	0.705524	0.190818	0.705524	0.004932
0.655315	0.015497
0.725956	0.038836
delta = 0.800000, m = 25
0.693204	0.011199	0.705524	0.009975	0.705524	0.013361	0.705524	0.300029	0.705524	0.005908
0.709812	0.016101
0.692999	0.038944
0.633397	0.012193	0.705524	0.009409	0.705524	0.012817	0.705524	0.296044	0.705524	0.005630
0.660610	0.013870
0.650224	0.041570
0.631882	0.010988	0.705524	0.010296	0.705524	0.013029	0.705524	0.294419	0.705524	0.005335
0.668361	0.012150
0.669435	0.042560
0.705524	0.011875	0.705524	0.009041	0.705524	0.013250	0.705524	0.297462	0.705524	0.005997
0.711396	0.014261
0.671853	0.038718
0.693204	0.010416	0.705524	0.010165	0.705524	0.013420	0.705524	0.294685	0.705524	0.005444
0.710068	0.017825
0.687760	0.038500
0.623622	0.011322	0.705524	0.009630	0.705524	0.013167	0.705524	0.299486	0.705524	0.005922
0.672639	0.017271
0.708828	0.039698
0.693624	0.010616	0.705524	0.009595	0.705524	0.013040	0.705524	0.297156	0.705524	0.005965
0.646652	0.012966
0.638917	0.039717
0.693204	0.009796	0.705524	0.009613	0.705524	0.013422	0.705524	0.301357	0.705524	0.006047
0.686966	0.013490
0.689739	0.038665
0.705524	0.011924	0.705524	0.009685	0.693204	0.013439	0.705524	0.295730	0.705524	0.005426
0.704061	0.013875
0.649462	0.041399
0.658813	0.012955	0.705524	0.008810	0.705524	0.013021	0.705524	0.297646	0.705524	0.005839
0.672958	0.014878
0.637413	0.037351
0.705524	0.011706	0.705524	0.010084	0.705524	0.013894	0.705524	0.301159	0.705524	0.006013
0.698141	0.017632
0.685867	0.036293
0.693204	0.011345	0.705524	0.010201	0.705524	0.013021	0.705524	0.296789	0.705524	0.005312
0.675320	0.011547
0.671944	0.041697
0.693204	0.011227	0.705524	0.009861	0.705524	0.013167	0.705524	0.297190	0.705524	0.006310
0.662582	0.012402
0.625325	0.038469
0.693204	0.011623	0.705524	0.009978	0.705524	0.012993	0.705524	0.298126	0.705524	0.006146
0.680540	0.020331
0.665315	0.038819
0.693204	0.011208	0.705524	0.009391	0.705524	0.013070	0.705524	0.296227	0.693204	0.005234
0.675533	0.014475
0.661742	0.039523
0.697965	0.013010	0.705524	0.010363	0.705524	0.012916	0.705524	0.295036	0.705524	0.005981
0.709115	0.018676
0.649856	0.039277
0.679561	0.012910	0.705524	0.009515	0.705524	0.011964	0.705524	0.298155	0.705524	0.005911
0.696057	0.012027
0.606501	0.041660
0.705524	0.010671	0.705524	0.010514	0.693204	0.013661	0.705524	0.296394	0.705524	0.006065
0.723727	0.016331
0.672387	0.040383
0.693204	0.010380	0.705524	0.010286	0.705524	0.013410	0.705524	0.298048	0.705524	0.006435
0.675533	0.015569
0.689201	0.038020
0.693204	0.010107	0.705524	0.009865	0.705524	0.012973	0.705524	0.297897	0.705524	0.006019
0.634504	0.014154
0.644378	0.040590
0.693204	0.013431	0.705524	0.009218	0.705524	0.012996	0.705524	0.292826	0.705524	0.005843
0.624822	0.017315
0.718981	0.038440
0.705524	0.010161	0.705524	0.010047	0.693624	0.012626	0.705524	0.297417	0.705524	0.005763
0.682563	0.016209
0.619678	0.038971
0.705524	0.010632	0.705524	0.010178	0.705524	0.013050	0.705524	0.297469	0.705524	0.005475
0.660561	0.016722
0.660519	0.040885
0.705524	0.010991	0.705524	0.009525	0.705524	0.013226	0.705524	0.297320	0.705524	0.005644
0.695066	0.017584
0.719402	0.036922
0.610316	0.011706	0.705524	0.010661	0.705524	0.013118	0.705524	0.296830	0.705524	0.006329
0.696128	0.016441
0.696325	0.039362
0.705524	0.010647	0.705524	0.009998	0.705524	0.012839	0.705524	0.296337	0.705524	0.005870
0.702903	0.016626
0.688025	0.035671
0.629941	0.011245	0.705524	0.010369	0.705524	0.013270	0.705524	0.292855	0.705524	0.005603
0.652104	0.017537
0.606097	0.038627
0.705524	0.011065	0.705524	0.009173	0.693624	0.013270	0.705524	0.292430	0.705524	0.005828
0.704285	0.016288
0.696237	0.038600
0.693204	0.009687	0.705524	0.009440	0.705524	0.012994	0.705524	0.293484	0.705524	0.005683
0.677293	0.018726
0.665131	0.041799
0.705524	0.010958	0.705524	0.009574	0.705524	0.012509	0.705524	0.298358	0.705524	0.006066
0.641629	0.016191
0.637757	0.040490
0.693204	0.010407	0.705524	0.010021	0.705524	0.012781	0.705524	0.290295	0.705524	0.005608
0.650228	0.018722
0.688025	0.038542
0.693204	0.010744	0.705524	0.009490	0.705524	0.012874	0.705524	0.299986	0.705524	0.006421
0.692221	0.015020
0.682564	0.041893
0.617775	0.010977	0.705524	0.009795	0.693624	0.013370	0.705524	0.294598	0.705524	0.006636
0.635173	0.016268
0.550913	0.037958
0.693204	0.010231	0.705524	0.009473	0.705524	0.012856	0.705524	0.296244	0.705524	0.005782
0.708370	0.013264
0.650583	0.039027
0.641768	0.011007	0.705524	0.010097	0.705524	0.013147	0.705524	0.298436	0.705524	0.005608
0.651834	0.012907
0.696325	0.041904
0.705524	0.010855	0.705524	0.009716	0.705524	0.013560	0.705524	0.294484	0.705524	0.006011
0.687638	0.014820
0.656947	0.040382
0.705524	0.010422	0.705524	0.009439	0.693624	0.012791	0.705524	0.296256	0.705524	0.005845
0.634069	0.015064
0.677477	0.038551
0.693204	0.011403	0.705524	0.010598	0.705524	0.013136	0.705524	0.298621	0.705524	0.005506
0.665454	0.013774
0.645270	0.040545
0.705524	0.010687	0.705524	0.009489	0.705524	0.013182	0.705524	0.302254	0.705524	0.005948
0.688492	0.013215
0.678918	0.035918
0.705524	0.010361	0.705524	0.010280	0.705524	0.013169	0.705524	0.302992	0.705524	0.006235
0.666789	0.015693
0.682141	0.039980
0.693204	0.011004	0.705524	0.010402	0.705524	0.013019	0.705524	0.295148	0.705524	0.006441
0.672775	0.015051
0.631419	0.038799
0.705524	0.011031	0.705524	0.010047	0.705524	0.012666	0.705524	0.300503	0.705524	0.005898
0.638215	0.015364
0.672052	0.042162
0.693204	0.010579	0.705524	0.009503	0.705524	0.013757	0.705524	0.296429	0.705524	0.005591
0.673758	0.016471
0.674680	0.038552
0.693204	0.009442	0.705524	0.009935	0.693624	0.013309	0.705524	0.294036	0.705524	0.005891
0.679261	0.013325
0.637352	0.040263
0.607548	0.011327	0.705524	0.009834	0.705524	0.012838	0.705524	0.295320	0.705524	0.005626
0.696057	0.012884
0.655025	0.038636
0.693204	0.010354	0.705524	0.010271	0.693204	0.012981	0.705524	0.297727	0.705524	0.005492
0.702898	0.016125
0.718981	0.044336
0.693204	0.010176	0.705524	0.009236	0.705524	0.012700	0.705524	0.296794	0.705524	0.006384
0.689637	0.014500
0.676031	0.038151
0.705524	0.011553	0.705524	0.009704	0.705524	0.012563	0.705524	0.302977	0.705524	0.006467
0.691876	0.017707
0.677646	0.044225
0.705524	0.011048	0.705524	0.009858	0.705524	0.013216	0.705524	0.300172	0.705524	0.006217
0.687280	0.015084
0.669872	0.034690
0.693204	0.010475	0.705524	0.009395	0.705524	0.013472	0.705524	0.298110	0.705524	0.007178
0.659045	0.015355
0.675244	0.038033
delta = 0.800000, m = 30
0.693204	0.014108	0.705524	0.011298	0.705524	0.015067	0.705524	0.405719	0.705524	0.007088
0.675533	0.019032
0.693624	0.042803
0.693204	0.012882	0.705524	0.012463	0.705524	0.015720	0.705524	0.403864	0.705524	0.006990
0.695066	0.020737
0.692999	0.039283
0.658813	0.015190	0.705524	0.012032	0.705524	0.016625	0.705524	0.401562	0.705524	0.006450
0.688277	0.015887
0.669435	0.041061
0.705524	0.013463	0.705524	0.011684	0.705524	0.015728	0.705524	0.400769	0.705524	0.007343
0.669334	0.014253
0.678274	0.041296
0.693204	0.012398	0.705524	0.012121	0.705524	0.015157	0.705524	0.401419	0.705524	0.007502
0.636341	0.017079
0.638917	0.043034
0.706105	0.015689	0.705524	0.011779	0.693204	0.016460	0.705524	0.404748	0.705524	0.008343
0.680872	0.014462
0.710385	0.041846
0.693204	0.011417	0.705524	0.012269	0.693204	0.014457	0.705524	0.397373	0.705524	0.006916
0.656882	0.019391
0.661404	0.043076
0.705524	0.012734	0.705524	0.011713	0.693204	0.015338	0.705524	0.399828	0.705524	0.007338
0.651136	0.018071
0.642896	0.043790
0.693204	0.013125	0.705524	0.011984	0.693204	0.014947	0.705524	0.400267	0.705524	0.006462
0.720440	0.013644
0.667701	0.042639
0.706105	0.015474	0.705524	0.011780	0.693204	0.015549	0.705524	0.400924	0.705524	0.007533
0.740727	0.014137
0.643962	0.038734
0.693204	0.013443	0.705524	0.011453	0.705524	0.015415	0.705524	0.395978	0.705524	0.006642
0.689523	0.013826
0.618818	0.040374
0.693204	0.011386	0.705524	0.011434	0.705524	0.015309	0.705524	0.397460	0.705524	0.006342
0.662506	0.012983
0.664419	0.042206
0.674773	0.013752	0.705524	0.011862	0.705524	0.015626	0.705524	0.403271	0.705524	0.007328
0.685151	0.016338
0.659118	0.045355
0.693204	0.013562	0.705524	0.011777	0.693204	0.015289	0.705524	0.397450	0.705524	0.007238
0.695174	0.014291
0.630016	0.043628
0.693204	0.014400	0.705524	0.011173	0.705524	0.015233	0.705524	0.397683	0.705524	0.006764
0.683099	0.017659
0.665131	0.049101
0.705524	0.012257	0.705524	0.011473	0.705524	0.015674	0.705524	0.402142	0.705524	0.006729
0.669334	0.014862
0.629981	0.043718
0.693204	0.013649	0.705524	0.011808	0.705524	0.014859	0.705524	0.410407	0.705524	0.006424
0.688724	0.018423
0.658847	0.044301
0.705524	0.014120	0.705524	0.011902	0.705524	0.015314	0.705524	0.394237	0.705524	0.007115
0.678655	0.015414
0.683676	0.043666
0.705524	0.012396	0.705524	0.011679	0.693624	0.015700	0.705524	0.399556	0.705524	0.006715
0.634390	0.016232
0.621337	0.044323
0.705524	0.012627	0.705524	0.011438	0.693624	0.014949	0.705524	0.404895	0.705524	0.007612
0.642677	0.017570
0.681383	0.041574
0.705524	0.012501	0.705524	0.012830	0.705524	0.015220	0.705524	0.399840	0.705524	0.006762
0.630718	0.015018
0.705777	0.041655
0.665101	0.013314	0.705524	0.011405	0.705524	0.015015	0.705524	0.405322	0.705524	0.007452
0.731846	0.017061
0.653760	0.043712
0.694796	0.015040	0.705524	0.011608	0.705524	0.018166	0.705524	0.415243	0.705524	0.007575
0.669189	0.014695
0.665101	0.049256
0.693204	0.012398	0.705524	0.012015	0.705524	0.016670	0.705524	0.402578	0.705524	0.007019
0.654718	0.015881
0.650501	0.043697
0.693624	0.013884	0.705524	0.012031	0.705524	0.015893	0.705524	0.407545	0.705524	0.007726
0.694778	0.014102
0.628940	0.041577
0.693204	0.013637	0.705524	0.012097	0.705524	0.015693	0.705524	0.407088	0.705524	0.007243
0.731323	0.015713
0.670524	0.049221
0.693204	0.011759	0.705524	0.011917	0.705524	0.015359	0.705524	0.399284	0.705524	0.007084
0.680466	0.015138
0.681769	0.040024
0.693204	0.013582	0.705524	0.011957	0.705524	0.016299	0.705524	0.401523	0.705524	0.006987
0.669629	0.016676
0.660051	0.039767
0.693204	0.014021	0.705524	0.011175	0.693204	0.014748	0.705524	0.404922	0.705524	0.007831
0.725896	0.015090
0.680018	0.046591
0.705524	0.014398	0.705524	0.012026	0.705524	0.015268	0.705524	0.403509	0.705524	0.008029
0.675423	0.016363
0.663156	0.042422
0.705524	0.012516	0.705524	0.011923	0.705524	0.015791	0.705524	0.404186	0.705524	0.007135
0.630457	0.015359
0.669530	0.041529
0.705524	0.012449	0.705524	0.011909	0.693204	0.016336	0.705524	0.406744	0.705524	0.006604
0.688277	0.015591
0.634624	0.040673
0.693204	0.012446	0.705524	0.011502	0.705524	0.016068	0.705524	0.398227	0.705524	0.007225
0.677293	0.017781
0.579443	0.046202
0.693204	0.012549	0.705524	0.012273	0.705524	0.014845	0.705524	0.405728	0.705524	0.007331
0.690905	0.014090
0.665101	0.038580
0.705524	0.012797	0.705524	0.012235	0.705524	0.016517	0.705524	0.400726	0.705524	0.007359
0.694735	0.015166
0.650501	0.047667
0.693204	0.012602	0.705524	0.011674	0.693204	0.014866	0.705524	0.394295	0.705524	0.007023
0.661464	0.019951
0.641675	0.038568
0.693204	0.012672	0.705524	0.012021	0.705524	0.015200	0.705524	0.394955	0.705524	0.007227
0.710377	0.019441
0.636974	0.044249
0.705524	0.013187	0.705524	0.011184	0.705524	0.015194	0.705524	0.406991	0.705524	0.006563
0.716642	0.023458
0.700860	0.037554
0.693204	0.015409	0.705524	0.011533	0.705524	0.015384	0.705524	0.407516	0.705524	0.007516
0.657355	0.017850
0.682141	0.043276
0.705524	0.013883	0.705524	0.012681	0.693204	0.015055	0.705524	0.403541	0.705524	0.007181
0.697054	0.016250
0.667886	0.040211
0.693204	0.012466	0.705524	0.011432	0.705524	0.014879	0.705524	0.403560	0.705524	0.006803
0.658494	0.012811
0.614935	0.040366
0.693204	0.012638	0.705524	0.011091	0.693204	0.015934	0.705524	0.396810	0.705524	0.006895
0.669926	0.018204
0.671442	0.040452
0.693204	0.012104	0.705524	0.011107	0.705524	0.015070	0.705524	0.403912	0.705524	0.007588
0.627580	0.016306
0.672052	0.042032
0.693204	0.015315	0.705524	0.011565	0.705524	0.015966	0.705524	0.400538	0.705524	0.007100
0.678783	0.014074
0.656883	0.041193
0.693204	0.013038	0.705524	0.011894	0.705524	0.015714	0.705524	0.401307	0.705524	0.007772
0.663739	0.020321
0.668450	0.046216
0.705524	0.013653	0.705524	0.011370	0.705524	0.015766	0.705524	0.402484	0.705524	0.006840
0.657188	0.014975
0.677646	0.040593
0.693204	0.014155	0.705524	0.011851	0.705524	0.015610	0.705524	0.397753	0.705524	0.007026
0.705264	0.014904
0.737484	0.041823
0.705524	0.013342	0.705524	0.011057	0.705524	0.015140	0.705524	0.396366	0.705524	0.006804
0.652093	0.015333
0.671944	0.041687
0.693204	0.012461	0.705524	0.012129	0.693204	0.014498	0.705524	0.403566	0.705524	0.006642
0.643707	0.013794
0.655100	0.039570
0.705524	0.012167	0.705524	0.011197	0.705524	0.015551	0.705524	0.395110	0.705524	0.006360
0.600995	0.017118
0.656343	0.041897
delta = 0.800000, m = 35
0.693204	0.016334	0.705524	0.013844	0.705524	0.018362	0.705524	0.565842	0.705524	0.008381
0.675423	0.016952
0.691540	0.039582
0.705524	0.014895	0.705524	0.013723	0.705524	0.018049	0.705524	0.564765	0.705524	0.007988
0.638466	0.016144
0.657313	0.042697
0.693204	0.017323	0.705524	0.014160	0.693204	0.017298	0.705524	0.565065	0.705524	0.008345
0.622106	0.016594
0.676031	0.040432
0.693204	0.014964	0.705524	0.013728	0.705524	0.017674	0.705524	0.563869	0.705524	0.008575
0.643195	0.017009
0.671701	0.042933
0.693204	0.014298	0.705524	0.013741	0.705524	0.018968	0.705524	0.566452	0.705524	0.008612
0.675803	0.019298
0.670459	0.038383
0.617775	0.016469	0.705524	0.014004	0.705524	0.017801	0.705524	0.558043	0.705524	0.008245
0.659036	0.019700
0.637413	0.041327
0.705524	0.016092	0.705524	0.014259	0.693204	0.017367	0.705524	0.562846	0.705524	0.008270
0.660681	0.016364
0.651323	0.039246
0.693204	0.014578	0.705524	0.014053	0.705524	0.017913	0.705524	0.562958	0.705524	0.009984
0.674257	0.019306
0.650383	0.047325
0.705524	0.015416	0.705524	0.014552	0.693204	0.018073	0.705524	0.562996	0.705524	0.008568
0.667267	0.015577
0.656883	0.042689
0.693204	0.014952	0.705524	0.013843	0.705524	0.018164	0.705524	0.567143	0.705524	0.008123
0.674257	0.017373
0.685607	0.042679
0.693204	0.014901	0.705524	0.014550	0.705524	0.018579	0.705524	0.562626	0.705524	0.007986
0.695289	0.016247
0.692099	0.042549
0.693204	0.013823	0.705524	0.014246	0.705524	0.018477	0.705524	0.556743	0.705524	0.008388
0.642727	0.018371
0.663392	0.043007
0.705524	0.015148	0.705524	0.014042	0.705524	0.018827	0.705524	0.565744	0.705524	0.008657
0.747639	0.015060
0.663392	0.047736
0.705524	0.015475	0.705524	0.014134	0.705524	0.018300	0.705524	0.564618	0.705524	0.008682
0.688277	0.019578
0.705357	0.042095
0.705524	0.015534	0.705524	0.014463	0.705524	0.017735	0.705524	0.558243	0.705524	0.008199
0.695835	0.014495
0.641649	0.045523
0.705524	0.014942	0.705524	0.014238	0.693204	0.017964	0.705524	0.566465	0.705524	0.008078
0.649116	0.018616
0.671610	0.045894
0.705524	0.017404	0.705524	0.013641	0.705524	0.017543	0.705524	0.567400	0.705524	0.008722
0.669334	0.014389
0.672221	0.045656
0.693204	0.015801	0.705524	0.014849	0.705524	0.017985	0.705524	0.572579	0.705524	0.009414
0.707602	0.018287
0.670360	0.041059
0.693204	0.016329	0.705524	0.014063	0.705524	0.018013	0.705524	0.559400	0.705524	0.008509
0.702898	0.016137
0.693624	0.045374
0.693204	0.018090	0.705524	0.013771	0.705524	0.017677	0.705524	0.568102	0.705524	0.007821
0.716587	0.017637
0.632259	0.040829
0.693204	0.015103	0.705524	0.015595	0.693624	0.018814	0.705524	0.569552	0.705524	0.008359
0.685853	0.020128
0.671944	0.046449
0.705524	0.018033	0.705524	0.013760	0.705524	0.017810	0.705524	0.571173	0.705524	0.008600
0.709812	0.016323
0.671558	0.040994
0.705524	0.017225	0.705524	0.014721	0.705524	0.019868	0.705524	0.569339	0.705524	0.008472
0.652840	0.017958
0.693624	0.040983
0.693204	0.018235	0.705524	0.014012	0.705524	0.018044	0.705524	0.568059	0.705524	0.008853
0.634062	0.016664
0.682564	0.048210
0.624652	0.016425	0.705524	0.014398	0.705524	0.019081	0.705524	0.560956	0.705524	0.008656
0.654310	0.018209
0.676031	0.046351
0.693204	0.015666	0.705524	0.013267	0.693624	0.018875	0.705524	0.566823	0.705524	0.008324
0.651670	0.020303
0.700950	0.044125
0.705524	0.016221	0.705524	0.014970	0.693204	0.018503	0.705524	0.565552	0.705524	0.009073
0.685151	0.017319
0.681497	0.039663
0.693204	0.017735	0.705524	0.013935	0.693204	0.019182	0.705524	0.566216	0.705524	0.008692
0.666111	0.015815
0.656619	0.039203
0.705524	0.016585	0.705524	0.014789	0.705524	0.018532	0.705524	0.567493	0.705524	0.008319
0.654535	0.019260
0.693204	0.039360
0.693204	0.018411	0.705524	0.013948	0.705524	0.017337	0.705524	0.567590	0.705524	0.008895
0.689338	0.015950
0.693204	0.042428
0.705524	0.016682	0.705524	0.015065	0.705524	0.018844	0.705524	0.568169	0.705524	0.008047
0.721573	0.017853
0.671944	0.047675
0.631882	0.016165	0.705524	0.013641	0.693204	0.018280	0.705524	0.572996	0.705524	0.008287
0.667761	0.016103
0.671944	0.047577
0.693204	0.015088	0.705524	0.014988	0.705524	0.019752	0.705524	0.572383	0.705524	0.008932
0.671319	0.015815
0.639421	0.039709
0.693204	0.014081	0.705524	0.013937	0.693624	0.017463	0.705524	0.560974	0.705524	0.007875
0.634390	0.016132
0.647853	0.044252
0.705524	0.014940	0.705524	0.013753	0.705524	0.018079	0.705524	0.561876	0.705524	0.008253
0.700555	0.016146
0.667701	0.037239
0.705524	0.014993	0.705524	0.014539	0.693204	0.017974	0.705524	0.563398	0.705524	0.008424
0.672857	0.015915
0.627926	0.040955
0.693204	0.018690	0.705524	0.013716	0.705524	0.018253	0.705524	0.563663	0.705524	0.007794
0.656114	0.017715
0.667281	0.043227
0.693204	0.015709	0.705524	0.013635	0.705524	0.018306	0.705524	0.569676	0.705524	0.008082
0.675803	0.018790
0.663274	0.042696
0.705524	0.015335	0.705524	0.013611	0.705524	0.018490	0.705524	0.570395	0.705524	0.008724
0.670329	0.024390
0.616694	0.045713
0.705524	0.015126	0.705524	0.013941	0.705524	0.018172	0.705524	0.563057	0.705524	0.008850
0.648337	0.018587
0.682580	0.044080
0.705524	0.016683	0.705524	0.013980	0.705524	0.018955	0.705524	0.564137	0.705524	0.008156
0.618618	0.014228
0.664899	0.041997
0.693204	0.016786	0.705524	0.014700	0.693624	0.020063	0.705524	0.559554	0.705524	0.009679
0.709115	0.017695
0.692999	0.045135
0.705524	0.014710	0.705524	0.013120	0.705524	0.017324	0.705524	0.564517	0.705524	0.008989
0.636892	0.016629
0.693204	0.040280
0.658813	0.018345	0.705524	0.013936	0.705524	0.018330	0.705524	0.571911	0.705524	0.008879
0.635173	0.021424
0.685145	0.041197
0.693204	0.015496	0.705524	0.013754	0.705524	0.018749	0.705524	0.569200	0.705524	0.008793
0.679324	0.016617
0.657313	0.042124
0.624652	0.016493	0.705524	0.014981	0.693204	0.018321	0.705524	0.566924	0.705524	0.008306
0.689523	0.015872
0.653224	0.043686
0.693204	0.017128	0.705524	0.014499	0.693204	0.018034	0.705524	0.562518	0.705524	0.008179
0.682189	0.016688
0.674973	0.044704
0.705524	0.016823	0.705524	0.014380	0.705524	0.019187	0.705524	0.565122	0.705524	0.009237
0.696487	0.014646
0.652131	0.042780
0.705524	0.016759	0.705524	0.013888	0.705524	0.018989	0.705524	0.573495	0.705524	0.009208
0.664533	0.015286
0.671944	0.042502
0.693204	0.017413	0.705524	0.014855	0.693204	0.019287	0.705524	0.564933	0.705524	0.008656
0.659001	0.014821
0.675109	0.043502
delta = 0.800000, m = 40
0.705524	0.018372	0.705524	0.016391	0.705524	0.020111	0.705524	0.657149	0.705524	0.009941
0.670541	0.018494
0.653190	0.041614
0.705524	0.018615	0.705524	0.017310	0.705524	0.021040	0.705524	0.657805	0.705524	0.010403
0.624841	0.015710
0.682141	0.040447
0.705524	0.017431	0.705524	0.015689	0.693204	0.020211	0.705524	0.652887	0.705524	0.009875
0.645292	0.017777
0.693204	0.040690
0.705524	0.018197	0.705524	0.015805	0.705524	0.020275	0.705524	0.650101	0.705524	0.009423
0.663196	0.017290
0.677687	0.043866
0.705524	0.016838	0.705524	0.015747	0.705524	0.020979	0.705524	0.649314	0.705524	0.010345
0.681780	0.015427
0.624295	0.048242
0.705524	0.016772	0.705524	0.015307	0.693204	0.020016	0.705524	0.652968	0.705524	0.009593
0.672371	0.018205
0.650501	0.040127
0.693204	0.017609	0.705524	0.015969	0.705524	0.019722	0.705524	0.653309	0.705524	0.010204
0.702213	0.016482
0.682141	0.038887
0.705524	0.017720	0.705524	0.015999	0.693204	0.019818	0.705524	0.646199	0.705524	0.010152
0.688342	0.016929
0.682564	0.039916
0.705524	0.018549	0.705524	0.016321	0.705524	0.020249	0.705524	0.646017	0.705524	0.009292
0.669189	0.016539
0.651339	0.040376
0.705524	0.016480	0.705524	0.016343	0.693204	0.020460	0.705524	0.643970	0.705524	0.009617
0.641629	0.015636
0.629407	0.046107
0.705524	0.016994	0.705524	0.015877	0.705524	0.020665	0.705524	0.657177	0.705524	0.009581
0.695174	0.016534
0.632461	0.038572
0.705524	0.018986	0.705524	0.016085	0.705524	0.020274	0.705524	0.653413	0.705524	0.009786
0.674414	0.014917
0.693624	0.044994
0.693204	0.018307	0.705524	0.015769	0.693624	0.020652	0.705524	0.647363	0.705524	0.009465
0.675533	0.021083
0.671944	0.040039
0.705524	0.016623	0.705524	0.015996	0.705524	0.019981	0.705524	0.649243	0.705524	0.009523
0.620000	0.019589
0.627926	0.040553
0.693204	0.019591	0.705524	0.015874	0.705524	0.020731	0.705524	0.649110	0.705524	0.009761
0.710377	0.013777
0.692999	0.041670
0.705524	0.017510	0.705524	0.016266	0.705524	0.020140	0.705524	0.650500	0.705524	0.009537
0.682376	0.016832
0.693624	0.041202
0.693204	0.017482	0.705524	0.016935	0.705524	0.020215	0.705524	0.650291	0.705524	0.009711
0.688342	0.020965
0.687760	0.043794
0.693204	0.019229	0.705524	0.016207	0.705524	0.020388	0.705524	0.649781	0.705524	0.010741
0.686721	0.017582
0.662113	0.040121
0.705524	0.019483	0.705524	0.015908	0.693624	0.020576	0.705524	0.651685	0.705524	0.009144
0.671558	0.019822
0.672371	0.039762
0.693204	0.016551	0.705524	0.015786	0.705524	0.020614	0.705524	0.655069	0.705524	0.009498
0.681780	0.015435
0.631738	0.046053
0.705524	0.017218	0.705524	0.016457	0.705524	0.020313	0.705524	0.651302	0.705524	0.009955
0.654938	0.016948
0.671944	0.040846
0.693204	0.016529	0.705524	0.015959	0.693204	0.020629	0.705524	0.651035	0.705524	0.009506
0.646111	0.019976
0.705777	0.042687
0.705524	0.020039	0.705524	0.016003	0.705524	0.019833	0.705524	0.649898	0.705524	0.010312
0.675423	0.016526
0.673613	0.039899
0.693204	0.016474	0.705524	0.016040	0.693204	0.020780	0.705524	0.649720	0.705524	0.009301
0.614609	0.014996
0.657117	0.042213
0.624652	0.018686	0.705524	0.016033	0.693204	0.020248	0.705524	0.651450	0.705524	0.009589
0.658340	0.014435
0.659345	0.042259
0.705524	0.016880	0.705524	0.016269	0.705524	0.020645	0.705524	0.654512	0.705524	0.009510
0.666232	0.020886
0.671944	0.041163
0.705524	0.018081	0.705524	0.016306	0.705524	0.019812	0.705524	0.648879	0.705524	0.009437
0.680783	0.018244
0.679612	0.046509
0.705524	0.017289	0.705524	0.016011	0.705524	0.020974	0.705524	0.651233	0.705524	0.009647
0.668003	0.018303
0.659435	0.039148
0.705524	0.016819	0.705524	0.016323	0.705524	0.020540	0.705524	0.650743	0.705524	0.009047
0.611577	0.017365
0.651339	0.051924
0.693204	0.015849	0.705524	0.016104	0.693624	0.020926	0.705524	0.648445	0.705524	0.009221
0.627615	0.017500
0.686038	0.039976
0.693204	0.018121	0.705524	0.015239	0.705524	0.020376	0.705524	0.650225	0.705524	0.009376
0.653621	0.015769
0.692099	0.037673
0.693204	0.016856	0.705524	0.015963	0.693204	0.021781	0.705524	0.652257	0.705524	0.009270
0.662341	0.018075
0.624652	0.042621
0.693204	0.020423	0.705524	0.016332	0.705524	0.021100	0.705524	0.650672	0.705524	0.010081
0.695174	0.017663
0.645598	0.040624
0.705524	0.016735	0.705524	0.015549	0.705524	0.019831	0.705524	0.653181	0.705524	0.011229
0.631394	0.016474
0.625957	0.043965
0.693204	0.020712	0.705524	0.015931	0.705524	0.020292	0.705524	0.646573	0.705524	0.009411
0.695516	0.017442
0.692778	0.045933
0.705524	0.018061	0.705524	0.016168	0.705524	0.020967	0.705524	0.649788	0.705524	0.010215
0.663683	0.014219
0.682141	0.040222
0.693204	0.020354	0.705524	0.014779	0.705524	0.019956	0.705524	0.646247	0.705524	0.009496
0.638213	0.015368
0.617775	0.043814
0.639497	0.018980	0.705524	0.015570	0.705524	0.021191	0.705524	0.654668	0.705524	0.009937
0.702898	0.020111
0.654367	0.042185
0.693204	0.018797	0.705524	0.015727	0.693204	0.020618	0.705524	0.663876	0.705524	0.009435
0.614580	0.016547
0.684252	0.043270
0.705524	0.017045	0.705524	0.016372	0.705524	0.020167	0.705524	0.662495	0.705524	0.010727
0.716642	0.018260
0.675767	0.043351
0.693204	0.017566	0.705524	0.016109	0.705524	0.020892	0.705524	0.663251	0.705524	0.009653
0.718806	0.015472
0.696325	0.041392
0.693204	0.021303	0.705524	0.015565	0.705524	0.021022	0.705524	0.664480	0.705524	0.010209
0.623368	0.013197
0.693191	0.041082
0.693204	0.017992	0.705524	0.016209	0.693624	0.021094	0.705524	0.660507	0.705524	0.010781
0.642420	0.015294
0.611020	0.050264
0.693204	0.018215	0.705524	0.016602	0.705524	0.020950	0.705524	0.670673	0.705524	0.010532
0.656694	0.016909
0.694092	0.044451
0.693204	0.019086	0.705524	0.015591	0.705524	0.020548	0.705524	0.668814	0.705524	0.009900
0.634908	0.018069
0.705357	0.039725
0.693204	0.016431	0.705524	0.016408	0.693204	0.020468	0.705524	0.660434	0.705524	0.010030
0.661257	0.015238
0.681769	0.041021
0.705524	0.018781	0.705524	0.016101	0.705524	0.020792	0.705524	0.660012	0.705524	0.009503
0.668064	0.021612
0.682141	0.040487
0.705524	0.017230	0.705524	0.016424	0.705524	0.019883	0.705524	0.658134	0.705524	0.009471
0.710068	0.015843
0.645270	0.043730
0.705524	0.019495	0.705524	0.016233	0.705524	0.021473	0.705524	0.660393	0.705524	0.009930
0.689181	0.019609
0.679612	0.041554
0.693204	0.017953	0.705524	0.016737	0.705524	0.021287	0.705524	0.657983	0.705524	0.010346
0.666578	0.019215
0.605060	0.042662
delta = 0.800000, m = 45
0.705524	0.020889	0.705524	0.019657	0.705524	0.023099	0.705524	0.945765	0.705524	0.011602
0.695174	0.016391
0.674409	0.042224
0.705524	0.021344	0.705524	0.018475	0.705524	0.023045	0.705524	0.946924	0.705524	0.011769
0.702899	0.019164
0.705357	0.041423
0.705524	0.020005	0.705524	0.018075	0.705524	0.023507	0.705524	0.947594	0.705524	0.012332
0.612133	0.020425
0.671944	0.040575
0.705524	0.021505	0.705524	0.018966	0.705524	0.024480	0.705524	0.971300	0.705524	0.011894
0.663207	0.018379
0.671944	0.042839
0.705524	0.021763	0.705524	0.018861	0.705524	0.022701	0.705524	0.948463	0.705524	0.011201
0.646629	0.019011
0.671944	0.042927
0.693204	0.021216	0.705524	0.018344	0.705524	0.024318	0.705524	0.940394	0.705524	0.011555
0.635986	0.016816
0.637413	0.047261
0.705524	0.019455	0.705524	0.018721	0.705524	0.023203	0.705524	0.963297	0.705524	0.012043
0.628845	0.014940
0.671944	0.040242
0.693204	0.019437	0.705524	0.019994	0.705524	0.024278	0.705524	0.953020	0.705524	0.011512
0.724281	0.016066
0.685150	0.041911
0.693204	0.021864	0.705524	0.018276	0.705524	0.023553	0.705524	0.943363	0.705524	0.011392
0.669189	0.016392
0.638917	0.041106
0.705524	0.019756	0.705524	0.020006	0.705524	0.024212	0.705524	0.949613	0.705524	0.012577
0.646008	0.019051
0.705357	0.042945
0.693204	0.020352	0.705524	0.018321	0.705524	0.022706	0.705524	0.947406	0.705524	0.011794
0.617166	0.015673
0.678188	0.048145
0.705524	0.020798	0.705524	0.018906	0.705524	0.023133	0.705524	0.947452	0.705524	0.011923
0.645605	0.020140
0.692999	0.044172
0.705524	0.021887	0.705524	0.019219	0.705524	0.023797	0.705524	0.952096	0.705524	0.011357
0.718341	0.018929
0.705357	0.040305
0.705524	0.021028	0.705524	0.018894	0.693204	0.022730	0.705524	0.947884	0.705524	0.012022
0.669334	0.017095
0.649912	0.039917
0.693204	0.019912	0.705524	0.019639	0.705524	0.024701	0.705524	0.939632	0.705524	0.012204
0.682189	0.022223
0.681974	0.041301
0.705524	0.020168	0.705524	0.019199	0.705524	0.023439	0.705524	0.944413	0.705524	0.011528
0.675533	0.018750
0.695096	0.037818
0.705524	0.020862	0.705524	0.018355	0.705524	0.023126	0.705524	0.946898	0.705524	0.011635
0.669629	0.015202
0.660784	0.043790
0.705524	0.019690	0.705524	0.018868	0.705524	0.023638	0.705524	0.953019	0.705524	0.011084
0.655786	0.017136
0.678698	0.045369
0.705524	0.021500	0.705524	0.019437	0.693204	0.025097	0.705524	0.952008	0.705524	0.012491
0.669189	0.018081
0.692099	0.042185
0.693204	0.021399	0.705524	0.019791	0.693204	0.023401	0.705524	0.957007	0.705524	0.011403
0.670946	0.016644
0.682564	0.042454
0.705524	0.020297	0.705524	0.018323	0.693204	0.022349	0.705524	0.932219	0.705524	0.011938
0.688277	0.018254
0.665924	0.045211
0.697908	0.021145	0.705524	0.018710	0.705524	0.022683	0.705524	0.936836	0.705524	0.011472
0.656882	0.016152
0.682141	0.038271
0.705524	0.019502	0.705524	0.018871	0.693204	0.022654	0.705524	0.953666	0.705524	0.010951
0.697681	0.017143
0.705777	0.042474
0.693204	0.020077	0.705524	0.018292	0.705524	0.022827	0.705524	0.942540	0.705524	0.011715
0.653665	0.020305
0.693204	0.043524
0.705524	0.021016	0.705524	0.018395	0.705524	0.022877	0.705524	0.946163	0.705524	0.011873
0.663189	0.016578
0.646103	0.044335
0.693204	0.021461	0.705524	0.018813	0.705524	0.024105	0.705524	0.940281	0.705524	0.011622
0.656882	0.018371
0.609770	0.047084
0.705524	0.020923	0.705524	0.018826	0.705524	0.023811	0.705524	0.945516	0.705524	0.011100
0.681802	0.014968
0.684594	0.040017
0.693204	0.020745	0.705524	0.018603	0.705524	0.023061	0.705524	0.949406	0.705524	0.011494
0.653665	0.017844
0.671944	0.051269
0.693204	0.018590	0.705524	0.018934	0.705524	0.022745	0.705524	0.935433	0.705524	0.011278
0.694927	0.015866
0.632461	0.037471
0.693204	0.019175	0.705524	0.018050	0.705524	0.023480	0.705524	0.937702	0.705524	0.011096
0.690558	0.020640
0.664610	0.041209
0.705524	0.019564	0.705524	0.018325	0.705524	0.022993	0.705524	0.942223	0.705524	0.011485
0.657992	0.016855
0.682564	0.038656
0.705524	0.020117	0.705524	0.018704	0.705524	0.022867	0.705524	0.950072	0.705524	0.011271
0.629631	0.022198
0.656354	0.044073
0.693204	0.020753	0.705524	0.018610	0.705524	0.023940	0.705524	0.945580	0.705524	0.012645
0.674257	0.015709
0.682141	0.039337
0.693204	0.024361	0.705524	0.019348	0.693624	0.022777	0.705524	0.959308	0.705524	0.011645
0.669518	0.017393
0.671944	0.042500
0.705524	0.019055	0.705524	0.018215	0.705524	0.023817	0.705524	0.940851	0.705524	0.011180
0.654426	0.016782
0.718981	0.039717
0.693204	0.020890	0.705524	0.018390	0.705524	0.024107	0.705524	0.944765	0.705524	0.011918
0.620286	0.016582
0.670946	0.041324
0.705524	0.020344	0.705524	0.019012	0.705524	0.023743	0.705524	0.940343	0.705524	0.011199
0.706105	0.016540
0.671701	0.042224
0.705524	0.019572	0.705524	0.018503	0.705524	0.024364	0.705524	0.938959	0.705524	0.011537
0.681802	0.017052
0.682141	0.041786
0.705524	0.021177	0.705524	0.018695	0.705524	0.023202	0.705524	0.936183	0.705524	0.011379
0.637970	0.022348
0.646938	0.043531
0.705524	0.019929	0.705524	0.019415	0.705524	0.024053	0.705524	0.936462	0.705524	0.011174
0.645805	0.014218
0.656578	0.042541
0.693204	0.021900	0.705524	0.018306	0.705524	0.022654	0.705524	0.943006	0.705524	0.011102
0.652010	0.018525
0.635715	0.041375
0.693204	0.021623	0.705524	0.018252	0.705524	0.023767	0.705524	0.946723	0.705524	0.011838
0.685547	0.016142
0.631882	0.053102
0.705524	0.020384	0.705524	0.018542	0.705524	0.023276	0.705524	0.937983	0.705524	0.011673
0.725744	0.017475
0.642200	0.044574
0.693204	0.020453	0.705524	0.018821	0.705524	0.023336	0.705524	0.938233	0.705524	0.012189
0.663135	0.019236
0.682564	0.045160
0.705524	0.020421	0.705524	0.018681	0.705524	0.022528	0.705524	0.955364	0.705524	0.012393
0.688724	0.016117
0.579511	0.041445
0.693204	0.023597	0.705524	0.019171	0.705524	0.022945	0.705524	0.947848	0.705524	0.011401
0.621342	0.018581
0.671944	0.041321
0.693204	0.018936	0.705524	0.018006	0.693204	0.023220	0.705524	0.950614	0.705524	0.011460
0.655766	0.018761
0.692099	0.040440
0.693204	0.019256	0.705524	0.018855	0.705524	0.023685	0.705524	0.944897	0.705524	0.011811
0.709286	0.014382
0.693624	0.044917
0.693204	0.020697	0.705524	0.018420	0.693204	0.023187	0.705524	0.948707	0.705524	0.011570
0.663135	0.020848
0.680306	0.045107
0.705524	0.018786	0.705524	0.018329	0.705524	0.023128	0.705524	0.934787	0.705524	0.011088
0.676064	0.022368
0.627926	0.043371
delta = 0.800000, m = 50
0.705524	0.026686	0.705524	0.020783	0.693204	0.025581	0.705524	1.228177	0.705524	0.013044
0.672857	0.013579
0.637413	0.044284
0.693204	0.022903	0.705524	0.020777	0.705524	0.025235	0.705524	1.245812	0.705524	0.012469
0.663739	0.021014
0.638917	0.040020
0.705524	0.022517	0.705524	0.021360	0.705524	0.025774	0.705524	1.246243	0.705524	0.013184
0.676140	0.015488
0.631438	0.038482
0.705524	0.023926	0.705524	0.020692	0.693624	0.024874	0.705524	1.259410	0.705524	0.013224
0.646629	0.017300
0.662466	0.041781
0.705524	0.022428	0.705524	0.020593	0.693624	0.025638	0.705524	1.244149	0.705524	0.013172
0.657188	0.014226
0.644378	0.041558
0.705524	0.021880	0.705524	0.021534	0.705524	0.025171	0.705524	1.239979	0.705524	0.013934
0.602733	0.018747
0.671944	0.040580
0.705524	0.023493	0.705524	0.021312	0.705524	0.026108	0.705524	1.242131	0.705524	0.013076
0.695174	0.016620
0.693204	0.043138
0.705524	0.023501	0.705524	0.021019	0.705524	0.025693	0.705524	1.239944	0.705524	0.012962
0.676714	0.015930
0.667701	0.042729
0.705524	0.023187	0.705524	0.020923	0.693204	0.025976	0.705524	1.233838	0.705524	0.013303
0.681928	0.018168
0.646103	0.051680
0.693204	0.024201	0.705524	0.021116	0.705524	0.025643	0.705524	1.248022	0.705524	0.012515
0.617534	0.015050
0.681383	0.039077
0.693204	0.023884	0.705524	0.020798	0.693624	0.025364	0.705524	1.246834	0.705524	0.013457
0.664742	0.019815
0.659070	0.039076
0.705524	0.022916	0.705524	0.021588	0.705524	0.026245	0.705524	1.231234	0.705524	0.012850
0.745749	0.016309
0.687760	0.039657
0.693204	0.023246	0.705524	0.021012	0.693204	0.027177	0.705524	1.246387	0.705524	0.012355
0.694425	0.018810
0.693204	0.040634
0.705524	0.022804	0.705524	0.020530	0.705524	0.025857	0.705524	1.236794	0.705524	0.013510
0.657462	0.018638
0.656578	0.039590
0.705524	0.021436	0.705524	0.020676	0.705524	0.025715	0.705524	1.245185	0.705524	0.013234
0.630457	0.018939
0.671944	0.041360
0.705524	0.023843	0.705524	0.022029	0.693204	0.025074	0.705524	1.242749	0.705524	0.012775
0.675423	0.018491
0.662466	0.042728
0.705524	0.022959	0.705524	0.021263	0.705524	0.026273	0.705524	1.248952	0.705524	0.012842
0.628931	0.017971
0.705777	0.042258
0.705524	0.025337	0.705524	0.020566	0.705524	0.024451	0.705524	1.247090	0.705524	0.012150
0.681802	0.014341
0.662466	0.046053
0.705524	0.022640	0.705524	0.021245	0.705524	0.025604	0.705524	1.255138	0.705524	0.012807
0.640049	0.022745
0.669713	0.039519
0.705524	0.022523	0.705524	0.021254	0.705524	0.024860	0.705524	1.229250	0.705524	0.013511
0.632650	0.016845
0.656052	0.039915
0.705524	0.023607	0.705524	0.020961	0.705524	0.026089	0.705524	1.251458	0.705524	0.012310
0.681802	0.015264
0.672371	0.040655
0.705524	0.022602	0.705524	0.020764	0.705524	0.024044	0.705524	1.243899	0.705524	0.013094
0.655081	0.015593
0.667701	0.045222
0.705524	0.022193	0.705524	0.021113	0.705524	0.026256	0.705524	1.228634	0.705524	0.013055
0.666578	0.018822
0.673270	0.041952
0.705524	0.022697	0.705524	0.021461	0.693624	0.025870	0.705524	1.232682	0.705524	0.012961
0.689181	0.016801
0.593317	0.040827
0.705524	0.026214	0.705524	0.020698	0.693204	0.025318	0.705524	1.248005	0.705524	0.013316
0.651922	0.013757
0.672371	0.042844
0.705524	0.022805	0.705524	0.021673	0.705524	0.025945	0.705524	1.244928	0.705524	0.013602
0.637970	0.015998
0.693204	0.042285
0.705524	0.021703	0.705524	0.020792	0.705524	0.026098	0.705524	1.232970	0.705524	0.013252
0.663207	0.016018
0.693204	0.044383
0.693204	0.022408	0.705524	0.020432	0.693204	0.024611	0.705524	1.245396	0.705524	0.012792
0.676064	0.017863
0.693624	0.038075
0.705524	0.023232	0.705524	0.021643	0.693624	0.025866	0.705524	1.247042	0.705524	0.012834
0.656787	0.016152
0.652283	0.041479
0.705524	0.023251	0.705524	0.021203	0.705524	0.026531	0.705524	1.243605	0.705524	0.012806
0.715457	0.016176
0.656947	0.039686
0.693204	0.020780	0.705524	0.021367	0.705524	0.025467	0.705524	1.256636	0.705524	0.013055
0.685547	0.013342
0.705777	0.042596
0.705524	0.026810	0.705524	0.021192	0.693624	0.025018	0.705524	1.254229	0.705524	0.012436
0.640316	0.017453
0.687300	0.038062
0.693204	0.023490	0.705524	0.020849	0.705524	0.025468	0.705524	1.259382	0.705524	0.012450
0.683417	0.014721
0.644378	0.039586
0.705524	0.022074	0.705524	0.021045	0.705524	0.026219	0.705524	1.246097	0.705524	0.012853
0.660610	0.017784
0.692099	0.041947
0.705524	0.022603	0.705524	0.021874	0.705524	0.026052	0.705524	1.232051	0.705524	0.013241
0.697988	0.013695
0.630445	0.049381
0.705524	0.020773	0.705524	0.020783	0.705524	0.025348	0.705524	1.248338	0.705524	0.013815
0.642743	0.016242
0.612338	0.046737
0.705524	0.021174	0.705524	0.021262	0.705524	0.026232	0.705524	1.228014	0.705524	0.012420
0.684193	0.018884
0.671843	0.042516
0.705524	0.021218	0.705524	0.020746	0.705524	0.026173	0.705524	1.255377	0.705524	0.012862
0.675533	0.017263
0.658157	0.042936
0.693204	0.023445	0.705524	0.020947	0.705524	0.026013	0.705524	1.248351	0.705524	0.013044
0.675533	0.021402
0.674409	0.043709
0.705524	0.021679	0.705524	0.021485	0.705524	0.024972	0.705524	1.241815	0.705524	0.012862
0.680872	0.021191
0.681974	0.038863
0.705524	0.022968	0.705524	0.021242	0.693624	0.025742	0.705524	1.243513	0.705524	0.012341
0.643707	0.018715
0.624010	0.041387
0.705524	0.022542	0.705524	0.020533	0.705524	0.026945	0.705524	1.238526	0.705524	0.012522
0.681780	0.016996
0.674732	0.043324
0.705524	0.022106	0.705524	0.021383	0.705524	0.025853	0.705524	1.241675	0.705524	0.013013
0.685600	0.015328
0.637680	0.042289
0.693204	0.021479	0.705524	0.021380	0.693204	0.025821	0.705524	1.235317	0.705524	0.012252
0.675423	0.018287
0.617775	0.040237
0.693204	0.023465	0.705524	0.021095	0.705524	0.025689	0.705524	1.250929	0.705524	0.013148
0.636236	0.015914
0.645270	0.043794
0.705524	0.021157	0.705524	0.020384	0.693204	0.025339	0.705524	1.238895	0.705524	0.012811
0.683057	0.015686
0.692099	0.040515
0.705524	0.023746	0.705524	0.020677	0.705524	0.025974	0.705524	1.250731	0.705524	0.012916
0.652645	0.017765
0.660617	0.042217
0.705524	0.023514	0.705524	0.020844	0.693624	0.025622	0.705524	1.258903	0.705524	0.013832
0.628688	0.016555
0.632956	0.049306
0.705524	0.022310	0.705524	0.021147	0.693204	0.025396	0.705524	1.241042	0.705524	0.012492
0.622106	0.018868
0.654039	0.042951
0.705524	0.023532	0.705524	0.021278	0.705524	0.025506	0.705524	1.235695	0.705524	0.012859
0.694324	0.017391
0.682141	0.044530
0.693204	0.035975
