delta = 0.400000, m = 10
0.385147	0.022628	0.418327	0.007610	0.346546	0.010300	0.324440	0.067318	0.291806	0.005778
0.383967	0.024020
0.481370	0.045510
0.375056	0.006480	0.450245	0.005915	0.364220	0.007749	0.276602	0.068374	0.331436	0.005471
0.358273	0.022529
0.491024	0.047710
0.328054	0.006803	0.364520	0.005642	0.328419	0.007704	0.338129	0.066960	0.345822	0.005273
0.326706	0.022247
0.481370	0.047977
0.376917	0.005726	0.380144	0.005487	0.346172	0.008635	0.324666	0.070347	0.257516	0.004792
0.329997	0.023584
0.491024	0.044981
0.340809	0.006921	0.369957	0.007087	0.336699	0.008671	0.327445	0.069733	0.283463	0.004104
0.293045	0.025362
0.479488	0.049448
0.388995	0.007292	0.364095	0.006839	0.365229	0.009786	0.371811	0.068344	0.383800	0.005012
0.379315	0.032635
0.481370	0.046783
0.344559	0.006538	0.429426	0.005847	0.357385	0.010123	0.249550	0.071703	0.335615	0.004415
0.364758	0.022898
0.429563	0.045040
0.377721	0.007392	0.369165	0.007455	0.364724	0.009285	0.349723	0.068998	0.342416	0.004221
0.289057	0.018835
0.446949	0.043887
0.358411	0.006427	0.420057	0.007201	0.352511	0.007115	0.378389	0.073186	0.363028	0.004794
0.308251	0.019634
0.491024	0.047388
0.397193	0.007255	0.373180	0.006036	0.386704	0.007343	0.317320	0.070675	0.347711	0.003951
0.357872	0.025414
0.481370	0.046062
0.358111	0.006797	0.438213	0.005741	0.353373	0.006750	0.328824	0.069932	0.249427	0.005536
0.311122	0.026558
0.487813	0.049564
0.345814	0.007302	0.373695	0.005588	0.348358	0.007443	0.282813	0.069772	0.325599	0.004669
0.315540	0.019510
0.481370	0.049372
0.370786	0.006314	0.363453	0.006058	0.359425	0.007791	0.315647	0.071956	0.350165	0.005233
0.366763	0.020507
0.491024	0.048707
0.340674	0.007221	0.374233	0.005678	0.413047	0.007378	0.306585	0.068617	0.336294	0.005869
0.405016	0.023801
0.491024	0.050569
0.380351	0.006834	0.415366	0.005687	0.375723	0.007725	0.330943	0.070194	0.301830	0.004559
0.353292	0.023333
0.481370	0.044568
0.419499	0.007089	0.388338	0.005521	0.297000	0.007167	0.300065	0.068725	0.387245	0.006236
0.356482	0.027447
0.491024	0.042320
0.333326	0.006780	0.340072	0.006063	0.248529	0.007073	0.345881	0.071206	0.369162	0.005569
0.367835	0.017488
0.311387	0.046653
0.289512	0.006476	0.385566	0.005766	0.347527	0.007118	0.428630	0.072789	0.363538	0.006448
0.363100	0.027971
0.481370	0.045641
0.430632	0.007293	0.363786	0.005732	0.353224	0.007025	0.349461	0.068438	0.263039	0.004876
0.382192	0.022002
0.398610	0.043182
0.382740	0.006589	0.404252	0.006969	0.352138	0.007089	0.327466	0.068535	0.282846	0.003802
0.360145	0.019875
0.491024	0.039547
0.347410	0.006517	0.342628	0.007174	0.370678	0.007331	0.322677	0.068167	0.382619	0.005632
0.362876	0.025756
0.491024	0.046996
0.406728	0.006817	0.384630	0.005514	0.326196	0.008192	0.286461	0.069257	0.267074	0.004484
0.327533	0.021801
0.491024	0.050876
0.292142	0.006101	0.377438	0.007794	0.350450	0.007990	0.287887	0.068025	0.315271	0.003928
0.315696	0.021519
0.399273	0.050360
0.321772	0.006444	0.376714	0.007184	0.346424	0.007597	0.349327	0.068739	0.335190	0.004796
0.327183	0.019950
0.379332	0.045415
0.345373	0.008212	0.411851	0.006412	0.366310	0.008967	0.341848	0.070903	0.356599	0.006149
0.324618	0.023104
0.426062	0.051677
0.435803	0.006899	0.412456	0.006183	0.288177	0.007580	0.298253	0.068243	0.363223	0.005612
0.349277	0.015730
0.481370	0.047547
0.344536	0.006106	0.423140	0.007086	0.381854	0.007897	0.366604	0.069859	0.352498	0.004778
0.338757	0.019289
0.479488	0.045888
0.316670	0.007764	0.367058	0.006101	0.392991	0.009273	0.332612	0.069543	0.361799	0.003950
0.361123	0.022281
0.491024	0.043628
0.417204	0.006715	0.375506	0.006855	0.348104	0.008002	0.284223	0.070524	0.221896	0.004130
0.382647	0.017858
0.491024	0.049131
0.396285	0.007410	0.329932	0.006533	0.357385	0.007171	0.288072	0.067893	0.318814	0.003753
0.359403	0.023185
0.481370	0.048446
0.369008	0.007296	0.359584	0.006426	0.336866	0.007033	0.316533	0.067461	0.371074	0.004494
0.329369	0.019733
0.481370	0.049226
0.408273	0.006406	0.361484	0.006240	0.317220	0.007666	0.311038	0.070597	0.331641	0.004173
0.317372	0.019987
0.481370	0.043041
0.293712	0.006456	0.361601	0.006311	0.353716	0.009169	0.310526	0.067613	0.361819	0.004841
0.389770	0.037143
0.491024	0.041036
0.311210	0.007399	0.400286	0.005561	0.316657	0.009966	0.318469	0.066328	0.322959	0.004005
0.367628	0.020070
0.378078	0.053450
0.344211	0.008835	0.349345	0.006690	0.277393	0.007937	0.312337	0.069046	0.321027	0.005525
0.380867	0.024592
0.378078	0.045960
0.357107	0.007672	0.433531	0.005497	0.354484	0.007067	0.348428	0.068116	0.366945	0.005070
0.367831	0.023662
0.495134	0.049345
0.355168	0.006594	0.440250	0.006545	0.360303	0.007273	0.333294	0.075315	0.297854	0.005518
0.346174	0.029114
0.491024	0.044626
0.351487	0.007177	0.350613	0.005808	0.341614	0.007772	0.387510	0.070202	0.344979	0.004772
0.336075	0.017681
0.491024	0.056263
0.317150	0.006319	0.368381	0.006747	0.276511	0.007562	0.322215	0.067327	0.353522	0.004236
0.353658	0.019646
0.481370	0.045818
0.341187	0.005915	0.377937	0.006392	0.394964	0.007604	0.323174	0.069935	0.321475	0.003936
0.320361	0.018468
0.491024	0.045837
0.326214	0.006205	0.427358	0.006214	0.390019	0.008077	0.309377	0.068650	0.384661	0.004647
0.339466	0.022450
0.343481	0.042826
0.341649	0.008008	0.333971	0.005860	0.349445	0.007082	0.318287	0.067724	0.283614	0.003318
0.391249	0.024607
0.481370	0.044493
0.350344	0.005928	0.438942	0.005842	0.385501	0.009351	0.325765	0.068106	0.312544	0.005621
0.362495	0.025697
0.491024	0.044715
0.358762	0.006961	0.375447	0.005742	0.357228	0.007527	0.323156	0.068908	0.292810	0.004261
0.245433	0.019288
0.491024	0.045907
0.381817	0.006497	0.289533	0.005269	0.295927	0.007650	0.267455	0.069055	0.393986	0.006638
0.354262	0.025904
0.458032	0.048561
0.335698	0.006289	0.412916	0.005715	0.317832	0.007982	0.359763	0.070063	0.301117	0.003597
0.343040	0.020256
0.491024	0.056274
0.444133	0.009103	0.430632	0.006708	0.305226	0.008286	0.304382	0.069155	0.248511	0.004680
0.349923	0.028919
0.491024	0.044876
0.294467	0.006912	0.430249	0.006020	0.355464	0.006865	0.296313	0.069475	0.327938	0.005537
0.319446	0.026894
0.481370	0.045974
0.349032	0.008041	0.412916	0.005315	0.308656	0.007644	0.299977	0.069266	0.368459	0.004953
0.304706	0.021098
0.363393	0.045594
0.385497	0.008067	0.346256	0.006167	0.352251	0.007054	0.344736	0.068915	0.303845	0.004168
0.324798	0.017188
0.491024	0.042526
delta = 0.400000, m = 14
0.346116	0.008766	0.364176	0.008308	0.394577	0.009410	0.325902	0.117716	0.353500	0.006647
0.355400	0.019712
0.519308	0.044002
0.349896	0.008163	0.331296	0.008028	0.272561	0.009139	0.341099	0.113497	0.343996	0.004893
0.320826	0.013721
0.461369	0.044298
0.344045	0.009128	0.394173	0.007206	0.260621	0.009820	0.304720	0.116684	0.338006	0.008028
0.407695	0.022588
0.431370	0.055555
0.398379	0.008412	0.357418	0.007136	0.402214	0.008561	0.318039	0.116714	0.348499	0.006518
0.364133	0.015552
0.356508	0.049020
0.344415	0.009483	0.375938	0.008166	0.355464	0.009473	0.293541	0.114636	0.343082	0.006195
0.382274	0.020596
0.443154	0.049201
0.363097	0.009341	0.329195	0.007914	0.357385	0.009000	0.332493	0.116807	0.331163	0.004886
0.352307	0.023375
0.467924	0.049319
0.329551	0.008677	0.367708	0.007893	0.302237	0.009042	0.328560	0.115464	0.286007	0.005506
0.296733	0.018867
0.433284	0.048198
0.285363	0.008684	0.366339	0.008028	0.354484	0.008884	0.372341	0.117596	0.380664	0.005125
0.370127	0.016365
0.453431	0.047416
0.377528	0.007551	0.355926	0.007435	0.342312	0.008977	0.351400	0.116701	0.290194	0.005657
0.365469	0.021325
0.427035	0.050093
0.345849	0.009973	0.325780	0.007571	0.341452	0.009476	0.368425	0.116780	0.280042	0.005115
0.319477	0.014966
0.491024	0.044805
0.363068	0.008324	0.392962	0.007276	0.321764	0.009625	0.314944	0.114364	0.312301	0.004790
0.297301	0.015779
0.453431	0.049537
0.361598	0.007806	0.365077	0.008031	0.336742	0.009947	0.372092	0.118721	0.366309	0.004942
0.352402	0.015648
0.486073	0.049832
0.370393	0.008545	0.331628	0.007088	0.353044	0.008784	0.398042	0.116604	0.354077	0.004517
0.372133	0.016597
0.381310	0.049106
0.363016	0.008184	0.398119	0.007159	0.354297	0.010545	0.347428	0.118397	0.285630	0.004952
0.347075	0.018720
0.434268	0.045752
0.340571	0.008810	0.389702	0.007456	0.272836	0.009673	0.370168	0.118106	0.287307	0.004722
0.396376	0.020580
0.475185	0.047232
0.360270	0.007896	0.345767	0.007661	0.331573	0.008088	0.279941	0.117398	0.286567	0.004848
0.371437	0.022177
0.379690	0.044990
0.404812	0.008145	0.356893	0.008256	0.361508	0.009307	0.309809	0.117977	0.397027	0.004738
0.315697	0.017178
0.453431	0.060572
0.357837	0.008236	0.435616	0.007759	0.354484	0.009343	0.278387	0.114304	0.341144	0.005003
0.415232	0.017993
0.413881	0.046533
0.381579	0.008732	0.346774	0.008472	0.300905	0.008947	0.335998	0.118364	0.302148	0.005504
0.333130	0.013690
0.461369	0.048766
0.408813	0.007943	0.348763	0.007054	0.350826	0.009761	0.362004	0.117062	0.357664	0.005643
0.344951	0.022020
0.461369	0.048098
0.343403	0.008233	0.449377	0.007525	0.309999	0.009117	0.335548	0.116170	0.255027	0.005278
0.344130	0.015451
0.458032	0.042272
0.454244	0.008733	0.361582	0.007727	0.355042	0.009349	0.331775	0.118770	0.308316	0.005574
0.379339	0.016501
0.461369	0.048446
0.410816	0.011329	0.363063	0.007511	0.369746	0.009488	0.333477	0.118161	0.341301	0.006513
0.358096	0.016064
0.459285	0.052582
0.387424	0.010431	0.366255	0.008720	0.412038	0.010940	0.382371	0.117119	0.263072	0.005571
0.336440	0.016182
0.453431	0.049893
0.419905	0.009351	0.400186	0.008775	0.353863	0.009373	0.319599	0.114984	0.351194	0.005122
0.360312	0.019883
0.452406	0.046822
0.388275	0.007732	0.367997	0.008423	0.412635	0.010811	0.314048	0.116464	0.326139	0.005450
0.329467	0.019597
0.446238	0.048951
0.326108	0.007763	0.391990	0.006828	0.325102	0.010017	0.340191	0.117061	0.370766	0.006063
0.360530	0.020399
0.431815	0.050246
0.341183	0.008604	0.424300	0.007630	0.339284	0.009484	0.340392	0.114989	0.322634	0.004450
0.369546	0.016104
0.477318	0.044727
0.327389	0.009674	0.352612	0.008159	0.297932	0.009655	0.327629	0.113793	0.340188	0.007224
0.307858	0.016047
0.491024	0.047312
0.346890	0.008169	0.319648	0.006705	0.353635	0.008939	0.362621	0.115646	0.309114	0.005659
0.365994	0.019330
0.390724	0.044001
0.341593	0.007925	0.362739	0.007357	0.348559	0.008746	0.326437	0.117195	0.331093	0.005403
0.356250	0.015517
0.439970	0.049548
0.359209	0.008307	0.331333	0.007220	0.268825	0.010294	0.344166	0.115992	0.328206	0.006509
0.367291	0.016889
0.419557	0.048917
0.422730	0.009095	0.324530	0.008275	0.364313	0.008854	0.255912	0.116599	0.285273	0.006549
0.369572	0.016319
0.453208	0.054516
0.331972	0.008650	0.348481	0.007721	0.371179	0.010645	0.306629	0.125877	0.345380	0.004562
0.411185	0.021404
0.402535	0.046617
0.329827	0.008771	0.362616	0.007439	0.331315	0.009639	0.301039	0.114980	0.316824	0.004775
0.311328	0.018200
0.453431	0.051461
0.384295	0.007815	0.337901	0.007435	0.389865	0.009139	0.325519	0.115795	0.336096	0.004899
0.332998	0.014281
0.453431	0.049389
0.379906	0.008280	0.335373	0.007556	0.329814	0.011292	0.341262	0.116265	0.284318	0.004607
0.317614	0.016002
0.424007	0.045735
0.316260	0.009028	0.372696	0.007441	0.328875	0.009685	0.396275	0.114710	0.338684	0.006332
0.295389	0.018144
0.467924	0.047237
0.333830	0.008371	0.320220	0.007335	0.359812	0.009519	0.313097	0.116908	0.298624	0.004439
0.326917	0.014144
0.400737	0.046906
0.387225	0.008045	0.336060	0.006821	0.336142	0.009460	0.361835	0.115929	0.379635	0.005755
0.326893	0.016380
0.466161	0.053782
0.371368	0.008625	0.420977	0.007263	0.353627	0.010092	0.318790	0.118638	0.371268	0.005511
0.372212	0.014566
0.489191	0.052760
0.383824	0.007702	0.320112	0.008222	0.329863	0.008960	0.297047	0.115562	0.338170	0.005998
0.327405	0.021548
0.461369	0.051339
0.392181	0.008270	0.398046	0.007817	0.371565	0.009493	0.323959	0.117515	0.302443	0.005189
0.329008	0.016871
0.461369	0.050006
0.388996	0.009189	0.437521	0.008042	0.311248	0.009295	0.315938	0.116867	0.346619	0.006543
0.327990	0.023459
0.336259	0.051788
0.337107	0.008484	0.372943	0.007166	0.338326	0.009176	0.339558	0.115708	0.252160	0.004990
0.378913	0.018783
0.491024	0.053377
0.345601	0.007402	0.368114	0.007874	0.270327	0.008623	0.306484	0.119271	0.290881	0.004993
0.319360	0.018543
0.458032	0.047572
0.351942	0.008089	0.349148	0.008772	0.353669	0.008634	0.319139	0.116875	0.279919	0.005788
0.344110	0.018431
0.356569	0.048194
0.361794	0.008408	0.373798	0.007160	0.299095	0.008590	0.284341	0.115327	0.370452	0.005454
0.343555	0.019338
0.477318	0.046574
0.336140	0.009105	0.311794	0.008297	0.353981	0.009072	0.367944	0.115646	0.301781	0.005203
0.348373	0.019709
0.461369	0.045503
0.360539	0.008221	0.388483	0.007499	0.328976	0.009593	0.297541	0.116919	0.381186	0.005440
0.384710	0.017431
0.453431	0.048542
delta = 0.400000, m = 18
0.323360	0.011480	0.326629	0.008564	0.287698	0.012179	0.355403	0.166096	0.361684	0.006654
0.369009	0.019989
0.382552	0.049904
0.321102	0.011313	0.409208	0.009530	0.346172	0.011535	0.340005	0.168336	0.370414	0.007088
0.328384	0.014549
0.483878	0.052033
0.308358	0.011087	0.347069	0.008886	0.331736	0.010977	0.299289	0.166765	0.302671	0.005335
0.302677	0.014647
0.466161	0.047478
0.350590	0.010196	0.323210	0.008892	0.358655	0.010429	0.360520	0.167580	0.336501	0.005889
0.353765	0.014463
0.415970	0.051429
0.334666	0.010135	0.317930	0.009136	0.352860	0.010529	0.358389	0.168723	0.355171	0.005225
0.353198	0.016501
0.443154	0.055411
0.346536	0.010370	0.326084	0.008942	0.343768	0.011805	0.296172	0.165931	0.329217	0.005479
0.346605	0.013671
0.358423	0.050425
0.337660	0.009562	0.348007	0.009908	0.330922	0.011257	0.308446	0.167641	0.340999	0.006602
0.338556	0.015397
0.422468	0.053735
0.349532	0.011105	0.345171	0.009597	0.392662	0.010571	0.260087	0.166898	0.336334	0.006698
0.265418	0.014805
0.451036	0.047494
0.322006	0.010105	0.381299	0.008875	0.324272	0.010354	0.321152	0.166556	0.338251	0.006332
0.318002	0.018233
0.501048	0.046192
0.389702	0.010188	0.323360	0.010212	0.331315	0.011668	0.356308	0.169242	0.331265	0.006354
0.318474	0.019067
0.348167	0.048684
0.316496	0.010658	0.327679	0.008799	0.263493	0.010997	0.278645	0.165986	0.310474	0.007251
0.377471	0.018105
0.363548	0.048596
0.340327	0.011090	0.336199	0.008789	0.378219	0.010050	0.290027	0.168141	0.293561	0.005607
0.311276	0.015804
0.448957	0.045524
0.359209	0.009352	0.342084	0.008846	0.348557	0.010648	0.358389	0.163751	0.329111	0.005440
0.378293	0.015365
0.478109	0.049479
0.277745	0.009597	0.344107	0.009086	0.380231	0.010798	0.361168	0.166116	0.348963	0.005433
0.354816	0.016007
0.445925	0.056399
0.325376	0.009399	0.339185	0.010154	0.335413	0.011603	0.309144	0.170173	0.327554	0.005612
0.322609	0.015498
0.456915	0.053298
0.358389	0.009935	0.358389	0.009158	0.375408	0.010622	0.369845	0.168293	0.304192	0.007394
0.362738	0.015624
0.461369	0.046589
0.328152	0.009943	0.337599	0.009209	0.274274	0.010296	0.296706	0.167911	0.390570	0.005475
0.312475	0.016329
0.385541	0.053324
0.403877	0.010734	0.349062	0.009569	0.286113	0.011579	0.314524	0.168035	0.353310	0.005457
0.330976	0.016315
0.454761	0.057267
0.337455	0.011039	0.347012	0.009140	0.377694	0.010574	0.310913	0.168118	0.325787	0.006026
0.362841	0.013590
0.484789	0.051802
0.358959	0.010159	0.349903	0.009539	0.349551	0.012045	0.288269	0.167210	0.351227	0.004994
0.359443	0.015092
0.423366	0.062150
0.389702	0.011841	0.402354	0.010251	0.335480	0.011611	0.358959	0.167070	0.282335	0.006133
0.349733	0.016985
0.456134	0.047135
0.323169	0.010394	0.358389	0.008794	0.389542	0.010858	0.351059	0.165980	0.324565	0.005535
0.362589	0.016259
0.418134	0.049089
0.350568	0.010958	0.328902	0.010127	0.351686	0.011704	0.333221	0.166860	0.302034	0.006309
0.311872	0.018436
0.474560	0.052392
0.333639	0.010737	0.328532	0.011034	0.339139	0.011217	0.312294	0.167844	0.303454	0.005807
0.323382	0.015683
0.466009	0.049934
0.339162	0.009766	0.354111	0.008985	0.356019	0.010874	0.306582	0.167598	0.338031	0.006431
0.336924	0.015126
0.420531	0.051121
0.360687	0.009889	0.318535	0.009395	0.343742	0.010519	0.314286	0.166193	0.340098	0.005900
0.285166	0.016253
0.450066	0.050204
0.344570	0.010879	0.360816	0.009393	0.364798	0.010464	0.354292	0.167974	0.329018	0.006205
0.359812	0.021506
0.420617	0.053449
0.362557	0.010676	0.339816	0.009398	0.280911	0.012658	0.309827	0.167916	0.327717	0.006277
0.354753	0.016724
0.412379	0.049279
0.333877	0.009585	0.327255	0.010951	0.328192	0.010981	0.277721	0.165916	0.323654	0.005922
0.316282	0.015989
0.467409	0.049723
0.394808	0.010222	0.323360	0.009721	0.400871	0.011230	0.351426	0.165917	0.342775	0.006633
0.353808	0.018379
0.394131	0.050512
0.358389	0.009460	0.337114	0.008748	0.295243	0.010608	0.314275	0.167101	0.249593	0.005699
0.409081	0.017203
0.379091	0.054377
0.389702	0.010494	0.340177	0.009462	0.343247	0.011154	0.358959	0.165237	0.331513	0.007384
0.353854	0.016992
0.453092	0.050421
0.387485	0.010241	0.350833	0.009579	0.402214	0.010908	0.345402	0.172056	0.333054	0.006492
0.411355	0.018128
0.480088	0.051231
0.325615	0.010500	0.397599	0.009565	0.410959	0.014401	0.297841	0.165987	0.375805	0.006105
0.354266	0.015307
0.453431	0.061399
0.350253	0.010552	0.345446	0.009153	0.346042	0.010639	0.307098	0.170321	0.301463	0.005569
0.346684	0.018603
0.393641	0.054731
0.345623	0.010549	0.415323	0.009565	0.332471	0.011464	0.349532	0.168419	0.371185	0.007493
0.333652	0.014501
0.459655	0.047415
0.340005	0.009891	0.333098	0.009379	0.295580	0.011140	0.394001	0.169938	0.380196	0.006655
0.330425	0.015552
0.357774	0.054271
0.303236	0.010168	0.361699	0.008503	0.377932	0.010453	0.336301	0.167478	0.342372	0.005999
0.332063	0.013575
0.461369	0.046618
0.345353	0.011194	0.355046	0.008915	0.287272	0.011036	0.306692	0.167770	0.334223	0.005799
0.312589	0.014895
0.422885	0.058303
0.349108	0.009369	0.334119	0.009623	0.335294	0.011195	0.358136	0.165165	0.285335	0.005667
0.266167	0.017800
0.309040	0.051797
0.348760	0.009310	0.332438	0.010312	0.303786	0.011275	0.292768	0.169472	0.322714	0.005871
0.343138	0.014000
0.411215	0.053889
0.335515	0.010185	0.400732	0.008778	0.366793	0.011355	0.327894	0.168671	0.372697	0.005751
0.322949	0.014727
0.375064	0.053063
0.318461	0.011326	0.327255	0.010239	0.354789	0.010146	0.331722	0.168289	0.299388	0.005011
0.351789	0.017925
0.399273	0.050819
0.339755	0.009776	0.353488	0.009553	0.376535	0.010758	0.357669	0.166894	0.398702	0.004978
0.334045	0.014280
0.442399	0.055235
0.403877	0.010009	0.349973	0.009311	0.378090	0.011359	0.332672	0.166585	0.311954	0.005430
0.334824	0.015068
0.364870	0.051171
0.321962	0.010056	0.303707	0.008735	0.313330	0.010451	0.274623	0.165848	0.321578	0.007663
0.277600	0.017698
0.476781	0.059085
0.413891	0.010742	0.389702	0.010640	0.307969	0.012417	0.343720	0.165827	0.303545	0.004951
0.374401	0.016919
0.443481	0.049894
0.308187	0.009668	0.346386	0.009320	0.356924	0.010720	0.327988	0.167142	0.271836	0.006025
0.298291	0.017378
0.453431	0.052281
0.340327	0.009621	0.339144	0.008734	0.343732	0.010468	0.311594	0.167589	0.339803	0.007340
0.329892	0.013590
0.482830	0.056351
0.349347	0.010886	0.389455	0.008784	0.360871	0.010642	0.361268	0.166768	0.323168	0.005490
0.267526	0.016436
0.474893	0.050669
delta = 0.400000, m = 22
0.324440	0.011807	0.358389	0.011113	0.335480	0.013044	0.325284	0.241810	0.301946	0.006019
0.290925	0.017002
0.498425	0.056551
0.389513	0.012151	0.403877	0.010490	0.343661	0.012253	0.353527	0.238796	0.325968	0.006161
0.368106	0.019618
0.460178	0.060022
0.346210	0.012311	0.339743	0.011515	0.337162	0.011717	0.358389	0.239134	0.344814	0.006615
0.339123	0.015755
0.480794	0.049939
0.323360	0.012962	0.358389	0.011706	0.354709	0.013152	0.358389	0.239788	0.375105	0.005734
0.386867	0.018810
0.420961	0.058771
0.358389	0.011920	0.358389	0.010413	0.339284	0.012899	0.336413	0.240503	0.295163	0.006019
0.323317	0.018230
0.467028	0.055823
0.338419	0.012298	0.358389	0.011194	0.338567	0.011643	0.313162	0.241159	0.405610	0.006240
0.312123	0.015321
0.485454	0.060056
0.356397	0.012479	0.316791	0.010677	0.393683	0.012946	0.356308	0.241382	0.342156	0.006733
0.318851	0.016817
0.382452	0.051469
0.389702	0.012715	0.340327	0.011008	0.357004	0.012530	0.342390	0.243541	0.387166	0.005932
0.345548	0.019149
0.377384	0.061013
0.403877	0.012042	0.358389	0.011501	0.335040	0.012416	0.320139	0.244160	0.327697	0.006870
0.369974	0.015216
0.371637	0.058016
0.334325	0.011737	0.358389	0.010074	0.339284	0.013649	0.358959	0.237401	0.308168	0.005797
0.366729	0.016965
0.473200	0.054256
0.340289	0.012368	0.358389	0.010754	0.327203	0.012703	0.381395	0.241959	0.387719	0.005774
0.305582	0.019197
0.422665	0.058944
0.340005	0.012047	0.306215	0.009618	0.322868	0.011948	0.334993	0.244156	0.343864	0.006729
0.327059	0.024530
0.373416	0.049723
0.350337	0.011324	0.335841	0.010410	0.336539	0.011903	0.321079	0.244518	0.271551	0.006863
0.334162	0.016230
0.313964	0.051704
0.341076	0.012590	0.324093	0.010906	0.290526	0.013691	0.358326	0.243898	0.391074	0.006994
0.338184	0.018865
0.384909	0.061783
0.358389	0.011557	0.348007	0.010808	0.354110	0.013210	0.305960	0.242775	0.368790	0.006067
0.357188	0.017412
0.431162	0.058937
0.434823	0.011618	0.346634	0.010577	0.300375	0.012940	0.373544	0.241981	0.370407	0.006289
0.329747	0.015391
0.472603	0.058902
0.341996	0.012044	0.340327	0.011189	0.321565	0.014633	0.310637	0.238391	0.334672	0.005860
0.343675	0.015230
0.395298	0.061710
0.345283	0.011059	0.314072	0.009852	0.334778	0.012714	0.348269	0.241178	0.330010	0.006251
0.345999	0.017190
0.479604	0.056070
0.345178	0.011224	0.339185	0.011433	0.339284	0.012745	0.342775	0.239166	0.361827	0.007279
0.306322	0.016805
0.479764	0.057084
0.339144	0.011774	0.307603	0.010576	0.358631	0.011769	0.364670	0.236881	0.319495	0.005734
0.331020	0.014927
0.468658	0.061808
0.341810	0.011030	0.306776	0.010140	0.332570	0.012561	0.312565	0.243771	0.329642	0.006149
0.347369	0.017407
0.400197	0.056855
0.328152	0.012846	0.358389	0.011905	0.371237	0.014934	0.345764	0.241907	0.337856	0.006819
0.337042	0.016048
0.461582	0.061398
0.333891	0.012793	0.327255	0.012200	0.319654	0.013599	0.361634	0.242865	0.336856	0.006087
0.357798	0.014108
0.486880	0.057676
0.358959	0.011373	0.348007	0.009850	0.364856	0.012979	0.358389	0.253059	0.347889	0.006601
0.319801	0.017948
0.459189	0.049720
0.358389	0.011685	0.349532	0.011446	0.323643	0.013784	0.358597	0.240905	0.426533	0.008269
0.327434	0.016523
0.455961	0.055057
0.340327	0.012080	0.330418	0.010298	0.346042	0.012582	0.347558	0.244071	0.387636	0.008610
0.338363	0.017100
0.448571	0.053406
0.326579	0.011755	0.323360	0.010997	0.322180	0.013575	0.309242	0.239152	0.378480	0.005842
0.366006	0.019407
0.496762	0.059832
0.348007	0.012357	0.327255	0.011562	0.338291	0.012885	0.326365	0.238030	0.324395	0.006122
0.309309	0.014350
0.476056	0.050620
0.376997	0.011956	0.358082	0.012154	0.268939	0.020571	0.401683	0.252598	0.346053	0.006099
0.325409	0.015829
0.400737	0.058507
0.346210	0.012487	0.358132	0.010183	0.305644	0.011490	0.349347	0.242413	0.411483	0.007419
0.349539	0.019206
0.439131	0.053137
0.334695	0.012201	0.358389	0.009903	0.335413	0.013435	0.349532	0.242183	0.326866	0.006355
0.338009	0.015051
0.438855	0.049982
0.403877	0.011712	0.340437	0.010376	0.366793	0.012675	0.280263	0.240071	0.282245	0.006677
0.324460	0.019035
0.368115	0.052364
0.356535	0.011359	0.340558	0.011124	0.341416	0.012837	0.303509	0.245185	0.349301	0.006917
0.325694	0.015654
0.375968	0.059078
0.381985	0.012458	0.316820	0.011376	0.342734	0.012880	0.324664	0.242796	0.369713	0.008737
0.374004	0.019501
0.422410	0.058388
0.358389	0.013145	0.318535	0.011263	0.339284	0.013384	0.358389	0.244480	0.322925	0.006725
0.283745	0.016104
0.360792	0.053139
0.334789	0.011521	0.379519	0.010460	0.319530	0.012787	0.328708	0.241240	0.346565	0.007897
0.324859	0.015468
0.420405	0.054472
0.358389	0.011073	0.347489	0.010824	0.354587	0.014081	0.301210	0.243892	0.321404	0.006722
0.356315	0.018145
0.395711	0.053470
0.328583	0.012373	0.336793	0.010357	0.373932	0.013690	0.344062	0.241058	0.360136	0.008447
0.295269	0.017060
0.358954	0.055762
0.324606	0.012944	0.327255	0.011813	0.383626	0.014024	0.353461	0.242188	0.336327	0.008466
0.295892	0.016390
0.483397	0.054305
0.378925	0.011886	0.373724	0.010531	0.365431	0.014597	0.338472	0.241461	0.335094	0.005607
0.356132	0.018201
0.390890	0.057937
0.328277	0.011200	0.305682	0.010233	0.294230	0.013058	0.361751	0.243285	0.345926	0.007536
0.315809	0.014606
0.459364	0.058502
0.340437	0.011929	0.333640	0.011386	0.354280	0.013936	0.348467	0.240663	0.368966	0.007229
0.359430	0.015350
0.408888	0.056309
0.358389	0.011409	0.348007	0.009913	0.320678	0.012106	0.349532	0.243012	0.352706	0.009214
0.361436	0.018708
0.387905	0.058184
0.355169	0.010908	0.340437	0.011598	0.338004	0.012561	0.332443	0.241327	0.398281	0.007767
0.340439	0.018522
0.497953	0.053065
0.329579	0.012684	0.346634	0.011829	0.357385	0.012832	0.344772	0.241836	0.355967	0.007340
0.302108	0.016244
0.477789	0.059626
0.342629	0.012983	0.358389	0.010288	0.356112	0.012114	0.356483	0.243500	0.314787	0.005927
0.316998	0.017453
0.471077	0.055190
0.354877	0.011728	0.325365	0.010733	0.340518	0.011931	0.350339	0.247280	0.386704	0.006553
0.344815	0.015557
0.464235	0.056994
0.348007	0.012370	0.324160	0.010853	0.339284	0.013598	0.336859	0.244546	0.357358	0.006480
0.353213	0.017885
0.446843	0.055915
0.328704	0.011112	0.289572	0.010745	0.334229	0.013834	0.332635	0.240225	0.369205	0.006648
0.327048	0.016491
0.391643	0.057207
0.358389	0.012905	0.349532	0.011250	0.362246	0.012991	0.348007	0.241483	0.314164	0.007399
0.333191	0.018008
0.467743	0.054540
delta = 0.400000, m = 26
0.358959	0.013694	0.347012	0.012294	0.356486	0.015491	0.358389	0.318536	0.281061	0.006314
0.402719	0.016832
0.476411	0.058625
0.341152	0.012800	0.360079	0.012417	0.349163	0.014754	0.358389	0.319092	0.326677	0.005898
0.275442	0.016878
0.515239	0.057887
0.334310	0.013749	0.358389	0.011830	0.270309	0.015020	0.339638	0.317979	0.317389	0.007701
0.341286	0.016555
0.342718	0.056620
0.337251	0.012831	0.349532	0.012512	0.337207	0.014732	0.326616	0.315099	0.353800	0.007628
0.319952	0.017015
0.415491	0.057952
0.330606	0.013369	0.340558	0.012592	0.342111	0.014397	0.358389	0.318909	0.307830	0.007526
0.337330	0.015419
0.362548	0.065778
0.310533	0.013610	0.358389	0.012153	0.333021	0.013762	0.358389	0.313677	0.333429	0.006278
0.365653	0.019759
0.431433	0.058488
0.333981	0.013264	0.349532	0.012334	0.370104	0.015059	0.349532	0.317874	0.319164	0.007766
0.329738	0.017504
0.406326	0.055030
0.358389	0.013109	0.358389	0.011772	0.367924	0.013920	0.343193	0.316618	0.387320	0.007044
0.360093	0.016234
0.419493	0.055593
0.339833	0.014093	0.329074	0.012794	0.316289	0.013966	0.358389	0.318451	0.403189	0.006954
0.348256	0.017731
0.452699	0.055305
0.335097	0.014149	0.356949	0.011942	0.309583	0.014372	0.317588	0.317809	0.296472	0.007938
0.344312	0.019686
0.482850	0.061271
0.349127	0.013126	0.349554	0.011848	0.339284	0.014482	0.307922	0.318707	0.353151	0.007228
0.318530	0.019324
0.431744	0.054894
0.324448	0.013401	0.358389	0.012735	0.272297	0.014137	