delta = 0.055000, m = 5
0.149213	0.006575	0.123027	0.004919	0.312873	0.007325	0.310003	0.034521	0.329032	0.003341
0.399809	0.021464
0.414691	0.031781
0.245246	0.003938	0.330355	0.004168	0.322354	0.005057	0.267876	0.033525	0.170444	0.003021
0.414225	0.015466
0.414691	0.027332
0.284983	0.004359	0.157393	0.003605	0.177292	0.004960	0.331588	0.031445	0.107589	0.004193
0.423017	0.016267
0.414691	0.030141
0.367055	0.004515	0.310419	0.003444	0.322354	0.006149	0.373533	0.030962	0.286289	0.002703
0.414225	0.017122
0.414691	0.031577
0.205083	0.004457	0.343717	0.003477	0.177292	0.005268	0.188570	0.032645	0.224005	0.003191
0.399809	0.018831
0.414691	0.033940
0.254307	0.005066	0.140246	0.005144	0.234368	0.005379	0.307542	0.034334	0.319659	0.003706
0.424285	0.015299
0.414691	0.034004
0.290940	0.003650	0.164339	0.003699	0.312873	0.006105	0.180118	0.032203	0.136981	0.005804
0.423017	0.017751
0.414691	0.034632
0.310664	0.004393	0.340879	0.004123	0.432080	0.005345	0.324900	0.034932	0.221682	0.003057
0.423017	0.017800
0.414691	0.038686
0.257197	0.005256	0.364920	0.004023	0.312873	0.005188	0.213692	0.030733	0.227080	0.003310
0.423017	0.016534
0.414691	0.032193
0.186624	0.005478	0.233332	0.004179	0.296945	0.005103	0.321773	0.033025	0.071850	0.004129
0.414225	0.017704
0.414691	0.032861
0.180384	0.005728	0.315311	0.004033	0.267876	0.006664	0.127925	0.033715	0.140248	0.003941
0.423017	0.016502
0.414691	0.037013
0.405862	0.004562	0.221194	0.004296	0.234368	0.006016	0.274663	0.033755	0.288507	0.003491
0.423017	0.023684
0.414691	0.036784
0.288798	0.006670	0.354718	0.003412	0.234368	0.005511	0.212045	0.036623	0.098840	0.003832
0.414225	0.015161
0.414691	0.034015
0.308806	0.005252	0.173245	0.003646	0.166179	0.005024	0.179837	0.034157	0.169238	0.003161
0.394837	0.016190
0.414691	0.034308
0.205879	0.007074	0.245246	0.004803	0.287767	0.006680	0.315751	0.034226	0.300240	0.005813
0.428364	0.018986
0.414691	0.036200
0.108619	0.004642	0.157393	0.005813	0.322354	0.005653	0.215824	0.032952	0.133780	0.003404
0.394837	0.023650
0.414691	0.031735
0.254135	0.004276	0.177686	0.003399	0.203961	0.005629	0.310292	0.035009	0.335580	0.003389
0.424285	0.020789
0.414691	0.028059
0.142391	0.003904	0.341045	0.004022	0.267876	0.007274	0.281185	0.034778	0.330646	0.002962
0.424285	0.017546
0.414691	0.038617
0.162767	0.004490	0.164339	0.003920	0.197616	0.006279	0.159377	0.038743	0.226413	0.003287
0.404902	0.016563
0.414691	0.033839
0.157393	0.004754	0.200790	0.003840	0.312873	0.005767	0.400333	0.033849	0.390383	0.002931
0.423017	0.017472
0.414691	0.031730
0.371823	0.004685	0.164339	0.003889	0.416402	0.005305	0.203545	0.031483	0.115801	0.003198
0.399809	0.021536
0.414691	0.033935
0.392727	0.004092	0.341045	0.004076	0.322354	0.005217	0.319116	0.033060	0.160539	0.003143
0.423017	0.015253
0.414691	0.030152
0.245246	0.005842	0.218442	0.003922	0.312873	0.006614	0.159212	0.034745	0.301031	0.003603
0.424285	0.016154
0.414691	0.033373
0.315311	0.003900	0.233332	0.003692	0.322354	0.004996	0.219682	0.033356	0.351132	0.003206
0.394837	0.022555
0.414691	0.031583
0.339583	0.006011	0.157393	0.004240	0.197771	0.005230	0.247266	0.034263	0.173964	0.003264
0.423017	0.019238
0.414691	0.028838
0.218442	0.004140	0.277419	0.004177	0.234368	0.005738	0.269313	0.038836	0.384969	0.003850
0.423017	0.016324
0.414691	0.027463
0.324446	0.005038	0.121830	0.004146	0.234368	0.005275	0.115801	0.033835	0.360627	0.002965
0.414225	0.018398
0.414691	0.035341
0.188497	0.004098	0.157393	0.005097	0.234368	0.006314	0.168807	0.032009	0.147392	0.003567
0.423017	0.019414
0.414691	0.036295
0.191997	0.004982	0.364920	0.004498	0.234368	0.005457	0.396927	0.031808	0.295489	0.003173
0.399809	0.022896
0.414691	0.031445
0.254307	0.004789	0.291670	0.004700	0.234368	0.005833	0.403965	0.034752	0.174970	0.004144
0.424285	0.023780
0.414691	0.029719
0.162451	0.004577	0.254307	0.003894	0.418988	0.005464	0.237736	0.035680	0.285975	0.002890
0.423017	0.018071
0.414691	0.035354
0.367055	0.004619	0.341045	0.003832	0.234368	0.005830	0.224311	0.038598	0.392954	0.003809
0.414225	0.019153
0.414691	0.032943
0.238842	0.003495	0.338682	0.004234	0.278786	0.005916	0.338441	0.033649	0.304966	0.003384
0.398660	0.017623
0.414691	0.032127
0.315311	0.006562	0.162451	0.004118	0.287767	0.005401	0.216968	0.031065	0.193016	0.003583
0.394837	0.016937
0.414691	0.033884
0.319799	0.004264	0.178509	0.003942	0.322354	0.005451	0.291482	0.032526	0.047505	0.003814
0.399809	0.015467
0.414691	0.041763
0.288277	0.005669	0.355910	0.004247	0.312873	0.006619	0.128220	0.043340	0.267998	0.004081
0.424285	0.018046
0.414691	0.031255
0.254307	0.004066	0.247539	0.003987	0.287767	0.007275	0.424823	0.034437	0.426215	0.004323
0.399809	0.014848
0.414691	0.032339
0.062799	0.004630	0.199843	0.003410	0.234368	0.005574	0.201360	0.033736	0.235874	0.003934
0.423017	0.019479
0.414691	0.031755
0.375355	0.004289	0.157393	0.004177	0.296945	0.009568	0.425733	0.038739	0.187662	0.004946
0.414225	0.019137
0.398447	0.044012
0.330593	0.007315	0.157393	0.004506	0.278786	0.006459	0.172928	0.036718	0.197947	0.003307
0.399809	0.019110
0.414691	0.032755
0.245246	0.009077	0.254307	0.004255	0.199986	0.009542	0.194038	0.032022	0.183369	0.003903
0.399809	0.018526
0.414691	0.040769
0.372321	0.006529	0.318340	0.004282	0.312873	0.005984	0.286247	0.039952	0.285995	0.004268
0.398660	0.029626
0.398447	0.042078
0.303633	0.010453	0.157393	0.005359	0.234368	0.006026	0.215824	0.034281	0.290345	0.002865
0.394837	0.016249
0.414691	0.035531
0.164339	0.004237	0.298161	0.004781	0.278786	0.007949	0.312583	0.033726	0.208891	0.003416
0.414225	0.018282
0.414691	0.031791
0.250999	0.003950	0.157393	0.003721	0.234368	0.005082	0.331169	0.033823	0.289505	0.003162
0.414225	0.021274
0.414691	0.038577
0.254307	0.007970	0.254307	0.004096	0.278786	0.005801	0.321728	0.035443	0.319394	0.003375
0.423017	0.020035
0.414691	0.032157
0.285125	0.004944	0.346893	0.003160	0.287767	0.005743	0.200184	0.036745	0.177950	0.003191
0.414225	0.017096
0.398447	0.038880
0.341754	0.004072	0.157393	0.003711	0.287767	0.005608	0.317344	0.033737	0.311199	0.006620
0.414225	0.018999
0.414691	0.035073
0.348826	0.004255	0.352946	0.003897	0.287767	0.005544	0.158897	0.034647	0.215824	0.004070
0.414225	0.016249
0.398447	0.029449
0.222799	0.003958	0.298161	0.004253	0.312873	0.007461	0.153885	0.034130	0.181772	0.003775
0.423017	0.024717
0.414691	0.035513
delta = 0.055000, m = 7
0.298998	0.005501	0.341045	0.005245	0.312873	0.005891	0.362256	0.046562	0.290466	0.003575
0.394837	0.018794
0.435474	0.043070
0.344532	0.004233	0.396474	0.004229	0.312873	0.006076	0.426215	0.047355	0.328020	0.004491
0.414157	0.016418
0.414691	0.045147
0.349698	0.004973	0.341045	0.003739	0.444755	0.005610	0.222895	0.050273	0.156290	0.004470
0.427774	0.018089
0.435474	0.043430
0.435474	0.006269	0.274740	0.006057	0.312873	0.006029	0.343252	0.047446	0.414691	0.003111
0.437190	0.024464
0.435474	0.046198
0.272335	0.004247	0.300116	0.004284	0.426215	0.006282	0.312873	0.047542	0.273028	0.003649
0.396053	0.019747
0.435474	0.044289
0.338901	0.004938	0.412496	0.003636	0.312873	0.005438	0.297773	0.045374	0.255929	0.003640
0.386224	0.017878
0.435474	0.040210
0.342800	0.005576	0.307011	0.004671	0.312873	0.006362	0.361787	0.050178	0.276992	0.003467
0.429211	0.017355
0.435474	0.050725
0.322233	0.007940	0.296299	0.003732	0.312873	0.007800	0.341045	0.061116	0.179837	0.003954
0.405249	0.017344
0.435474	0.040119
0.236154	0.004810	0.321773	0.004048	0.312873	0.010746	0.307122	0.049186	0.197567	0.003214
0.429211	0.014902
0.435474	0.040562
0.453874	0.006700	0.376976	0.005343	0.322354	0.006386	0.270066	0.046152	0.233785	0.003693
0.429211	0.022772
0.414691	0.035997
0.297880	0.005152	0.330283	0.005790	0.450013	0.006089	0.205879	0.048700	0.293736	0.003657
0.410968	0.023743
0.435474	0.040426
0.410446	0.004876	0.381347	0.004431	0.303589	0.006056	0.300396	0.049541	0.177418	0.004272
0.394837	0.020002
0.435474	0.047738
0.386425	0.004347	0.374575	0.004645	0.426215	0.007441	0.352093	0.046695	0.321773	0.003456
0.405249	0.015556
0.435474	0.048951
0.411974	0.006380	0.341045	0.005024	0.350919	0.006207	0.374638	0.049352	0.260928	0.004118
0.404902	0.018316
0.435474	0.039202
0.320446	0.004754	0.183211	0.004343	0.312873	0.006214	0.393838	0.048423	0.227241	0.003940
0.405249	0.024550
0.435474	0.034346
0.404092	0.004858	0.183211	0.005561	0.426215	0.012841	0.306848	0.048697	0.126737	0.006554
0.391277	0.020566
0.435474	0.041166
0.297519	0.005979	0.341045	0.004942	0.418988	0.005655	0.314018	0.047126	0.068814	0.003320
0.414157	0.021594
0.435474	0.051325
0.447582	0.004583	0.383050	0.004144	0.426215	0.007436	0.380152	0.051186	0.319116	0.003184
0.398660	0.020716
0.435474	0.049002
0.340689	0.004923	0.353215	0.004495	0.372361	0.007269	0.366215	0.047355	0.206339	0.003940
0.425747	0.022331
0.435474	0.044815
0.286969	0.005190	0.341045	0.003906	0.338441	0.005907	0.255929	0.049666	0.294408	0.005533
0.431543	0.015192
0.435474	0.041281
0.335968	0.004976	0.188323	0.003470	0.426215	0.005904	0.150840	0.048336	0.170023	0.005431
0.414225	0.017683
0.435474	0.038759
0.434385	0.004822	0.274740	0.005270	0.328204	0.008548	0.310805	0.046193	0.313305	0.004033
0.419761	0.016482
0.435474	0.038477
0.341045	0.004714	0.338901	0.003994	0.312873	0.009077	0.401166	0.045586	0.325165	0.004068
0.414225	0.018817
0.435474	0.040502
0.386425	0.006333	0.378312	0.003876	0.322354	0.006316	0.329669	0.047116	0.175368	0.003206
0.414225	0.022039
0.414691	0.038858
0.307011	0.004977	0.300660	0.004221	0.343189	0.005889	0.213261	0.048581	0.389351	0.003150
0.405872	0.016878
0.414691	0.045276
0.315683	0.004547	0.457788	0.005646	0.338441	0.007952	0.151503	0.048060	0.292514	0.004595
0.429211	0.014165
0.435474	0.044802
0.341045	0.004040	0.410446	0.005415	0.312873	0.008979	0.368740	0.047912	0.190309	0.002974
0.405249	0.018577
0.435474	0.042312
0.360277	0.006257	0.320446	0.004884	0.322354	0.006356	0.385037	0.047504	0.318931	0.003289
0.393976	0.017571
0.435474	0.043966
0.391016	0.005457	0.321833	0.004152	0.328204	0.006438	0.283161	0.048706	0.327971	0.005361
0.394837	0.019776
0.435474	0.041968
0.381641	0.004611	0.341045	0.004998	0.444755	0.005934	0.432906	0.050149	0.213300	0.003877
0.405249	0.016940
0.435474	0.043525
0.393383	0.007082	0.418030	0.005359	0.312873	0.006930	0.321773	0.048018	0.288644	0.008376
0.410968	0.017613
0.435474	0.046091
0.424803	0.004644	0.261464	0.004531	0.323330	0.006442	0.393494	0.048464	0.321773	0.005367
0.403117	0.017596
0.435474	0.039003
0.310068	0.005858	0.183211	0.004043	0.322354	0.006262	0.145956	0.052358	0.362245	0.003291
0.404821	0.019694
0.435474	0.036995
0.309431	0.006738	0.274208	0.006322	0.322354	0.006436	0.293091	0.048797	0.270778	0.003422
0.414157	0.016610
0.435474	0.042211
0.307011	0.005133	0.400496	0.004403	0.285778	0.005969	0.406548	0.046927	0.140277	0.003981
0.409529	0.022603
0.435474	0.038073
0.459878	0.005165	0.321773	0.004249	0.459337	0.006493	0.360933	0.049722	0.205571	0.003868
0.405249	0.022965
0.414691	0.043965
0.435181	0.004598	0.286969	0.005677	0.322354	0.010416	0.355982	0.048550	0.214226	0.003622
0.394837	0.017515
0.435474	0.039963
0.312502	0.005689	0.338901	0.007962	0.312873	0.005943	0.329077	0.045977	0.398840	0.003719
0.404902	0.019067
0.435474	0.040241
0.272969	0.004898	0.400496	0.006700	0.312873	0.012284	0.293091	0.049658	0.078206	0.005592
0.405249	0.018734
0.435474	0.043591
0.403511	0.003846	0.387653	0.005876	0.294783	0.007264	0.222451	0.048355	0.200441	0.003505
0.429211	0.016649
0.435474	0.041042
0.272335	0.007704	0.341045	0.005338	0.413793	0.005945	0.393680	0.048227	0.068822	0.003087
0.429211	0.018524
0.435474	0.048859
0.459878	0.004240	0.271312	0.004503	0.239829	0.005940	0.147342	0.051547	0.148111	0.004874
0.405249	0.018481
0.435474	0.039749
0.173300	0.004733	0.340849	0.004371	0.312873	0.010057	0.280297	0.048058	0.306020	0.003366
0.405249	0.016084
0.435474	0.056357
0.386438	0.004985	0.307174	0.004067	0.347926	0.007543	0.426215	0.045905	0.079874	0.005943
0.414157	0.017750
0.435474	0.040285
0.345495	0.004598	0.300660	0.007595	0.397891	0.007642	0.317743	0.044080	0.330357	0.003509
0.406276	0.017267
0.435474	0.046498
0.352497	0.004456	0.319339	0.004106	0.312873	0.006460	0.218442	0.050252	0.323818	0.003315
0.414157	0.023785
0.435474	0.039958
0.340849	0.004758	0.417567	0.005169	0.338441	0.007100	0.100712	0.047198	0.302572	0.003202
0.405249	0.020630
0.435474	0.044525
0.183211	0.005497	0.256140	0.004521	0.239829	0.005760	0.342853	0.050335	0.281758	0.004143
0.429211	0.014690
0.435474	0.038283
0.299040	0.005572	0.240625	0.004169	0.457905	0.005499	0.173974	0.054224	0.149549	0.003348
0.414157	0.018054
0.403230	0.035608
0.412212	0.004656	0.341045	0.005103	0.275317	0.008412	0.239699	0.049481	0.200184	0.003142
0.405249	0.018490
0.435474	0.047468
delta = 0.055000, m = 9
0.404092	0.008342	0.405663	0.004266	0.269993	0.006801	0.331548	0.063374	0.308831	0.003652
0.414415	0.015356
0.231207	0.041872
0.466741	0.005407	0.447768	0.006220	0.339893	0.006969	0.222754	0.061873	0.368638	0.003872
0.427212	0.021576
0.231207	0.055010
0.371031	0.005168	0.435745	0.005222	0.422518	0.007158	0.426215	0.062463	0.331298	0.003147
0.389876	0.018421
0.231207	0.041029
0.366417	0.004715	0.442143	0.004065	0.426215	0.009144	0.432080	0.063910	0.312873	0.003349
0.434363	0.018174
0.231207	0.042738
0.408966	0.005597	0.442831	0.004156	0.312873	0.006818	0.285513	0.068285	0.314742	0.003599
0.398422	0.022181
0.231207	0.035739
0.314158	0.006850	0.375559	0.006955	0.426215	0.006980	0.183785	0.066649	0.292543	0.005035
0.421472	0.014152
0.231207	0.041611
0.268328	0.005598	0.398165	0.004476	0.312873	0.006932	0.368784	0.069812	0.313133	0.003429
0.408999	0.018908
0.231207	0.054922
0.432080	0.004770	0.415384	0.004495	0.338441	0.007989	0.361169	0.065923	0.171922	0.004118
0.413810	0.020063
0.231207	0.040705
0.422802	0.006443	0.365154	0.005309	0.338441	0.006616	0.314163	0.061917	0.131404	0.003309
0.389942	0.021736
0.231207	0.041472
0.444900	0.007414	0.355889	0.006062	0.294783	0.006908	0.436256	0.062779	0.341416	0.003553
0.220766	0.013245
0.435474	0.055375
0.445331	0.005994	0.391083	0.005569	0.464878	0.006628	0.334613	0.063039	0.321773	0.003382
0.467103	0.014818
0.231207	0.033548
0.422440	0.005199	0.380237	0.005025	0.470175	0.006798	0.303444	0.067544	0.297524	0.003317
0.423989	0.013369
0.435474	0.050995
0.422802	0.005654	0.375559	0.005352	0.470175	0.006674	0.400874	0.065693	0.144465	0.003954
0.409457	0.017164
0.231207	0.034153
0.432080	0.005173	0.435745	0.005162	0.426215	0.009022	0.224311	0.062730	0.177953	0.003159
0.393867	0.017359
0.435474	0.036817
0.408966	0.008148	0.460437	0.005681	0.338441	0.007100	0.406015	0.068509	0.328673	0.003792
0.391277	0.014392
0.435474	0.041800
0.370877	0.008477	0.398165	0.006752	0.336764	0.007189	0.376007	0.064397	0.166573	0.003810
0.412314	0.013896
0.435474	0.037088
0.361179	0.004820	0.463241	0.004271	0.312873	0.013166	0.224311	0.062872	0.329032	0.003499
0.431574	0.015322
0.231207	0.052214
0.433163	0.004825	0.416477	0.004705	0.312873	0.006257	0.183211	0.066140	0.164416	0.003709
0.428757	0.021783
0.231207	0.040058
0.370370	0.005142	0.421167	0.004449	0.312873	0.006682	0.331588	0.065363	0.411146	0.004179
0.386224	0.016355
0.231207	0.040641
0.406302	0.004849	0.432080	0.004739	0.406302	0.007657	0.371807	0.064003	0.323602	0.003370
0.419302	0.016115
0.231207	0.049204
0.430317	0.004880	0.442831	0.004341	0.328204	0.007235	0.204436	0.066465	0.352093	0.003001
0.394837	0.018375
0.231207	0.048216
0.402364	0.006510	0.361179	0.004844	0.339893	0.006736	0.342853	0.066943	0.282730	0.004174
0.421321	0.016380
0.231207	0.050115
0.432372	0.006096	0.340989	0.004710	0.414200	0.006908	0.231207	0.069647	0.328111	0.003715
0.422447	0.016740
0.435474	0.043394
0.429058	0.004735	0.452293	0.005808	0.458003	0.010308	0.384798	0.072475	0.206372	0.003368
0.419521	0.015963
0.231207	0.046539
0.423668	0.005069	0.390658	0.004963	0.322354	0.006684	0.312873	0.066439	0.348042	0.003962
0.412314	0.015485
0.231207	0.041588
0.428962	0.004839	0.255897	0.004520	0.470175	0.007629	0.339010	0.065418	0.293113	0.003377
0.157433	0.015652
0.231207	0.048666
0.445331	0.005721	0.442143	0.004367	0.462302	0.007237	0.426215	0.067257	0.424492	0.003104
0.411704	0.017275
0.231207	0.040595
0.447255	0.006722	0.385447	0.004866	0.338441	0.006959	0.277924	0.060682	0.274529	0.005968
0.332160	0.017332
0.435474	0.041027
0.428757	0.005605	0.415769	0.004551	0.382668	0.007243	0.288122	0.065735	0.311447	0.003925
0.421548	0.015225
0.435474	0.042995
0.390658	0.004827	0.442831	0.004364	0.312873	0.006721	0.338441	0.064839	0.392774	0.003074
0.394837	0.018522
0.231207	0.041133
0.361150	0.005150	0.418135	0.004274	0.313509	0.007346	0.347506	0.077816	0.316758	0.003936
0.408424	0.020109
0.435474	0.042884
0.398321	0.005675	0.442831	0.004199	0.403211	0.005923	0.174764	0.065644	0.296725	0.003946
0.423216	0.014190
0.435474	0.044967
0.342075	0.004846	0.381347	0.006115	0.312873	0.008712	0.386230	0.063465	0.291520	0.004017
0.392898	0.019154
0.231207	0.052723
0.390658	0.004349	0.362142	0.003907	0.426215	0.006876	0.384969	0.064526	0.198327	0.003796
0.442892	0.020430
0.231207	0.040646
0.462670	0.005755	0.423881	0.004168	0.336764	0.006937	0.179540	0.069234	0.173527	0.003456
0.405786	0.015828
0.435474	0.046121
0.371603	0.005005	0.492716	0.004296	0.294783	0.007809	0.375590	0.062450	0.273265	0.003213
0.432216	0.017029
0.435474	0.039054
0.423220	0.005152	0.447768	0.005308	0.338441	0.010656	0.314742	0.066203	0.218614	0.003402
0.438981	0.013236
0.435474	0.052720
0.397273	0.007311	0.445443	0.004235	0.348042	0.007055	0.180244	0.079781	0.267876	0.006686
0.386224	0.017159
0.231207	0.041359
0.390832	0.005672	0.377016	0.008195	0.323330	0.008759	0.385172	0.064379	0.123380	0.004801
0.412336	0.015490
0.231207	0.042975
0.404178	0.005036	0.361179	0.004376	0.426215	0.006543	0.280393	0.068412	0.184266	0.003843
0.357392	0.021227
0.231207	0.047247
0.308376	0.005185	0.442143	0.004462	0.312873	0.006809	0.331169	0.065888	0.214683	0.003484
0.402242	0.013275
0.231207	0.043493
0.442143	0.007587	0.422440	0.006629	0.338441	0.007233	0.382153	0.065891	0.204357	0.003681
0.436373	0.011921
0.231207	0.038782
0.453967	0.004559	0.428917	0.004317	0.338441	0.007340	0.184452	0.066972	0.413150	0.003898
0.392421	0.017417
0.435474	0.040794
0.451708	0.007713	0.439140	0.004135	0.323330	0.007590	0.316399	0.063800	0.213048	0.005565
0.427416	0.015203
0.231207	0.047132
0.344430	0.007550	0.373467	0.005433	0.426215	0.006784	0.317743	0.066675	0.373133	0.005516
0.411897	0.016915
0.435474	0.047810
0.214368	0.004668	0.306101	0.005025	0.323330	0.008970	0.236753	0.061651	0.368320	0.003246
0.394837	0.020178
0.231207	0.042488
0.434385	0.004449	0.375733	0.004153	0.339893	0.006546	0.388055	0.065573	0.345414	0.004353
0.389942	0.017441
0.231207	0.047898
0.415769	0.005056	0.333944	0.004494	0.340073	0.006763	0.318709	0.070183	0.237203	0.003998
0.394837	0.019816
0.231207	0.042590
0.451708	0.005783	0.392544	0.004415	0.312873	0.006712	0.250999	0.062808	0.167377	0.004286
0.423572	0.014065
0.435474	0.037849
0.468974	0.005636	0.402178	0.003868	0.312873	0.005916	0.312256	0.065086	0.299176	0.003819
0.394837	0.014453
0.231207	0.042365
delta = 0.055000, m = 11
0.435474	0.005962	0.446486	0.004614	0.316399	0.007115	0.189906	0.097392	0.240687	0.003991
0.414366	0.014518
0.435474	0.039534
0.429174	0.005664	0.432372	0.005127	0.338441	0.008694	0.322904	0.097078	0.293113	0.003749
0.394837	0.013973
0.231207	0.043561
0.470183	0.007523	0.435474	0.006776	0.468061	0.007663	0.413793	0.092412	0.347268	0.003441
0.395399	0.017625
0.435474	0.038757
0.272901	0.009237	0.384645	0.004777	0.206772	0.007764	0.162395	0.095020	0.328172	0.004504
0.420680	0.014385
0.435474	0.040985
0.462769	0.006152	0.442143	0.006674	0.426215	0.010742	0.328448	0.091676	0.322354	0.004063
0.398660	0.015936
0.231207	0.043543
0.418988	0.009320	0.426215	0.004791	0.426215	0.007132	0.221667	0.094151	0.297683	0.004302
0.390323	0.014439
0.231207	0.047938
0.435474	0.005758	0.416868	0.007093	0.312873	0.009592	0.191997	0.096490	0.352093	0.003553
0.409983	0.016664
0.231207	0.045123
0.462769	0.005271	0.435474	0.004966	0.313509	0.007602	0.355438	0.098421	0.248845	0.003379
0.402242	0.014965
0.231207	0.041940
0.452518	0.005692	0.447768	0.005899	0.426215	0.007874	0.247471	0.090306	0.414520	0.004248
0.412737	0.014111
0.231207	0.040538
0.429174	0.005356	0.428734	0.006668	0.432080	0.007832	0.090004	0.090999	0.266406	0.003800
0.402661	0.017575
0.435474	0.035181
0.467598	0.005508	0.448549	0.005135	0.338441	0.007708	0.396294	0.089999	0.241488	0.003917
0.394837	0.019703
0.435474	0.035635
0.408271	0.005227	0.455554	0.004924	0.338441	0.007767	0.320920	0.098258	0.344727	0.003941
0.429008	0.016601
0.231207	0.047384
0.368095	0.006428	0.458638	0.005661	0.432080	0.007687	0.325285	0.091816	0.079249	0.003321
0.424285	0.014888
0.231207	0.045994
0.439093	0.005201	0.435474	0.004839	0.323330	0.010251	0.413793	0.097875	0.249268	0.003279
0.409457	0.019934
0.435474	0.043901
0.465850	0.006705	0.350887	0.004749	0.313509	0.007805	0.426215	0.089615	0.416477	0.006201
0.399202	0.019676
0.435474	0.039466
0.350877	0.008178	0.413411	0.005145	0.426215	0.007821	0.452206	0.095628	0.147573	0.004395
0.394837	0.014399
0.435474	0.040897
0.368483	0.005651	0.441095	0.006446	0.426215	0.007817	0.361776	0.093644	0.341045	0.003371
0.400680	0.017302
0.231207	0.040195
0.362017	0.005247	0.354397	0.004688	0.338441	0.007679	0.376754	0.098948	0.297101	0.003684
0.390368	0.019806
0.231207	0.041685
0.461266	0.007642	0.447768	0.004928	0.426215	0.007912	0.426215	0.093565	0.245246	0.006619
0.398422	0.022935
0.231207	0.037052
0.401781	0.006216	0.347150	0.005033	0.348042	0.009689	0.428275	0.105383	0.331169	0.003395
0.394457	0.014435
0.231207	0.045478
0.426215	0.007468	0.385922	0.005073	0.418988	0.008198	0.413793	0.093351	0.149169	0.005022
0.419675	0.014758
0.231207	0.045153
0.435474	0.004718	0.450705	0.004642	0.328204	0.007829	0.354829	0.095739	0.174764	0.003520
0.381710	0.015748
0.231207	0.049322
0.432080	0.006437	0.427337	0.004668	0.338441	0.011445	0.252465	0.090379	0.380055	0.004925
0.406276	0.019177
0.435474	0.037720
0.410988	0.007257	0.445620	0.006478	0.312873	0.007643	0.413793	0.094152	0.248612	0.003480
0.369186	0.019440
0.404092	0.041981
0.393324	0.006238	0.435474	0.005088	0.338441	0.008160	0.460437	0.096169	0.348042	0.003957
0.414157	0.014073
0.231207	0.041363
0.430642	0.005861	0.438208	0.005016	0.312873	0.009189	0.423082	0.099171	0.317154	0.003271
0.416652	0.013829
0.435474	0.039930
0.415769	0.007415	0.380505	0.006366	0.426215	0.007621	0.260871	0.092976	0.236059	0.003617
0.394837	0.017754
0.435474	0.037131
0.462588	0.005355	0.435474	0.004735	0.339893	0.007869	0.303321	0.093009	0.391364	0.004511
0.389472	0.014480
0.231207	0.040211
0.446486	0.005957	0.435474	0.005101	0.339893	0.007871	0.334613	0.098415	0.419083	0.004051
0.438216	0.019731
0.231207	0.045915
0.450849	0.005697	0.427645	0.004960	0.426215	0.008913	0.398521	0.094790	0.200011	0.004022
0.412314	0.012044
0.231207	0.037791
0.435745	0.006465	0.435474	0.004458	0.338441	0.007509	0.404092	0.095899	0.344727	0.003688
0.301478	0.014119
0.231207	0.045068
0.429360	0.006998	0.380096	0.007617	0.312873	0.007900	0.248612	0.094653	0.215291	0.004251
0.427745	0.014704
0.231207	0.044523
0.452129	0.005104	0.447216	0.004520	0.435474	0.006953	0.212262	0.093181	0.324869	0.005724
0.414373	0.017543
0.435474	0.036164
0.458638	0.005802	0.435474	0.004653	0.381766	0.010492	0.403455	0.093254	0.361795	0.003452
0.402242	0.014723
0.231207	0.043464
0.453971	0.007527	0.392976	0.004896	0.457929	0.007886	0.316705	0.095416	0.375842	0.004023
0.400481	0.019175
0.231207	0.044312
0.435474	0.007415	0.445620	0.004917	0.426215	0.007635	0.321462	0.097102	0.386781	0.003390
0.431340	0.018265
0.435474	0.038286
0.303705	0.006794	0.435474	0.004583	0.224311	0.007399	0.426215	0.091870	0.186859	0.003375
0.411320	0.016997
0.435474	0.039147
0.429174	0.005502	0.351540	0.004566	0.413793	0.007533	0.300485	0.099698	0.165663	0.003524
0.399809	0.012245
0.231207	0.050078
0.417780	0.005455	0.417920	0.004854	0.426215	0.007401	0.303824	0.093097	0.206613	0.003540
0.431707	0.016338
0.435474	0.041261
0.460010	0.005176	0.455554	0.006599	0.339893	0.009224	0.355982	0.089481	0.303144	0.003528
0.409457	0.012962
0.448234	0.043073
0.440335	0.006575	0.435745	0.006672	0.426215	0.007498	0.426215	0.093527	0.097897	0.003660
0.424285	0.016737
0.231207	0.046037
0.339974	0.005172	0.472425	0.005199	0.426215	0.007144	0.452206	0.092030	0.371031	0.003927
0.412066	0.014134
0.435474	0.035617
0.448384	0.005643	0.435474	0.005612	0.462588	0.007422	0.396294	0.099354	0.393989	0.004032
0.414225	0.014801
0.231207	0.040940
0.358636	0.005475	0.466741	0.006856	0.328204	0.011672	0.422802	0.099434	0.387781	0.003404
0.399809	0.021174
0.231207	0.043679
0.482949	0.006214	0.458638	0.004885	0.426215	0.009236	0.426215	0.093168	0.349289	0.003968
0.413972	0.016964
0.435474	0.038977
0.460010	0.008190	0.443225	0.005215	0.339893	0.007390	0.386881	0.095920	0.264980	0.004015
0.394837	0.017271
0.231207	0.044115
0.462769	0.005726	0.320328	0.004480	0.426215	0.012252	0.445971	0.094328	0.233307	0.003980
0.359275	0.013825
0.231207	0.044208
0.352497	0.008417	0.458638	0.006842	0.426215	0.007797	0.265839	0.092621	0.113705	0.005766
0.424366	0.016511
0.231207	0.040876
0.426215	0.005668	0.445331	0.005162	0.316399	0.007156	0.355438	0.097839	0.317146	0.004197
0.411320	0.013588
0.435474	0.041785
0.432565	0.006733	0.465850	0.008332	0.418988	0.008411	0.378475	0.104793	0.265329	0.004220
0.394837	0.015393
0.435474	0.037990
delta = 0.055000, m = 13
0.435474	0.006839	0.435474	0.007242	0.426215	0.009632	0.358720	0.118137	0.361651	0.003988
0.433909	0.015511
0.432372	0.043295
0.458638	0.012568	0.458638	0.006194	0.368281	0.008041	0.360021	0.128970	0.352093	0.003833
0.437190	0.014417
0.404092	0.052706
0.450754	0.006636	0.446486	0.006006	0.426215	0.008056	0.317743	0.115114	0.366635	0.003850
0.411320	0.019713
0.435474	0.044499
0.435474	0.005834	0.442143	0.005299	0.426215	0.008253	0.403211	0.126014	0.173527	0.006996
0.394243	0.016790
0.435474	0.040366
0.438763	0.006482	0.435474	0.006961	0.429999	0.009250	0.334669	0.117182	0.314015	0.004893
0.424366	0.014791
0.231207	0.040842
0.442143	0.005980	0.461266	0.006366	0.339893	0.011413	0.314015	0.115658	0.236463	0.005462
0.399809	0.020895
0.435474	0.043220
0.447768	0.008353	0.435474	0.005117	0.338441	0.008966	0.347445	0.111831	0.212136	0.004125
0.427774	0.017236
0.404092	0.039835
0.458638	0.010561	0.435474	0.005183	0.426215	0.008446	0.388055	0.115813	0.189911	0.005032
0.400680	0.013117
0.404092	0.045820
0.435474	0.009544	0.445620	0.005415	0.312873	0.008874	0.417621	0.114136	0.177953	0.004115
0.409457	0.014702
0.404092	0.040818
0.435474	0.006696	0.447768	0.006712	0.426215	0.008428	0.314016	0.116822	0.396927	0.003912
0.394837	0.024574
0.231207	0.039993
0.432906	0.009013	0.435474	0.005801	0.316399	0.007948	0.347392	0.117359	0.191384	0.005738
0.437539	0.015785
0.435474	0.040899
0.381992	0.006362	0.435474	0.005774	0.360407	0.008614	0.435474	0.119034	0.350736	0.004809
0.385575	0.017871
0.404092	0.042484
0.415769	0.006776	0.446486	0.005148	0.339893	0.011033	0.426215	0.118428	0.168559	0.005379
0.427332	0.013937
0.435474	0.037801
0.389163	0.008311	0.458638	0.005542	0.368460	0.008023	0.379706	0.112494	0.394192	0.003882
0.394837	0.017063
0.404092	0.036969
0.435474	0.009852	0.461266	0.006583	0.435474	0.010787	0.366639	0.116628	0.439140	0.004924
0.401362	0.015327
0.422802	0.041728
0.450206	0.007079	0.435474	0.005005	0.338441	0.010281	0.323764	0.114597	0.223142	0.005216
0.429647	0.012969
0.404092	0.041577
0.435474	0.006274	0.435474	0.005800	0.328204	0.008326	0.426215	0.111844	0.305986	0.004956
0.399809	0.015607
0.231207	0.053170
0.415769	0.006353	0.446486	0.005524	0.426215	0.010119	0.370325	0.113454	0.401573	0.004170
0.401186	0.015078
0.435474	0.043094
0.441095	0.006362	0.446486	0.005227	0.426215	0.008115	0.333222	0.120081	0.248612	0.004066
0.428106	0.016449
0.435474	0.050224
0.458256	0.007046	0.435474	0.006508	0.432080	0.010419	0.453971	0.115463	0.191997	0.004034
0.394457	0.017088
0.231207	0.033737
0.441887	0.006625	0.435474	0.009259	0.435474	0.010196	0.390658	0.115605	0.341045	0.007183
0.409698	0.014715
0.435474	0.041824
0.429360	0.009949	0.460010	0.005851	0.426215	0.008160	0.256906	0.112609	0.197771	0.003969
0.422890	0.012445
0.404092	0.038071
0.435474	0.005783	0.442143	0.005523	0.413793	0.010571	0.356030	0.113036	0.226666	0.004614
0.409172	0.015248
0.435474	0.037157
0.366666	0.006698	0.352497	0.005464	0.426215	0.008516	0.345823	0.118166	0.387147	0.003721
0.340029	0.013956
0.404092	0.037735
0.442143	0.006753	0.435474	0.005593	0.339893	0.007772	0.372813	0.113905	0.168559	0.003863
0.406276	0.017129
0.435474	0.042649
0.351540	0.005787	0.457446	0.006088	0.413793	0.007589	0.218442	0.115820	0.179576	0.005026
0.411689	0.016825
0.435474	0.044731
0.448549	0.005908	0.435474	0.005291	0.339893	0.008259	0.354007	0.116037	0.221361	0.004662
0.214168	0.018876
0.435474	0.039059
0.368281	0.005731	0.391192	0.005077	0.339893	0.008061	0.410034	0.112258	0.341045	0.003819
0.405588	0.014322
0.435474	0.040003
0.435474	0.008507	0.435474	0.005512	0.426215	0.008614	0.426215	0.120004	0.428786	0.003582
0.412361	0.016002
0.432372	0.040807
0.417124	0.006041	0.423668	0.005492	0.426215	0.008644	0.448234	0.117568	0.320461	0.004162
0.351469	0.016095
0.435474	0.034776
0.453641	0.007517	0.435474	0.007562	0.426215	0.010656	0.426128	0.112745	0.332043	0.003588
0.417106	0.018551
0.429050	0.053367
0.435474	0.007318	0.435474	0.005664	0.426215	0.008635	0.392569	0.123863	0.335148	0.004016
0.412066	0.016131
0.435474	0.041666
0.435474	0.006521	0.428734	0.005265	0.426215	0.011024	0.403455	0.116928	0.069910	0.003971
0.415725	0.015305
0.404092	0.043407
0.452129	0.005719	0.435474	0.005154	0.339213	0.008391	0.413793	0.118222	0.368377	0.005242
0.379221	0.014769
0.435474	0.037359
0.458638	0.006109	0.435474	0.005458	0.426215	0.008254	0.345823	0.111852	0.157880	0.006263
0.418220	0.012797
0.404092	0.038767
0.375733	0.006554	0.435474	0.005847	0.403455	0.008423	0.311671	0.116021	0.067875	0.005690
0.399202	0.019157
0.435474	0.047013
0.445620	0.006404	0.457446	0.005518	0.426215	0.011499	0.146054	0.116056	0.271518	0.005063
0.394837	0.012309
0.435474	0.044035
0.433918	0.005940	0.445443	0.005100	0.426215	0.010956	0.288938	0.110774	0.312583	0.004318
0.399809	0.017118
0.404092	0.038496
0.447768	0.006312	0.461266	0.005479	0.338441	0.008012	0.426215	0.112148	0.387714	0.003927
0.391273	0.016758
0.435474	0.036041
0.351023	0.007424	0.366639	0.004968	0.426215	0.008902	0.427316	0.113950	0.322354	0.004043
0.426169	0.015169
0.435474	0.037613
0.455497	0.005697	0.441278	0.005966	0.426215	0.009813	0.426215	0.109439	0.341045	0.003746
0.412165	0.015343
0.435474	0.043422
0.435474	0.006636	0.435474	0.009018	0.312873	0.009421	0.348042	0.120225	0.179540	0.004400
0.427896	0.016826
0.422802	0.051046
0.458638	0.007224	0.435474	0.006252	0.313509	0.008516	0.436927	0.114045	0.176544	0.004179
0.412407	0.012252
0.435474	0.038939
0.450206	0.009819	0.442143	0.005370	0.426215	0.008794	0.417593	0.118430	0.203399	0.004021
0.361713	0.013180
0.435474	0.038865
0.376365	0.005749	0.435474	0.006831	0.351023	0.009015	0.406302	0.117149	0.305001	0.003732
0.458041	0.014959
0.404092	0.037336
0.387271	0.006683	0.435474	0.006751	0.435474	0.010348	0.292543	0.114596	0.314742	0.004665
0.386224	0.017639
0.432372	0.045231
0.445939	0.006237	0.445996	0.005221	0.312873	0.008472	0.433918	0.112168	0.306045	0.004142
0.394837	0.012821
0.404092	0.040669
0.446486	0.005509	0.435474	0.008365	0.338441	0.010424	0.329001	0.115691	0.194402	0.004739
0.393976	0.013779
0.404092	0.039215
0.435474	0.006151	0.446486	0.005871	0.413793	0.010270	0.435474	0.110564	0.287336	0.004020
0.399809	0.015140
0.404092	0.043076
0.418988	0.006323	0.442143	0.005019	0.339893	0.009159	0.426215	0.113893	0.350736	0.004896
0.431574	0.017422
0.435474	0.043817
delta = 0.055000, m = 15
0.435474	0.008880	0.435474	0.006294	0.426215	0.009332	0.329001	0.144936	0.439581	0.004336
0.396812	0.015514
0.404092	0.036420
0.368281	0.006781	0.435474	0.006240	0.426215	0.011257	0.398617	0.137726	0.315433	0.004051
0.429281	0.013082
0.442143	0.049350
0.458003	0.007387	0.435474	0.006160	0.338441	0.008911	0.315827	0.140433	0.306240	0.004471
0.397527	0.011866
0.404092	0.039824
0.435474	0.007261	0.352497	0.005604	0.323330	0.011944	0.410365	0.142586	0.383929	0.004325
0.399239	0.015585
0.404092	0.040173
0.415769	0.006939	0.458638	0.006524	0.339893	0.008687	0.385172	0.142886	0.341045	0.004134
0.431543	0.016411
0.404092	0.042995
0.432080	0.006483	0.462769	0.006080	0.339893	0.011271	0.432080	0.147079	0.381766	0.003754
0.399809	0.015583
0.435474	0.049042
0.415769	0.007486	0.460010	0.006002	0.426215	0.008973	0.306045	0.136610	0.303156	0.006692
0.221982	0.015791
0.404092	0.036362
0.445620	0.007506	0.435474	0.005938	0.316399	0.010485	0.401713	0.139412	0.426215	0.004305
0.409457	0.014250
0.415769	0.040024
0.435474	0.008479	0.446486	0.008208	0.381992	0.008846	0.426215	0.140335	0.455497	0.004107
0.386224	0.017969
0.435474	0.034949
0.435474	0.006474	0.352497	0.008632	0.426215	0.009607	0.380537	0.140027	0.426215	0.004762
0.404343	0.018030
0.404092	0.040688
0.458638	0.007294	0.435474	0.008056	0.339893	0.010453	0.432080	0.141423	0.343884	0.005189
0.394837	0.019660
0.404092	0.042036
0.435474	0.007204	0.435474	0.006309	0.426215	0.008743	0.339893	0.150854	0.413793	0.004190
0.434013	0.014490
0.404092	0.044958
0.435474	0.007501	0.462769	0.006262	0.413793	0.009133	0.376517	0.140020	0.348880	0.004328
0.431543	0.014089
0.404092	0.036421
0.446486	0.008360	0.445996	0.007501	0.339893	0.009250	0.352497	0.137609	0.426215	0.003642
0.392248	0.012578
0.435474	0.045673
0.435474	0.007434	0.463723	0.006003	0.368460	0.008806	0.325374	0.145760	0.157878	0.004505
0.396186	0.019287
0.420773	0.032450
0.435474	0.008657	0.435474	0.007697	0.422802	0.010103	0.413793	0.136351	0.391357	0.003814
0.428471	0.015628
0.435474	0.041611
0.381992	0.006289	0.435474	0.006503	0.426215	0.009114	0.447016	0.143504	0.390446	0.003651
0.370688	0.013217
0.402001	0.037615
0.435474	0.006463	0.450206	0.007898	0.426215	0.009065	0.276084	0.143333	0.322354	0.004434
0.404018	0.011693
0.435474	0.039647
0.447768	0.009879	0.435474	0.006530	0.426215	0.009524	0.380055	0.139475	0.315961	0.004213
0.425173	0.016522
0.435474	0.036815
0.435474	0.006917	0.445996	0.006115	0.311671	0.008563	0.368460	0.142180	0.292716	0.004938
0.408038	0.012879
0.435474	0.038652
0.462769	0.010208	0.460010	0.008334	0.413793	0.009367	0.426215	0.138516	0.433918	0.004479
0.454335	0.016368
0.435474	0.043778
0.457446	0.007314	0.458638	0.006400	0.426215	0.010971	0.427316	0.136733	0.294640	0.003997
0.424238	0.015177
0.442143	0.046480
0.442143	0.007154	0.435474	0.005557	0.426215	0.009003	0.398866	0.133845	0.316705	0.004176
0.389876	0.015067
0.404092	0.044236
0.435474	0.006843	0.435474	0.007110	0.426215	0.010326	0.323818	0.134540	0.315296	0.005223
0.425173	0.017796
0.091435	0.040032
0.435474	0.006724	0.427337	0.006555	0.426215	0.009592	0.426215	0.135293	0.435474	0.003965
0.429008	0.011530
0.404092	0.039346
0.435474	0.006399	0.442143	0.006049	0.426215	0.009475	0.361946	0.139018	0.329001	0.003918
0.420406	0.016254
0.435474	0.041682
0.405553	0.008911	0.435474	0.006052	0.316399	0.011759	0.302735	0.137922	0.424803	0.004675
0.349114	0.011106
0.404092	0.039626
0.419749	0.006696	0.435474	0.005924	0.368483	0.011702	0.385102	0.143157	0.331588	0.006054
0.398966	0.015585
0.435474	0.040650
0.375733	0.006624	0.428734	0.005743	0.356534	0.012986	0.427316	0.135302	0.308697	0.003808
0.421321	0.011520
0.435474	0.041034
0.439008	0.009573	0.435474	0.006350	0.413793	0.008577	0.417593	0.134519	0.344727	0.003723
0.409350	0.016767
0.404092	0.043719
0.381992	0.007090	0.446486	0.005768	0.426215	0.010082	0.381992	0.143626	0.443230	0.004307
0.236720	0.014236
0.435474	0.039012
0.447768	0.007246	0.435474	0.005466	0.432080	0.008720	0.283753	0.135739	0.204700	0.005133
0.403710	0.015322
0.435474	0.044109
0.435474	0.007334	0.432080	0.008039	0.426215	0.010238	0.334480	0.144070	0.404259	0.005016
0.404018	0.016605
0.404092	0.035672
0.452129	0.007877	0.445620	0.005700	0.426215	0.011206	0.426215	0.144301	0.191449	0.003844
0.394837	0.014435
0.404092	0.042074
0.435474	0.008401	0.442143	0.006181	0.426215	0.009429	0.372495	0.137895	0.341952	0.005797
0.409457	0.015922
0.415769	0.045177
0.415769	0.006571	0.435474	0.006760	0.428734	0.010114	0.413793	0.136196	0.329125	0.005774
0.394837	0.019067
0.435474	0.045487
0.328653	0.006489	0.445443	0.005741	0.426215	0.009064	0.306490	0.148107	0.321981	0.004480
0.420406	0.014021
0.404092	0.040276
0.442143	0.006370	0.435474	0.005554	0.338441	0.013183	0.435474	0.142157	0.291858	0.004233
0.386224	0.015450
0.404092	0.038110
0.415769	0.009517	0.447768	0.005969	0.432080	0.009336	0.317743	0.141882	0.345408	0.005026
0.424285	0.012870
0.404092	0.038323
0.463723	0.008148	0.462769	0.006063	0.314937	0.008890	0.317466	0.137875	0.248956	0.005593
0.405588	0.016446
0.435474	0.051357
0.435474	0.007377	0.444900	0.005836	0.381766	0.010876	0.381641	0.146402	0.250999	0.004442
0.414373	0.019087
0.420773	0.047188
0.435474	0.008109	0.445620	0.007143	0.432080	0.009421	0.426215	0.138129	0.216079	0.003961
0.394837	0.018713
0.412943	0.042696
0.368281	0.007092	0.435474	0.006516	0.426215	0.008938	0.435474	0.138255	0.327971	0.004135
0.395399	0.014286
0.404092	0.037518
0.435474	0.006414	0.435474	0.009121	0.337535	0.009600	0.283492	0.138421	0.333499	0.003977
0.424415	0.014654
0.418517	0.033791
0.460010	0.008687	0.435474	0.006184	0.338441	0.009918	0.422802	0.141420	0.361480	0.004089
0.401476	0.013247
0.420773	0.037425
0.435474	0.009703	0.413411	0.006892	0.344169	0.010020	0.452206	0.134641	0.331233	0.004199
0.435388	0.015010
0.442143	0.046323
0.366639	0.006562	0.446486	0.006029	0.377379	0.009046	0.339893	0.136557	0.346893	0.004354
0.406826	0.016188
0.415769	0.039835
0.445620	0.006902	0.446486	0.010020	0.447768	0.008953	0.398162	0.136923	0.380152	0.004767
0.412361	0.015185
0.435474	0.041149
0.435474	0.006699	0.446486	0.005957	0.426215	0.008801	0.432080	0.138698	0.361787	0.004336
0.411320	0.015103
0.435474	0.039234
0.435474	0.009081	0.458638	0.005612	0.426215	0.009836	0.379706	0.145652	0.413793	0.004498
0.396186	0.013250
0.404092	0.041923
delta = 0.055000, m = 17
0.435474	0.010085	0.435474	0.007038	0.426215	0.009550	0.412943	0.164570	0.336764	0.004802
0.399878	0.012183
0.412943	0.040157
0.439140	0.009536	0.391192	0.006891	0.340958	0.010325	0.435474	0.167163	0.285513	0.005897
0.434955	0.015038
0.427337	0.036695
0.462769	0.008505	0.435474	0.011055	0.426215	0.010281	0.389948	0.165395	0.215684	0.004907
0.399809	0.012252
0.404092	0.043335
0.368483	0.009141	0.442143	0.008851	0.368460	0.009768	0.426215	0.174383	0.442831	0.006744
0.389942	0.016636
0.442143	0.046190
0.435474	0.007896	0.446486	0.006423	0.413793	0.013139	0.413793	0.172122	0.256443	0.004484
0.394837	0.015247
0.420773	0.043096
0.435474	0.010761	0.366639	0.007133	0.377379	0.009973	0.396927	0.174397	0.169758	0.005769
0.450943	0.012903
0.404092	0.046323
0.435474	0.009677	0.435474	0.009313	0.426215	0.010020	0.413793	0.170490	0.288636	0.007789
0.393976	0.014489
0.091435	0.035411
0.415769	0.007996	0.435474	0.007470	0.435474	0.009664	0.406302	0.182842	0.350736	0.004555
0.359255	0.011239
0.424150	0.044002
0.373202	0.008225	0.435474	0.007017	0.426215	0.009495	0.441278	0.168003	0.186040	0.006050
0.435195	0.016420
0.404092	0.041573
0.442143	0.008453	0.435474	0.006536	0.316399	0.012025	0.442143	0.174038	0.409902	0.006020
0.430929	0.013722
0.091435	0.040149
0.435474	0.007881	0.435474	0.007384	0.377379	0.010607	0.367991	0.175115	0.305396	0.004777
0.433572	0.015441
0.404092	0.038769
0.435474	0.011164	0.352497	0.011204	0.426215	0.012133	0.426215	0.171081	0.350272	0.027525
0.399809	0.015022
0.404092	0.040201
0.435474	0.008447	0.446486	0.009900	0.426215	0.009880	0.426215	0.170860	0.316399	0.004700
0.428664	0.013438
0.435474	0.039623
0.368281	0.008874	0.435474	0.007002	0.462769	0.009719	0.452335	0.169712	0.426215	0.005347
0.394837	0.014648
0.404092	0.038203
0.435474	0.008371	0.435474	0.008499	0.426215	0.012407	0.359348	0.168084	0.191997	0.004591
0.391277	0.018771
0.404092	0.043955
0.435474	0.008055	0.467415	0.006984	0.335291	0.011084	0.413411	0.180109	0.442143	0.005007
0.279846	0.012338
0.465579	0.035524
0.358636	0.008280	0.451130	0.006295	0.413793	0.014401	0.426215	0.171797	0.261318	0.005277
0.394837	0.014791
0.404092	0.040470
0.435474	0.008097	0.435474	0.006919	0.442814	0.009493	0.435474	0.171401	0.285975	0.006514
0.385449	0.014799
0.430732	0.044240
0.375733	0.009192	0.352497	0.006727	0.426215	0.009972	0.317743	0.174954	0.413793	0.006869
0.417106	0.018057
0.420773	0.041081
0.415769	0.007869	0.435474	0.008921	0.426215	0.011973	0.318916	0.175279	0.224736	0.004462
0.423078	0.015797
0.460437	0.035607
0.366639	0.008817	0.458638	0.007787	0.413793	0.009935	0.415769	0.168827	0.352093	0.004984
0.427058	0.018154
0.404092	0.039042
0.435474	0.008470	0.435474	0.007260	0.426215	0.010080	0.396927	0.169320	0.354829	0.004868
0.394837	0.013528
0.404092	0.036291
0.435474	0.008466	0.435474	0.008643	0.426215	0.011261	0.426215	0.170686	0.205796	0.004736
0.425661	0.016012
0.091435	0.037966
0.435474	0.008073	0.415769	0.006946	0.373202	0.009663	0.396927	0.178775	0.347901	0.008294
0.416077	0.015672
0.402001	0.035858
0.435474	0.008061	0.435474	0.006206	0.426215	0.013182	0.426215	0.165416	0.418346	0.004916
0.429281	0.013655
0.420773	0.043829
0.435474	0.008160	0.435474	0.007272	0.426215	0.009670	0.297787	0.169582	0.355055	0.005224
0.423017	0.013895
0.420773	0.039444
0.435474	0.008391	0.442143	0.010097	0.426215	0.010416	0.426215	0.171231	0.354829	0.004479
0.389453	0.012151
0.427337	0.036745
0.435474	0.008538	0.435474	0.008643	0.426215	0.010083	0.410365	0.169745	0.435474	0.004252
0.424798	0.013183
0.429050	0.037646
0.425101	0.013006	0.441468	0.006989	0.428734	0.010301	0.452206	0.174518	0.325285	0.005875
0.422923	0.015127
0.404092	0.041382
0.358636	0.007795	0.435474	0.006621	0.426215	0.012520	0.396927	0.172538	0.283462	0.007042
0.438216	0.017200
0.412943	0.043666
0.435474	0.007778	0.435474	0.007021	0.432080	0.013379	0.426215	0.177548	0.354829	0.004770
0.386224	0.011982
0.404092	0.043992
0.435474	0.008682	0.435474	0.006639	0.426215	0.010100	0.410034	0.173186	0.378739	0.006758
0.394837	0.013380
0.442143	0.041432
0.435474	0.007698	0.435474	0.006817	0.426215	0.011489	0.248845	0.169448	0.412299	0.004737
0.389876	0.016905
0.404092	0.041772
0.435474	0.008662	0.435474	0.006913	0.426215	0.009535	0.285975	0.173758	0.276084	0.005237
0.395599	0.012859
0.404092	0.034989
0.415769	0.007420	0.415769	0.008566	0.413793	0.009791	0.435474	0.177068	0.177953	0.004535
0.419665	0.016485
0.091435	0.034552
0.373202	0.010673	0.381766	0.006539	0.339893	0.009893	0.415769	0.170788	0.365340	0.005236
0.395057	0.016405
0.404092	0.042931
0.467415	0.009079	0.435474	0.008105	0.323330	0.018002	0.426215	0.179306	0.413363	0.005546
0.406276	0.014199
0.404092	0.031806
0.448549	0.010578	0.368460	0.006610	0.426215	0.013396	0.413793	0.167673	0.389546	0.006014
0.454335	0.013611
0.404092	0.045455
0.435474	0.008015	0.462769	0.006971	0.426215	0.010329	0.342559	0.169137	0.295082	0.004733
0.414373	0.015980
0.415769	0.048952
0.435474	0.007985	0.429715	0.006944	0.426215	0.012768	0.445749	0.170504	0.305275	0.005163
0.421321	0.014837
0.404092	0.042427
0.435474	0.011879	0.488633	0.007996	0.323330	0.011395	0.426215	0.165645	0.391192	0.006141
0.389876	0.015264
0.091435	0.038035
0.435474	0.007673	0.445996	0.006379	0.458638	0.010243	0.445749	0.170936	0.375881	0.004315
0.404018	0.013696
0.404092	0.037282
0.366666	0.007908	0.435474	0.006351	0.435474	0.014890	0.414534	0.179740	0.313245	0.008006
0.438216	0.014198
0.404092	0.036904
0.435474	0.008406	0.368281	0.006388	0.426215	0.013481	0.381896	0.171283	0.397410	0.005191
0.400642	0.013836
0.429050	0.036293
0.415769	0.007828	0.435474	0.012468	0.418988	0.010803	0.370836	0.166791	0.400523	0.007728
0.426393	0.019450
0.310635	0.037558
0.435474	0.008541	0.435474	0.006754	0.339213	0.012588	0.426215	0.169583	0.215824	0.004822
0.264431	0.011616
0.091435	0.041562
0.435474	0.008125	0.435474	0.007881	0.435474	0.009733	0.462064	0.168609	0.414520	0.004798
0.397518	0.013692
0.404092	0.040702
0.442143	0.008015	0.358636	0.006870	0.391083	0.009383	0.428490	0.175926	0.185414	0.005178
0.432216	0.013062
0.404092	0.037473
0.435474	0.012944	0.435474	0.007327	0.373202	0.009700	0.435474	0.171792	0.222754	0.007327
0.399239	0.012527
0.404092	0.042626
0.442143	0.008114	0.446486	0.006462	0.323330	0.013542	0.400513	0.166475	0.322354	0.008016
0.394837	0.014928
0.420773	0.037875
delta = 0.055000, m = 19
0.428734	0.008511	0.351023	0.008582	0.426215	0.012949	0.435474	0.207075	0.315917	0.004945
0.423832	0.014918
0.466741	0.041609
0.442143	0.010457	0.447768	0.008090	0.381151	0.011430	0.401573	0.209557	0.423898	0.009670
0.416450	0.016523
0.404092	0.048093
0.330336	0.011914	0.453641	0.008805	0.426215	0.012719	0.317743	0.214680	0.188542	0.005041
0.385565	0.013058
0.091435	0.041560
0.445996	0.008916	0.445996	0.007196	0.426215	0.011067	0.426215	0.220151	0.350736	0.005028
0.424238	0.015239
0.435474	0.042186
0.415769	0.008567	0.435474	0.007953	0.339893	0.010745	0.435474	0.239463	0.426215	0.004928
0.386224	0.012960
0.415769	0.048391
0.448549	0.014416	0.435474	0.007391	0.432080	0.013700	0.426215	0.228630	0.314703	0.004803
0.409529	0.014200
0.091435	0.043783
0.435474	0.009466	0.435474	0.009000	0.435474	0.010280	0.403455	0.223132	0.394724	0.006042
0.432216	0.016317
0.091435	0.040702
0.435474	0.011575	0.332906	0.009636	0.368460	0.011381	0.426215	0.228037	0.426215	0.005428
0.428331	0.015780
0.404092	0.044627
0.435474	0.008562	0.435474	0.010618	0.426215	0.014213	0.317743	0.215556	0.177953	0.004675
0.390051	0.012380
0.420773	0.045654
0.435474	0.009907	0.435474	0.006897	0.350875	0.011268	0.426215	0.209704	0.303535	0.005867
0.412803	0.016145
0.091435	0.042671
0.442143	0.008357	0.435474	0.008323	0.413793	0.011292	0.439343	0.217544	0.350736	0.004355
0.409350	0.012023
0.091435	0.041755
0.449992	0.012139	0.435474	0.009775	0.426215	0.012248	0.435474	0.211871	0.241488	0.005167
0.418878	0.015907
0.420773	0.050576
0.381992	0.008943	0.391192	0.007309	0.457446	0.017182	0.396927	0.225265	0.328394	0.008687
0.394837	0.013974
0.404092	0.043286
0.435474	0.009099	0.435474	0.007233	0.458638	0.013908	0.432080	0.213672	0.283492	0.006661
0.414065	0.014959
0.420773	0.043201
0.377379	0.008246	0.415769	0.007205	0.426215	0.014750	0.435474	0.210955	0.311671	0.005377
0.417863	0.012639
0.412943	0.044472
0.435474	0.010264	0.470175	0.007432	0.311671	0.011055	0.426215	0.218966	0.331588	0.007441
0.421264	0.016436
0.404092	0.044755
0.366639	0.007758	0.435474	0.007799	0.453971	0.011385	0.368460	0.201207	0.341952	0.006639
0.428471	0.013176
0.420773	0.054417
0.435474	0.009490	0.435474	0.008520	0.365520	0.012158	0.375733	0.211103	0.331588	0.005650
0.390453	0.016031
0.091435	0.037102
0.435474	0.008536	0.435474	0.007923	0.339893	0.011041	0.377379	0.218244	0.339700	0.005320
0.386224	0.014061
0.420773	0.052222
0.435474	0.008719	0.458003	0.007956	0.381766	0.011719	0.426215	0.216510	0.432080	0.005093
0.409350	0.017611
0.435474	0.046651
0.435474	0.010020	0.435474	0.007838	0.426215	0.011972	0.432080	0.221464	0.133307	0.005513
0.419342	0.013894
0.404092	0.050313
0.435474	0.013910	0.435474	0.007182	0.338935	0.010778	0.435474	0.214383	0.276869	0.004828
0.400404	0.012664
0.402001	0.051594
0.373202	0.009307	0.368281	0.007043	0.426215	0.010837	0.425101	0.215414	0.162395	0.004544
0.412066	0.014794
0.404092	0.037352
0.435474	0.009092	0.435474	0.007653	0.426215	0.011247	0.442143	0.215319	0.282408	0.008368
0.412165	0.017078
0.404092	0.040886
0.351540	0.009423	0.435474	0.007871	0.368281	0.011049	0.428715	0.213702	0.406302	0.005536
0.404835	0.015946
0.396605	0.047038
0.457446	0.008426	0.435474	0.007652	0.426215	0.015032	0.426215	0.219273	0.341045	0.004950
0.429008	0.013238
0.422440	0.047091
0.458638	0.007644	0.435474	0.006908	0.426215	0.011441	0.452206	0.215976	0.332043	0.005384
0.419138	0.014807
0.412943	0.049571
0.366639	0.010746	0.447768	0.008295	0.426215	0.013777	0.447016	0.218244	0.362652	0.006971
0.398417	0.015201
0.310635	0.041571
0.448488	0.009755	0.435474	0.007206	0.381992	0.013128	0.426215	0.216836	0.384206	0.004772
0.379221	0.013412
0.404092	0.038713
0.435474	0.008647	0.435474	0.009515	0.426215	0.027912	0.435474	0.216318	0.289311	0.004937
0.395057	0.012510
0.431839	0.045446
0.435474	0.009933	0.375733	0.007468	0.368460	0.010812	0.442143	0.219452	0.317743	0.004796
0.432216	0.011455
0.404092	0.042487
0.461266	0.009446	0.391192	0.008704	0.339213	0.012291	0.426215	0.207084	0.295082	0.005376
0.418716	0.012382
0.415769	0.056964
0.435474	0.009893	0.435474	0.007608	0.426215	0.012243	0.317743	0.215816	0.432234	0.006662
0.397889	0.012174
0.412943	0.042639
0.445996	0.008274	0.435474	0.010563	0.426215	0.012678	0.462221	0.220022	0.331588	0.005628
0.386224	0.014885
0.091435	0.047999
0.435474	0.008735	0.342203	0.007622	0.406302	0.010387	0.396927	0.211941	0.322354	0.004770
0.426296	0.016865
0.432372	0.040995
0.435474	0.008184	0.435474	0.007758	0.338441	0.011054	0.329536	0.215554	0.351478	0.005653
0.386224	0.011901
0.404092	0.047132
0.435474	0.014261	0.435474	0.007789	0.426215	0.010824	0.426215	0.212478	0.399916	0.006285
0.419675	0.012846
0.404092	0.046070
0.435474	0.009198	0.373202	0.007527	0.426215	0.011682	0.403455	0.210498	0.208422	0.006948
0.245576	0.015363
0.404092	0.045756
0.435474	0.008055	0.435474	0.007921	0.426215	0.014491	0.452206	0.211567	0.426215	0.005058
0.428020	0.018744
0.420773	0.044886
0.435474	0.008288	0.435474	0.007263	0.426215	0.014838	0.448969	0.214665	0.258986	0.005884
0.410985	0.011058
0.404092	0.039552
0.435474	0.008642	0.435474	0.009427	0.426215	0.011658	0.438635	0.209777	0.395571	0.007106
0.426374	0.013981
0.091435	0.035627
0.391192	0.010189	0.442143	0.008027	0.435474	0.015247	0.427316	0.210491	0.314163	0.004887
0.417553	0.012836
0.424150	0.041206
0.447768	0.009171	0.415769	0.007291	0.426215	0.011292	0.422802	0.212794	0.214382	0.007394
0.393976	0.017576
0.404092	0.046706
0.435474	0.008807	0.391192	0.007283	0.426215	0.015574	0.426215	0.212202	0.329001	0.006808
0.386224	0.013654
0.424150	0.043281
0.477161	0.008733	0.381992	0.009494	0.426215	0.013261	0.403455	0.211167	0.426215	0.005326
0.405249	0.018414
0.091435	0.036158
0.435474	0.011222	0.442143	0.008485	0.426215	0.011813	0.391192	0.209294	0.361914	0.006433
0.427212	0.013884
0.404092	0.041205
0.435474	0.008768	0.435474	0.007955	0.426215	0.015951	0.398164	0.212883	0.250999	0.005101
0.428471	0.011222
0.404092	0.050900
0.435474	0.008847	0.435474	0.009405	0.426215	0.012837	0.435474	0.209672	0.297213	0.005598
0.433909	0.013513
0.469420	0.044589
0.368483	0.008283	0.435474	0.007578	0.426215	0.017197	0.435474	0.211174	0.413793	0.007994
0.421438	0.014854
0.418517	0.044404
0.435474	0.009064	0.435474	0.010263	0.447768	0.011162	0.435474	0.213312	0.322112	0.012189
0.417863	0.015426
0.404092	0.047229
delta = 0.055000, m = 21
0.435474	0.009604	0.435474	0.009043	0.365520	0.015662	0.367276	0.252603	0.451055	0.005895
0.394837	0.016013
0.091435	0.044598
0.435474	0.011354	0.435474	0.009518	0.314937	0.011770	0.416082	0.249446	0.328394	0.008070
0.404018	0.017529
0.404092	0.038947
0.446486	0.008811	0.435474	0.008143	0.366639	0.015067	0.339893	0.244084	0.206255	0.006945
0.425747	0.015220
0.431207	0.039202
0.435474	0.010895	0.368281	0.008872	0.426215	0.012347	0.435474	0.239412	0.347901	0.005091
0.394837	0.012657
0.404092	0.048940
0.435474	0.009502	0.435474	0.008533	0.418988	0.017901	0.340691	0.250802	0.426215	0.005688
0.414225	0.011300
0.404092	0.044513
0.381992	0.010685	0.435474	0.008317	0.426215	0.011593	0.435474	0.242761	0.426215	0.005890
0.428471	0.011572
0.415769	0.049955
0.381766	0.010063	0.435474	0.007416	0.391192	0.013055	0.328931	0.248204	0.318933	0.005744
0.428020	0.016791
0.091435	0.035253
0.435474	0.012151	0.352497	0.007870	0.311671	0.011681	0.403149	0.250290	0.385172	0.008535
0.399202	0.013211
0.404092	0.050340
0.435474	0.009490	0.435474	0.010727	0.426215	0.012551	0.396927	0.266913	0.341952	0.006468
0.438216	0.021400
0.422440	0.046251
0.467415	0.009705	0.435474	0.008373	0.373202	0.015873	0.448549	0.253180	0.368460	0.005055
0.437539	0.013793
0.422440	0.045388
0.351023	0.011633	0.435474	0.008123	0.426215	0.011667	0.426215	0.253059	0.285631	0.005469
0.408999	0.012808
0.410446	0.045156
0.435474	0.009649	0.435474	0.009674	0.373202	0.012575	0.426215	0.251093	0.176947	0.006000
0.401570	0.016512
0.452714	0.049595
0.448549	0.008910	0.435474	0.009448	0.472425	0.013308	0.426215	0.240173	0.335291	0.006163
0.433160	0.014651
0.404092	0.040608
0.435474	0.011062	0.468061	0.008431	0.426215	0.012769	0.426215	0.240122	0.303321	0.005361
0.396186	0.013873
0.404092	0.037525
0.452129	0.011441	0.435474	0.008768	0.368483	0.012709	0.432080	0.246621	0.407593	0.006033
0.250927	0.010604
0.435474	0.048021
0.435474	0.012051	0.435474	0.010661	0.314511	0.012456	0.398200	0.241225	0.387248	0.005720
0.431878	0.014701
0.435474	0.047974
0.435474	0.009746	0.435474	0.010895	0.458638	0.012912	0.426215	0.252967	0.465472	0.004765
0.428471	0.015876
0.460437	0.044667
0.391192	0.009782	0.445380	0.007230	0.426215	0.011720	0.445996	0.255005	0.231207	0.004911
0.404706	0.014975
0.420773	0.046020
0.435474	0.010132	0.381992	0.008438	0.426215	0.016958	0.435474	0.242553	0.421677	0.007587
0.414065	0.014819
0.412943	0.051536
0.445996	0.008566	0.366639	0.008526	0.426215	0.013966	0.426215	0.236367	0.361259	0.005722
0.369950	0.015451
0.420773	0.050681
0.435474	0.009507	0.435474	0.008751	0.413793	0.014014	0.435474	0.240499	0.413793	0.005644
0.415467	0.014721
0.404092	0.043510
0.435474	0.009554	0.435474	0.010721	0.313245	0.012608	0.426215	0.243227	0.398270	0.010616
0.419923	0.014585
0.420773	0.037056
0.435474	0.011395	0.351023	0.008235	0.426215	0.016509	0.426215	0.246763	0.426215	0.005625
0.408999	0.014249
0.420773	0.041269
0.435474	0.012331	0.435474	0.008818	0.368460	0.016896	0.435474	0.249362	0.344727	0.005699
0.424152	0.015012
0.402001	0.040392
0.391192	0.009484	0.435474	0.010653	0.426215	0.012051	0.435474	0.242018	0.284408	0.005988
0.428471	0.011637
0.424150	0.049237
0.435474	0.009286	0.435474	0.008182	0.426215	0.011684	0.329536	0.251648	0.317743	0.005374
0.391277	0.016854
0.404092	0.050204
0.381766	0.008689	0.435474	0.008405	0.426215	0.010954	0.317743	0.239338	0.391192	0.006644
0.394837	0.014696
0.402001	0.039050
0.381766	0.008980	0.435474	0.008115	0.428734	0.015069	0.435474	0.244024	0.342975	0.005526
0.426374	0.013713
0.404092	0.054468
0.435474	0.012050	0.435474	0.008872	0.435474	0.011467	0.438635	0.240025	0.325705	0.005011
0.397289	0.015416
0.420773	0.045512
0.435474	0.009317	0.435474	0.007892	0.426215	0.014122	0.435474	0.242661	0.314742	0.005156
0.405588	0.012455
0.420773	0.041513
0.435474	0.011905	0.435474	0.008168	0.422518	0.012151	0.426215	0.243722	0.386895	0.005727
0.433572	0.015771
0.404092	0.049483
0.435474	0.009533	0.435474	0.008309	0.426215	0.013794	0.432080	0.249076	0.143745	0.008010
0.434013	0.013691
0.420773	0.039520
0.447768	0.013156	0.368483	0.008055	0.426215	0.015000	0.435474	0.256661	0.313245	0.005496
0.399239	0.016815
0.404092	0.041344
0.435474	0.011341	0.391192	0.008005	0.435474	0.011596	0.391192	0.254076	0.375672	0.006486
0.415344	0.013160
0.469420	0.039763
0.435474	0.008789	0.445996	0.007896	0.435474	0.013963	0.442143	0.239952	0.386816	0.006219
0.386224	0.013102
0.420773	0.047153
0.351023	0.009575	0.391192	0.007992	0.435474	0.012091	0.429715	0.235398	0.183785	0.008661
0.389876	0.014136
0.404092	0.044272
0.435474	0.009456	0.435474	0.008743	0.368483	0.013247	0.426215	0.251213	0.429181	0.005699
0.396186	0.013702
0.091435	0.041586
0.435474	0.011651	0.352497	0.007924	0.447768	0.011508	0.403211	0.237836	0.312583	0.005427
0.394837	0.015840
0.420773	0.046001
0.358636	0.009620	0.381766	0.007926	0.432080	0.012304	0.426215	0.243671	0.317743	0.005140
0.405249	0.012604
0.420773	0.036732
0.435474	0.010263	0.435474	0.009129	0.339893	0.012612	0.371151	0.257784	0.396927	0.007960
0.406242	0.016565
0.420773	0.047392
0.435474	0.010252	0.368281	0.011109	0.381896	0.012943	0.467415	0.250849	0.323964	0.007814
0.400642	0.014297
0.404092	0.047059
0.435474	0.011497	0.435474	0.009723	0.426215	0.012062	0.403455	0.242042	0.426215	0.005404
0.381197	0.013074
0.341226	0.038375
0.458638	0.010844	0.391192	0.009145	0.426215	0.011843	0.414520	0.248938	0.375672	0.009296
0.401476	0.016552
0.091435	0.044452
0.435474	0.010737	0.435474	0.009160	0.426215	0.012579	0.432565	0.241904	0.394724	0.005679
0.429647	0.013543
0.404092	0.043654
0.435474	0.010042	0.435474	0.008308	0.426215	0.015779	0.396927	0.242264	0.355982	0.006003
0.405249	0.011783
0.404092	0.041270
0.375733	0.009418	0.435474	0.009766	0.303919	0.014374	0.397273	0.254007	0.461266	0.005355
0.393976	0.025981
0.404092	0.045630
0.435474	0.008946	0.435474	0.008877	0.426215	0.013650	0.332385	0.244195	0.324035	0.005586
0.429204	0.015536
0.404092	0.042536
0.435474	0.009421	0.445996	0.007870	0.468061	0.015295	0.377379	0.239449	0.356253	0.005391
0.327670	0.011313
0.404092	0.046297
0.435474	0.009813	0.415769	0.009640	0.426215	0.012864	0.432080	0.242942	0.335476	0.006433
0.385575	0.012002
0.420773	0.043988
0.435474	0.011472	0.391192	0.009336	0.391192	0.015361	0.435474	0.240254	0.309246	0.005324
0.414157	0.014221
0.412943	0.052230
delta = 0.055000, m = 23
0.391192	0.012531	0.435474	0.008972	0.426215	0.013280	0.435474	0.292783	0.436287	0.006264
0.414415	0.013165
0.423444	0.044662
0.435474	0.011474	0.435474	0.011277	0.426215	0.013483	0.435474	0.285657	0.317743	0.006656
0.442791	0.017132
0.404092	0.048320
0.435474	0.009963	0.435474	0.008510	0.426215	0.014946	0.419942	0.278357	0.316399	0.006185
0.435195	0.013008
0.420773	0.041882
0.381992	0.011436	0.435474	0.010914	0.426215	0.012537	0.403455	0.288206	0.350736	0.005784
0.427416	0.016867
0.412943	0.044080
0.435474	0.010131	0.435474	0.010679	0.426215	0.014348	0.435474	0.289160	0.316518	0.007173
0.407398	0.014040
0.091435	0.036457
0.435474	0.009423	0.435474	0.008843	0.435474	0.011651	0.403455	0.284546	0.283462	0.005817
0.394837	0.014592
0.420773	0.045743
0.374190	0.011928	0.381766	0.008606	0.381766	0.012521	0.385883	0.288116	0.381896	0.005225
0.406276	0.013455
0.404092	0.042721
0.435474	0.010352	0.435474	0.009294	0.426215	0.014645	0.426215	0.285875	0.335241	0.005901
0.428757	0.012114
0.404092	0.049664
0.451130	0.011878	0.435474	0.009034	0.442143	0.013593	0.426215	0.277361	0.322354	0.009619
0.433909	0.014761
0.404092	0.047140
0.435474	0.010877	0.462221	0.008863	0.458638	0.020332	0.435474	0.293229	0.360673	0.008893
0.406276	0.014957
0.403949	0.048983
0.435474	0.017682	0.451130	0.009456	0.373202	0.015796	0.362892	0.289293	0.427226	0.005487
0.395057	0.012287
0.424150	0.046515
0.435474	0.010338	0.352497	0.009896	0.381992	0.013046	0.317743	0.285831	0.396927	0.005221
0.400162	0.012371
0.404092	0.039926
0.391192	0.012523	0.435474	0.008971	0.446486	0.012488	0.426215	0.282442	0.401713	0.006745
0.423017	0.012297
0.478493	0.043097
0.445996	0.011977	0.435474	0.008513	0.426215	0.012811	0.306934	0.286244	0.317743	0.005689
0.429558	0.013816
0.404092	0.045669
0.435474	0.010957	0.435474	0.008775	0.426215	0.012364	0.435474	0.290745	0.325285	0.005442
0.411704	0.015001
0.091435	0.033744
0.435474	0.010151	0.435474	0.012177	0.426215	0.013962	0.435474	0.286645	0.317743	0.008582
0.437539	0.013955
0.404092	0.048643
0.435474	0.010163	0.435474	0.010930	0.368460	0.012904	0.381766	0.277138	0.387248	0.005382
0.434013	0.014666
0.404092	0.045614
0.442143	0.011725	0.435474	0.008691	0.458638	0.012475	0.435474	0.290681	0.297213	0.008411
0.385802	0.012268
0.404092	0.049260
0.435474	0.010267	0.435474	0.008925	0.426215	0.012654	0.429743	0.295596	0.354829	0.009026
0.398966	0.013630
0.447016	0.039117
0.435474	0.010272	0.435474	0.010549	0.311633	0.014495	0.435474	0.288923	0.317743	0.005453
0.438869	0.014812
0.404092	0.039256
0.435474	0.010285	0.435474	0.010244	0.426215	0.014844	0.358636	0.286391	0.366138	0.005741
0.410968	0.013403
0.424150	0.044462
0.435474	0.012109	0.435474	0.009875	0.426215	0.013395	0.366639	0.278534	0.384728	0.005827
0.420406	0.016387
0.423816	0.040342
0.447768	0.010599	0.435474	0.008747	0.426215	0.013434	0.426215	0.297744	0.432080	0.007283
0.386224	0.015341
0.420773	0.051317
0.435474	0.010123	0.435474	0.011767	0.426215	0.012464	0.435474	0.294291	0.333486	0.007329
0.438505	0.015420
0.091435	0.032259
0.445996	0.012162	0.435474	0.008681	0.435474	0.013665	0.265839	0.288390	0.456845	0.009771
0.423572	0.011990
0.404092	0.051413
0.435474	0.012424	0.435474	0.009414	0.368281	0.012724	0.426215	0.304929	0.426215	0.005578
0.424152	0.015561
0.448234	0.039287
0.435474	0.012406	0.368483	0.008939	0.426215	0.013271	0.426215	0.294963	0.324035	0.005886
0.433909	0.012093
0.420773	0.042602
0.435474	0.010028	0.366639	0.010109	0.447768	0.012939	0.435474	0.282640	0.325181	0.005221
0.238428	0.013124
0.404092	0.039332
0.435474	0.010650	0.435474	0.009407	0.426215	0.012624	0.426215	0.287876	0.323818	0.006080
0.395057	0.011479
0.091435	0.039244
0.435474	0.010911	0.435474	0.008878	0.338441	0.015882	0.435474	0.281689	0.410034	0.008254
0.434013	0.012330
0.091435	0.044429
0.435474	0.012560	0.391192	0.009122	0.426215	0.012373	0.406302	0.287901	0.316705	0.006526
0.394837	0.019023
0.218442	0.039426
0.435474	0.011687	0.435474	0.008791	0.426215	0.012879	0.413793	0.286688	0.200930	0.008721
0.401235	0.016360
0.091435	0.041818
0.435474	0.011600	0.391192	0.011501	0.338935	0.015920	0.426215	0.285400	0.422811	0.005479
0.430976	0.012566
0.410446	0.037752
0.391192	0.011030	0.374190	0.009247	0.410034	0.014648	0.351023	0.284345	0.300659	0.007492
0.425130	0.011812
0.091435	0.044805
0.435474	0.011885	0.435474	0.008947	0.458638	0.013369	0.426215	0.290015	0.352497	0.005368
0.438505	0.013969
0.427337	0.044887
0.435474	0.010026	0.435474	0.008687	0.418988	0.012711	0.442143	0.285052	0.311671	0.005741
0.414225	0.013070
0.412943	0.048115
0.462221	0.010097	0.435474	0.009406	0.377379	0.014982	0.435474	0.276388	0.224311	0.006777
0.413737	0.013586
0.091435	0.033832
0.435474	0.010460	0.435474	0.008564	0.426215	0.015574	0.435474	0.285844	0.436927	0.008087
0.458383	0.015150
0.404092	0.044668
0.445996	0.011812	0.435474	0.008924	0.384896	0.011882	0.315821	0.283551	0.289007	0.006183
0.433160	0.014162
0.091435	0.040663
0.435474	0.010237	0.352497	0.008723	0.373202	0.015739	0.435474	0.295391	0.362652	0.005904
0.437539	0.015398
0.460437	0.040020
0.435474	0.011979	0.435474	0.009266	0.368281	0.012674	0.435474	0.286959	0.316399	0.005593
0.428471	0.013665
0.438763	0.036330
0.435474	0.011657	0.435474	0.009793	0.447768	0.012760	0.426215	0.282574	0.227496	0.005694
0.228243	0.012604
0.415769	0.051079
0.377379	0.010350	0.391192	0.008736	0.426215	0.016328	0.314937	0.287869	0.426215	0.006440
0.419521	0.010012
0.091435	0.044439
0.435474	0.010364	0.435474	0.009244	0.391192	0.013178	0.435474	0.289821	0.409236	0.007578
0.383344	0.015881
0.404092	0.040961
0.435474	0.009934	0.435474	0.009319	0.391192	0.014578	0.407564	0.279909	0.317743	0.006047
0.433572	0.014539
0.404092	0.039541
0.358636	0.013246	0.435474	0.008695	0.373202	0.013251	0.435474	0.297665	0.317743	0.008093
0.406276	0.014395
0.435474	0.057861
0.435474	0.010799	0.368483	0.008555	0.446486	0.014883	0.463723	0.283025	0.432080	0.005399
0.404018	0.013213
0.404092	0.043149
0.428734	0.011662	0.435474	0.008904	0.426215	0.012872	0.368281	0.283598	0.292716	0.005457
0.432216	0.015434
0.394192	0.039538
0.435474	0.010755	0.435474	0.009293	0.426215	0.012947	0.426215	0.293095	0.316399	0.005023
0.387666	0.013805
0.422440	0.043305
0.373202	0.011325	0.435474	0.008389	0.426215	0.012391	0.392779	0.289303	0.303321	0.007183
0.414665	0.016399
0.404092	0.046655
delta = 0.055000, m = 25
0.435474	0.014231	0.435474	0.009609	0.318624	0.013090	0.368281	0.319292	0.426215	0.005624
0.422923	0.015457
0.438763	0.056155
0.435474	0.010770	0.435474	0.009402	0.426215	0.016930	0.426215	0.325662	0.335224	0.008476
0.394837	0.015441
0.429050	0.051433
0.451130	0.010075	0.435474	0.010998	0.368483	0.013555	0.426215	0.318175	0.426215	0.005592
0.432216	0.011969
0.420773	0.038995
0.435474	0.013064	0.435474	0.009551	0.365520	0.013510	0.422802	0.325997	0.401713	0.006650
0.399465	0.016975
0.404092	0.040415
0.435474	0.011155	0.435474	0.009447	0.426215	0.018534	0.373202	0.322641	0.240688	0.006449
0.386224	0.013968
0.091435	0.037375
0.435474	0.014055	0.435474	0.009917	0.385883	0.014512	0.435474	0.325118	0.329032	0.011361
0.291573	0.011898
0.394573	0.039813
0.435474	0.010788	0.435474	0.010840	0.426215	0.014446	0.435474	0.336823	0.343675	0.007244
0.437190	0.012873
0.412943	0.044016
0.435474	0.013403	0.435474	0.010266	0.314937	0.014771	0.435474	0.320759	0.432906	0.005869
0.434013	0.011739
0.440233	0.042024
0.435474	0.010902	0.381992	0.010977	0.366639	0.019825	0.385883	0.327087	0.317743	0.005778
0.414065	0.013404
0.438763	0.039002
0.435474	0.012563	0.435474	0.010999	0.426215	0.013102	0.435474	0.326195	0.432080	0.006074
0.427108	0.017032
0.404092	0.050570
0.368281	0.010702	0.435474	0.011389	0.435474	0.013043	0.391192	0.332019	0.438440	0.006778
0.403608	0.015455
0.433844	0.041885
0.435474	0.011865	0.391192	0.010371	0.458638	0.014827	0.426215	0.317736	0.426215	0.006130
0.431763	0.012368
0.091435	0.045849
0.435474	0.012592	0.435474	0.009888	0.451130	0.013330	0.435474	0.321053	0.348611	0.010016
0.414225	0.014195
0.412943	0.049366
0.435474	0.011167	0.435474	0.011389	0.380055	0.014480	0.447016	0.340533	0.413793	0.006164
0.386224	0.011435
0.402001	0.040797
0.358636	0.014923	0.435474	0.010608	0.384896	0.013890	0.415769	0.335074	0.322354	0.009344
0.297228	0.014721
0.391885	0.044300
0.435474	0.013093	0.435474	0.009769	0.311671	0.013626	0.396927	0.324939	0.439343	0.008243
0.437190	0.013043
0.404092	0.043411
0.451130	0.010169	0.435474	0.011530	0.447768	0.015305	0.435474	0.329573	0.413793	0.005555
0.401906	0.013788
0.404092	0.049140
0.435474	0.010977	0.435474	0.009847	0.426215	0.013625	0.426215	0.326678	0.396927	0.005785
0.436046	0.013819
0.091435	0.037480
0.368281	0.011013	0.435474	0.011147	0.426215	0.013880	0.426215	0.327457	0.403455	0.007971
0.399465	0.013940
0.435474	0.044308
0.435474	0.010597	0.435474	0.012080	0.426215	0.014076	0.435474	0.342624	0.344727	0.005856
0.379087	0.012775
0.435474	0.040023
0.435474	0.011403	0.445996	0.010316	0.426215	0.013182	0.375733	0.323441	0.331588	0.005646
0.422967	0.012353
0.433844	0.047540
0.435474	0.011980	0.352497	0.009865	0.453971	0.016393	0.435474	0.322718	0.426215	0.006328
0.412066	0.012208
0.412943	0.046012
0.435474	0.010814	0.381766	0.008879	0.426215	0.013351	0.435474	0.330118	0.475177	0.008277
0.414225	0.012592
0.396605	0.048872
0.435474	0.012272	0.435474	0.010986	0.426215	0.013504	0.435474	0.329622	0.396927	0.006895
0.432216	0.014901
0.416594	0.042018
0.435474	0.010789	0.435474	0.009315	0.368281	0.015972	0.426215	0.327387	0.317743	0.005870
0.435195	0.014481
0.466741	0.043407
0.451130	0.010509	0.435474	0.010006	0.426215	0.016039	0.352497	0.328365	0.317728	0.007576
0.394243	0.012408
0.091435	0.047341
0.435474	0.012301	0.435474	0.009632	0.339893	0.012682	0.435474	0.329434	0.328394	0.008143
0.414665	0.014592
0.442143	0.044375
0.374190	0.013060	0.445996	0.009308	0.426215	0.014127	0.352497	0.317558	0.413793	0.005695
0.427212	0.013144
0.433844	0.050514
0.435474	0.011435	0.435474	0.009657	0.380055	0.016713	0.417124	0.325369	0.198471	0.006226
0.390318	0.012331
0.091435	0.040253
0.435474	0.014095	0.381992	0.009533	0.435474	0.013997	0.435474	0.330510	0.396304	0.006532
0.414549	0.014021
0.433844	0.043584
0.435474	0.014432	0.435474	0.009815	0.368460	0.012991	0.435474	0.327836	0.438635	0.006264
0.398660	0.019714
0.402001	0.040533
0.435474	0.010414	0.435474	0.011156	0.371071	0.015849	0.435474	0.321086	0.392273	0.006458
0.286791	0.011990
0.430732	0.043796
0.435474	0.010774	0.435474	0.009424	0.426215	0.013223	0.415769	0.318445	0.317743	0.008537
0.411435	0.014321
0.418239	0.048436
0.435474	0.011930	0.435474	0.010959	0.408461	0.013914	0.363403	0.332768	0.285975	0.005888
0.433909	0.015023
0.438763	0.047653
0.352497	0.013661	0.391192	0.009962	0.458638	0.014060	0.355256	0.327484	0.426215	0.005937
0.434013	0.015005
0.420773	0.044239
0.435474	0.011288	0.391192	0.008890	0.426215	0.018156	0.435474	0.325160	0.361509	0.005973
0.406242	0.012288
0.285662	0.051978
0.435474	0.011344	0.368281	0.009399	0.381766	0.016377	0.417124	0.326099	0.419083	0.005727
0.432216	0.016461
0.091435	0.034849
0.435474	0.013035	0.445996	0.009660	0.311671	0.014022	0.435474	0.319781	0.359010	0.006200
0.407119	0.017121
0.435474	0.042134
0.435474	0.011884	0.391192	0.009497	0.368483	0.016612	0.435474	0.337820	0.426215	0.007080
0.430121	0.014452
0.091435	0.036832
0.435474	0.012634	0.435474	0.009572	0.426215	0.017257	0.445996	0.333682	0.317743	0.007464
0.423822	0.015111
0.091435	0.045033
0.435474	0.011746	0.435474	0.009544	0.426215	0.015501	0.435474	0.348365	0.341952	0.006048
0.431543	0.012440
0.091435	0.051463
0.445996	0.011626	0.435474	0.009144	0.368483	0.014056	0.435474	0.320832	0.426215	0.006246
0.386224	0.016865
0.404092	0.043361
0.435474	0.011067	0.435474	0.009354	0.426215	0.016919	0.415769	0.350403	0.392119	0.007510
0.435361	0.011909
0.091435	0.045683
0.435474	0.013646	0.435474	0.010923	0.314937	0.014995	0.435474	0.328225	0.198471	0.007438
0.422923	0.016070
0.404092	0.046979
0.368483	0.010490	0.435474	0.010598	0.413793	0.014795	0.435474	0.355360	0.426215	0.007227
0.405249	0.017020
0.422440	0.048898
0.435474	0.012177	0.435474	0.010708	0.368460	0.015258	0.417593	0.347913	0.350736	0.007497
0.437190	0.011918
0.404092	0.040633
0.435474	0.010970	0.435474	0.010355	0.426215	0.014801	0.435474	0.325837	0.292716	0.007083
0.431543	0.016293
0.402001	0.039585
0.435474	0.014349	0.381992	0.009218	0.426215	0.014342	0.426215	0.325856	0.451130	0.008490
0.422923	0.021977
0.091435	0.052140
0.381992	0.010308	0.435474	0.009888	0.426215	0.015280	0.368281	0.323144	0.426215	0.006752
0.422923	0.013698
0.402001	0.048291
0.435474	0.013339	0.381992	0.010749	0.391192	0.014058	0.379165	0.332967	0.413793	0.006428
0.394837	0.013064
0.404092	0.046313
delta = 0.055000, m = 27
0.435474	0.012527	0.435474	0.010221	0.477161	0.024933	0.435474	0.391893	0.354829	0.006732
0.412165	0.015154
0.427337	0.051881
0.435474	0.013212	0.445996	0.013846	0.373202	0.014132	0.435474	0.415942	0.371307	0.006489
0.432216	0.012978
0.404092	0.045716
0.435474	0.013373	0.435474	0.010811	0.426215	0.013991	0.430642	0.400095	0.365208	0.007543
0.414052	0.014848
0.412943	0.043411
0.435474	0.011862	0.435474	0.010681	0.428734	0.019783	0.435474	0.398051	0.381896	0.006307
0.435195	0.014803
0.404092	0.052468
0.435474	0.011879	0.435474	0.010590	0.426215	0.017348	0.381992	0.375086	0.396927	0.006735
0.417410	0.015575
0.438763	0.042632
0.435474	0.012717	0.352497	0.010323	0.432080	0.016764	0.410034	0.406193	0.426215	0.006646
0.397518	0.015584
0.422440	0.040842
0.435474	0.014639	0.435474	0.011059	0.432080	0.016955	0.381992	0.375511	0.426215	0.006735
0.428471	0.016507
0.091435	0.041284
0.445996	0.013478	0.435474	0.010288	0.381992	0.016366	0.435474	0.386414	0.376754	0.006896
0.417863	0.019258
0.435474	0.039764
0.462221	0.011608	0.435474	0.010652	0.426215	0.021236	0.426215	0.394593	0.361716	0.006436
0.397518	0.013986
0.402001	0.043972
0.352497	0.015441	0.445996	0.010157	0.426215	0.015291	0.377797	0.393710	0.426215	0.007076
0.437539	0.017096
0.091435	0.042962
0.435474	0.011753	0.435474	0.013641	0.472425	0.018538	0.428734	0.387983	0.289097	0.007350
0.431543	0.015175
0.415769	0.050814
0.435474	0.012365	0.435474	0.009909	0.351816	0.018134	0.452206	0.389811	0.433918	0.006834
0.431448	0.016680
0.438763	0.043128
0.435474	0.014021	0.435474	0.012730	0.446486	0.014766	0.435474	0.385207	0.426215	0.006732
0.432216	0.014242
0.440233	0.047554
0.435474	0.014507	0.435474	0.010777	0.432080	0.017222	0.391192	0.386339	0.393680	0.006830
0.396728	0.011879
0.341226	0.044208
0.435474	0.011685	0.366639	0.010484	0.432080	0.020612	0.368460	0.396366	0.366242	0.006933
0.435195	0.014164
0.412943	0.042872
0.391192	0.015441	0.435474	0.010948	0.426215	0.017848	0.316559	0.397967	0.350736	0.009055
0.414225	0.019478
0.091435	0.034885
0.435474	0.012309	0.391192	0.014029	0.364120	0.014984	0.366666	0.384084	0.335271	0.008015
0.430229	0.013147
0.420773	0.048514
0.391192	0.015734	0.435474	0.010935	0.426215	0.015814	0.438635	0.405409	0.268659	0.007689
0.221562	0.011971
0.433844	0.042847
0.435474	0.016056	0.435474	0.012342	0.426215	0.014557	0.435474	0.387781	0.323060	0.006705
0.386224	0.014808
0.442143	0.042556
0.391192	0.014109	0.435474	0.010438	0.426215	0.017305	0.358636	0.396650	0.409416	0.008857
0.432216	0.014034
0.394573	0.038977
0.458003	0.014081	0.435474	0.013831	0.368460	0.015877	0.373202	0.389827	0.368460	0.005827
0.435195	0.013584
0.091435	0.044883
0.352497	0.013749	0.435474	0.010409	0.391192	0.016061	0.435474	0.416901	0.317743	0.006773
0.386224	0.013898
0.438763	0.041620
0.435474	0.014477	0.435474	0.010432	0.472425	0.017537	0.426215	0.393950	0.396927	0.007536
0.421266	0.012519
0.438763	0.040834
0.435474	0.011948	0.435474	0.012012	0.426215	0.014756	0.435474	0.413214	0.326081	0.006970
0.390051	0.012895
0.433844	0.051321
0.435474	0.013637	0.391192	0.010220	0.352497	0.014993	0.435474	0.384946	0.396927	0.006672
0.437539	0.011013
0.404092	0.056749
0.391192	0.012534	0.445996	0.010353	0.426215	0.014424	0.426215	0.396395	0.385672	0.007461
0.434013	0.012720
0.422440	0.045752
0.391192	0.013424	0.435474	0.011672	0.426215	0.016249	0.435474	0.380115	0.396927	0.006866
0.417318	0.013793
0.394573	0.046772
0.435474	0.015001	0.435474	0.010809	0.381766	0.014821	0.337446	0.408782	0.413793	0.006373
0.437587	0.013237
0.404092	0.054747
0.435474	0.013004	0.435474	0.010498	0.366639	0.017651	0.435474	0.396541	0.317743	0.009715
0.437190	0.012658
0.438763	0.042239
0.435474	0.011588	0.435474	0.012856	0.335055	0.015614	0.426215	0.395169	0.463723	0.006893
0.433536	0.012472
0.404092	0.058263
0.435474	0.012162	0.391192	0.011296	0.458638	0.014242	0.430642	0.393468	0.366495	0.008866
0.388301	0.013763
0.427337	0.065579
0.435474	0.011716	0.435474	0.010824	0.426215	0.018512	0.440267	0.404315	0.376598	0.007772
0.411320	0.020038
0.412943	0.052006
0.435474	0.015949	0.391192	0.010043	0.426215	0.013604	0.435474	0.388153	0.317743	0.007779
0.438505	0.011435
0.404092	0.049588
0.381766	0.013331	0.445996	0.011644	0.366666	0.016892	0.435474	0.403741	0.324100	0.006667
0.429207	0.015678
0.422440	0.048366
0.435474	0.013471	0.435474	0.010133	0.426215	0.016605	0.325354	0.382553	0.329001	0.007462
0.432727	0.013819
0.460437	0.047244
0.441278	0.012249	0.445996	0.010581	0.426215	0.018365	0.435474	0.394241	0.308705	0.007500
0.428004	0.012221
0.440233	0.044673
0.435474	0.016038	0.435474	0.011097	0.426215	0.021771	0.435474	0.373478	0.472425	0.007148
0.417863	0.013581
0.438763	0.045345
0.435474	0.013458	0.435474	0.010588	0.339893	0.014789	0.352497	0.389050	0.323420	0.007971
0.434013	0.016245
0.438763	0.048675
0.435474	0.011228	0.351540	0.012617	0.426215	0.014585	0.435474	0.395839	0.322997	0.006609
0.435195	0.013594
0.420773	0.044989
0.374190	0.012527	0.435474	0.010598	0.373202	0.014647	0.381766	0.387853	0.445996	0.007363
0.390453	0.015813
0.091435	0.036483
0.435474	0.012362	0.435474	0.010621	0.458638	0.018144	0.426215	0.391426	0.426215	0.009095
0.258723	0.012865
0.404092	0.051101
0.435474	0.014258	0.435474	0.011627	0.371071	0.015235	0.368483	0.398375	0.325285	0.008458
0.405588	0.012616
0.410446	0.043663
0.435474	0.011986	0.391192	0.011767	0.426215	0.015342	0.352497	0.396272	0.426215	0.007131
0.349935	0.013680
0.412943	0.050111
0.435474	0.014641	0.391192	0.010198	0.426215	0.016138	0.435474	0.411502	0.339674	0.007574
0.428303	0.014328
0.438763	0.042750
0.435474	0.011696	0.435474	0.010230	0.426215	0.017382	0.426215	0.387914	0.386869	0.007093
0.434013	0.016874
0.402001	0.040624
0.435474	0.012757	0.435474	0.015879	0.373202	0.014753	0.442143	0.390812	0.142253	0.006064
0.428471	0.013356
0.418517	0.042232
0.435474	0.012603	0.435474	0.010120	0.317740	0.015892	0.435474	0.386475	0.426215	0.007394
0.408999	0.012416
0.091435	0.044263
0.366639	0.013599	0.435474	0.010664	0.432080	0.018049	0.366666	0.392916	0.474129	0.008809
0.386146	0.012899
0.402001	0.044508
0.435474	0.014362	0.435474	0.011202	0.426215	0.015356	0.435474	0.396253	0.335476	0.007960
0.427896	0.011817
0.404092	0.052130
0.435474	0.011637	0.435474	0.011682	0.426215	0.015800	0.426215	0.389310	0.396927	0.007323
0.386228	0.014095
0.091435	0.042865
delta = 0.055000, m = 29
0.435474	0.013901	0.435474	0.011405	0.418988	0.015856	0.435474	0.433951	0.426215	0.008042
0.438505	0.015510
0.418517	0.044741
0.435474	0.013053	0.435474	0.010961	0.426215	0.019015	0.435474	0.432430	0.350736	0.007394
0.414665	0.015705
0.430736	0.049893
0.391192	0.012406	0.445996	0.010726	0.426215	0.017927	0.381992	0.428433	0.319455	0.009292
0.435195	0.017140
0.091435	0.042763
0.445996	0.012056	0.435474	0.014617	0.435474	0.016127	0.435474	0.444320	0.398200	0.007792
0.389942	0.017422
0.422440	0.044373
0.435474	0.012286	0.381992	0.012835	0.368483	0.015754	0.435474	0.457441	0.426215	0.006342
0.425071	0.013709
0.422440	0.045253
0.435474	0.014976	0.445996	0.011278	0.426215	0.016282	0.426215	0.440120	0.421835	0.010230
0.422967	0.015206
0.404092	0.042926
0.435474	0.012266	0.435474	0.016037	0.426215	0.015767	0.425101	0.450005	0.317743	0.007542
0.393976	0.013843
0.091435	0.043616
0.435474	0.012334	0.435474	0.015822	0.458638	0.017517	0.391192	0.436659	0.307459	0.007510
0.397122	0.012252
0.469420	0.051563
0.435474	0.012962	0.435474	0.011180	0.426215	0.019746	0.426215	0.450714	0.334613	0.007100
0.436046	0.015738
0.404092	0.047873
0.445996	0.013480	0.435474	0.011919	0.426215	0.015520	0.352497	0.449210	0.396927	0.006715
0.412165	0.015362
0.440233	0.042878
0.435474	0.013655	0.435474	0.010870	0.308728	0.019811	0.426215	0.459895	0.428734	0.006670
0.420406	0.011701
0.422440	0.047811
0.435474	0.013020	0.435474	0.012188	0.373202	0.014443	0.426215	0.441014	0.350736	0.007126
0.437190	0.016993
0.091435	0.042525
0.435474	0.012873	0.435474	0.011179	0.426215	0.018470	0.435474	0.451377	0.297213	0.008228
0.395599	0.014524
0.460437	0.041735
0.381766	0.011772	0.435474	0.014101	0.371071	0.016843	0.426215	0.439435	0.314015	0.007662
0.428471	0.012753
0.396605	0.054732
0.435474	0.012769	0.352497	0.011188	0.442143	0.018167	0.435474	0.441532	0.380537	0.007075
0.409529	0.015664
0.404092	0.052312
0.435474	0.013375	0.435474	0.011400	0.432080	0.020235	0.435474	0.456818	0.198471	0.007441
0.418377	0.012399
0.440233	0.053896
0.435474	0.014542	0.435474	0.012256	0.397712	0.016911	0.406302	0.435295	0.396927	0.007049
0.435195	0.020826
0.438763	0.037601
0.435474	0.013459	0.435474	0.010930	0.426215	0.018254	0.435474	0.448453	0.410034	0.007368
0.432216	0.017970
0.091435	0.039024
0.435474	0.012447	0.435474	0.012456	0.426215	0.018326	0.371071	0.443192	0.356695	0.008361
0.394595	0.015322
0.091435	0.043824
0.435474	0.016157	0.368483	0.011493	0.426215	0.017370	0.426215	0.457320	0.409571	0.007861
0.434013	0.015063
0.364108	0.045677
0.435474	0.013289	0.391192	0.012893	0.396829	0.020886	0.435474	0.448866	0.339893	0.006963
0.386224	0.016762
0.404092	0.037459
0.435474	0.014004	0.435474	0.011144	0.426215	0.018356	0.368460	0.445377	0.314015	0.008025
0.435195	0.013676
0.091435	0.043194
0.462221	0.012718	0.445996	0.011522	0.406302	0.020085	0.435474	0.444789	0.426215	0.007746
0.444618	0.015197
0.422440	0.044773
0.435474	0.013518	0.435474	0.011729	0.391192	0.016962	0.426215	0.434994	0.417593	0.008718
0.406149	0.014167
0.433844	0.048838
0.435474	0.014324	0.435474	0.013118	0.385883	0.016628	0.321495	0.442473	0.350736	0.007609
0.411320	0.014139
0.438763	0.051717
0.435474	0.014552	0.391192	0.011222	0.426215	0.017429	0.426215	0.458877	0.361946	0.008687
0.404242	0.014373
0.245246	0.056599
0.435474	0.013124	0.391192	0.011715	0.435474	0.017783	0.435474	0.431942	0.276667	0.011067
0.403714	0.014309
0.091435	0.036289
0.391192	0.014268	0.435474	0.011267	0.426215	0.017841	0.426215	0.433174	0.408966	0.009595
0.416450	0.015898
0.438763	0.040256
0.381992	0.012444	0.435474	0.013030	0.426215	0.018014	0.374918	0.448475	0.440335	0.008356
0.148726	0.012575
0.440233	0.034490
0.435474	0.012383	0.391192	0.012148	0.433918	0.016814	0.317743	0.430463	0.317743	0.009785
0.434013	0.015112
0.460437	0.045979
0.351023	0.013395	0.435474	0.012727	0.426215	0.016570	0.435474	0.439110	0.429181	0.008581
0.411435	0.013972
0.448225	0.043441
0.435474	0.013149	0.435474	0.012168	0.314937	0.016759	0.435474	0.455992	0.363747	0.006476
0.410968	0.013002
0.404092	0.050553
0.435474	0.012795	0.435474	0.014099	0.366639	0.016160	0.435474	0.440064	0.373941	0.007681
0.420290	0.013353
0.422440	0.050344
0.375733	0.012974	0.435474	0.014053	0.467415	0.014820	0.380190	0.432647	0.426215	0.007784
0.427774	0.015418
0.419043	0.037133
0.435474	0.016243	0.435474	0.011479	0.380055	0.017927	0.435474	0.443397	0.391192	0.006878
0.435195	0.011724
0.401415	0.045928
0.435474	0.017024	0.445996	0.011537	0.447768	0.015507	0.435474	0.445027	0.350736	0.008051
0.450943	0.013029
0.412943	0.049611
0.435474	0.012968	0.391192	0.010675	0.458003	0.017153	0.435474	0.432562	0.422802	0.007817
0.430229	0.014812
0.412943	0.050701
0.445996	0.012817	0.435474	0.011986	0.426215	0.018359	0.406302	0.456934	0.449672	0.007676
0.433572	0.011958
0.433844	0.049788
0.435474	0.014237	0.391192	0.011153	0.380055	0.015846	0.435474	0.439995	0.344727	0.007016
0.417318	0.013131
0.422440	0.036134
0.435474	0.015039	0.435474	0.011810	0.410034	0.017466	0.435474	0.451779	0.396927	0.008145
0.438216	0.015294
0.440233	0.041148
0.435474	0.012124	0.391192	0.012428	0.426215	0.018061	0.435474	0.443482	0.373691	0.007851
0.386224	0.013244
0.460437	0.054266
0.435474	0.013851	0.435474	0.011884	0.339893	0.022464	0.435474	0.448028	0.343457	0.007855
0.394837	0.015488
0.433844	0.040246
0.435474	0.013336	0.435474	0.010837	0.426215	0.018239	0.352497	0.433887	0.355433	0.009814
0.391277	0.017689
0.438763	0.040163
0.435474	0.019991	0.445996	0.011306	0.426215	0.021253	0.435474	0.431893	0.316399	0.008531
0.394837	0.013932
0.404092	0.044187
0.435474	0.011936	0.375733	0.011678	0.426215	0.017271	0.426215	0.445344	0.426215	0.009092
0.401235	0.014213
0.412943	0.052225
0.435474	0.013697	0.435474	0.011826	0.458638	0.014839	0.426215	0.438145	0.224311	0.008268
0.399804	0.016890
0.286926	0.048711
0.435474	0.012374	0.435474	0.012010	0.410034	0.018131	0.426215	0.442992	0.351023	0.009229
0.403563	0.016255
0.416450	0.040074
0.435474	0.011969	0.435474	0.012033	0.426215	0.015731	0.426215	0.444165	0.351023	0.007491
0.404018	0.012953
0.438763	0.057880
0.435474	0.013816	0.351540	0.011436	0.458638	0.019027	0.412779	0.432806	0.317728	0.006855
0.390635	0.012358
0.404092	0.044181
0.445996	0.013480	0.368281	0.010495	0.426215	0.018285	0.435474	0.457471	0.413793	0.007681
0.399809	0.013390
0.091435	0.049713
0.402001	0.042479
