delta = 1.000000, m = 30
0.086300	0.017366	0.088840	0.013711	0.099569	0.018382	0.088840	0.401936	0.084147	0.008468
0.021152	0.019299
0.020281	0.047538
0.088840	0.016230	0.086910	0.013201	0.089079	0.016077	0.087697	0.399563	0.092130	0.007978
0.030177	0.021237
0.020133	0.043214
0.086910	0.015120	0.091309	0.013392	0.097578	0.015819	0.086300	0.405103	0.094039	0.007272
0.024176	0.017028
0.027509	0.043797
0.105634	0.014761	0.094987	0.012766	0.099429	0.016595	0.095265	0.397964	0.095265	0.007073
0.019586	0.020939
0.031969	0.050326
0.091725	0.018519	0.089539	0.015071	0.075486	0.016746	0.089539	0.396023	0.095265	0.007297
0.025870	0.017029
0.020237	0.042192
0.090320	0.014847	0.088840	0.013662	0.093148	0.017341	0.089539	0.396131	0.087842	0.007281
0.021994	0.015285
0.019710	0.041517
0.098666	0.014567	0.092130	0.013635	0.091309	0.017175	0.098666	0.399297	0.094987	0.007015
0.024941	0.030795
0.017419	0.048606
0.079210	0.014953	0.087842	0.013766	0.085253	0.016649	0.094494	0.393945	0.094987	0.007264
0.030428	0.014587
0.031842	0.045282
0.091725	0.016469	0.087842	0.013668	0.087697	0.017213	0.086910	0.397644	0.084147	0.008502
0.027776	0.020160
0.013269	0.049272
0.084147	0.015976	0.088840	0.013221	0.084147	0.016298	0.092406	0.409146	0.088082	0.007255
0.025551	0.019609
0.028320	0.046697
0.094987	0.015436	0.088840	0.013458	0.090377	0.016615	0.096853	0.406258	0.086910	0.008545
0.030117	0.016537
0.023271	0.047245
0.087697	0.016251	0.089539	0.013852	0.086300	0.016542	0.084147	0.403942	0.091309	0.008012
0.028233	0.015625
0.026728	0.043995
0.075486	0.014834	0.083589	0.013227	0.090092	0.016851	0.088840	0.393386	0.088082	0.007621
0.024163	0.024110
0.032025	0.040950
0.091080	0.014156	0.084147	0.014912	0.088305	0.017979	0.089539	0.401499	0.086910	0.007905
0.019620	0.019552
0.028367	0.050643
0.086910	0.014965	0.086910	0.013383	0.089739	0.016231	0.087697	0.398953	0.091954	0.008772
0.029855	0.023458
0.027432	0.048834
0.082052	0.015406	0.097366	0.013187	0.087697	0.015947	0.087842	0.394683	0.084147	0.006899
0.022578	0.023702
0.019915	0.045268
0.084147	0.014428	0.092130	0.013556	0.089814	0.016640	0.088840	0.394629	0.084147	0.007829
0.037228	0.021734
0.020307	0.045832
0.094987	0.014800	0.090320	0.012863	0.084808	0.016321	0.089539	0.398032	0.086910	0.007589
0.016166	0.019198
0.036697	0.042132
0.092406	0.014319	0.094494	0.013359	0.099569	0.016479	0.086300	0.396723	0.086910	0.008072
0.029059	0.021671
0.017252	0.046077
0.092774	0.016154	0.095265	0.013661	0.093148	0.016732	0.084147	0.399644	0.094987	0.006956
0.020441	0.023557
0.019710	0.042776
0.088840	0.016312	0.088840	0.013881	0.086910	0.016446	0.086222	0.395692	0.091954	0.008244
0.015537	0.015598
0.031857	0.043394
0.079514	0.015199	0.094494	0.013311	0.094987	0.016882	0.088485	0.393963	0.083452	0.008187
0.028013	0.018509
0.034492	0.045751
0.097410	0.015542	0.086910	0.013448	0.091495	0.016641	0.092130	0.390491	0.083452	0.007995
0.050086	0.019073
0.025155	0.053951
0.105634	0.015299	0.089539	0.013353	0.094145	0.016656	0.092130	0.397660	0.102674	0.007232
0.028127	0.017783
0.031886	0.047641
0.099698	0.014842	0.095265	0.014012	0.090377	0.016977	0.088840	0.395686	0.086300	0.007277
0.032217	0.017560
0.019710	0.048736
0.085177	0.015848	0.086300	0.013793	0.093110	0.015781	0.096853	0.393081	0.094494	0.007476
0.030201	0.016116
0.025299	0.046906
0.091725	0.015486	0.086910	0.014049	0.091725	0.016672	0.086910	0.395479	0.088485	0.007569
0.030413	0.016059
0.019710	0.044793
0.091725	0.016284	0.086300	0.013320	0.087842	0.018003	0.091954	0.391268	0.091954	0.008724
0.022850	0.016689
0.034570	0.044120
0.083589	0.015632	0.095265	0.013512	0.094713	0.016885	0.090320	0.393812	0.094626	0.007679
0.028552	0.020385
0.023445	0.045500
0.086910	0.014737	0.089739	0.013786	0.089230	0.017557	0.102674	0.395808	0.084315	0.006790
0.032261	0.018282
0.025228	0.041292
0.089710	0.015034	0.086910	0.013413	0.087697	0.015863	0.075526	0.396629	0.084147	0.007748
0.026681	0.017526
0.022968	0.043428
0.085177	0.014202	0.092406	0.013368	0.094754	0.017096	0.088840	0.396323	0.091954	0.008857
0.016238	0.016858
0.018416	0.046487
0.095858	0.014502	0.087842	0.014028	0.094494	0.016698	0.087697	0.396358	0.083589	0.007654
0.020676	0.033663
0.023445	0.043569
0.084346	0.014976	0.086222	0.012939	0.093337	0.016362	0.089079	0.400713	0.085148	0.007207
0.036170	0.020832
0.016488	0.043488
0.090320	0.015045	0.092406	0.014211	0.089539	0.017050	0.091954	0.397940	0.089539	0.007894
0.021574	0.025781
0.013404	0.049981
0.095265	0.015685	0.088840	0.014056	0.094494	0.016294	0.081119	0.399251	0.080793	0.007017
0.032894	0.015838
0.034437	0.044924
0.089739	0.014095	0.088840	0.013305	0.099839	0.016764	0.090875	0.392968	0.088840	0.008024
0.018408	0.017544
0.031934	0.044002
0.091495	0.015078	0.095265	0.012879	0.084147	0.016459	0.087697	0.390810	0.086910	0.007690
0.034510	0.017641
0.025228	0.042152
0.093110	0.014493	0.081119	0.013351	0.084147	0.016135	0.066404	0.392074	0.090875	0.007345
0.035312	0.015783
0.025028	0.042381
0.087842	0.014788	0.088840	0.013459	0.091954	0.016379	0.096294	0.398345	0.089079	0.007374
0.029602	0.021153
0.045410	0.046558
0.091725	0.014740	0.094987	0.013686	0.099569	0.016301	0.091954	0.393802	0.086300	0.008390
0.023900	0.017349
0.026963	0.050452
0.084147	0.015835	0.086285	0.013506	0.092869	0.016928	0.087842	0.392436	0.095265	0.007324
0.028708	0.017977
0.031508	0.044419
0.092406	0.015497	0.088840	0.012794	0.097317	0.016961	0.089539	0.399342	0.094494	0.007597
0.030466	0.018547
0.034050	0.042143
0.088880	0.014754	0.084147	0.013162	0.104289	0.016597	0.088080	0.396384	0.084147	0.008524
0.016921	0.020856
0.027110	0.042401
0.094494	0.014936	0.088080	0.013796	0.094987	0.016534	0.084147	0.396749	0.089739	0.007453
0.030076	0.019153
0.010528	0.046397
0.092130	0.015657	0.088840	0.013342	0.090320	0.017750	0.098666	0.397051	0.091309	0.007575
0.032185	0.017828
0.027576	0.042580
0.098586	0.015202	0.087697	0.013848	0.087817	0.017673	0.088840	0.397661	0.097410	0.007422
0.027556	0.017134
0.018195	0.045053
0.093179	0.014545	0.091954	0.013361	0.090535	0.017021	0.086300	0.395340	0.091954	0.007840
0.035048	0.017761
0.016697	0.047756
0.090320	0.015435	0.089539	0.013194	0.091309	0.016587	0.092406	0.394861	0.086222	0.007713
0.019707	0.019420
0.022548	0.047185
0.086910	0.016034	0.087697	0.013893	0.095823	0.017337	0.087697	0.393661	0.091954	0.008174
0.034615	0.019628
0.021529	0.046832
delta = 1.100000, m = 30
0.087842	0.016440	0.086910	0.013456	0.088763	0.016906	0.086910	0.396798	0.094033	0.007698
0.027286	0.016027
0.011015	0.046291
0.085177	0.015836	0.087697	0.014086	0.089503	0.015976	0.102420	0.397454	0.086910	0.007511
0.029817	0.019126
0.023445	0.043251
0.086910	0.014667	0.086222	0.014216	0.090507	0.016554	0.094494	0.394104	0.092406	0.007221
0.014305	0.027494
0.019517	0.041673
0.091725	0.015367	0.089739	0.013742	0.091080	0.017557	0.090320	0.403633	0.086910	0.008018
0.025461	0.015764
0.025637	0.045159
0.086910	0.014711	0.094987	0.013069	0.090550	0.016784	0.094987	0.405422	0.093148	0.007620
0.027962	0.017794
0.024639	0.046303
0.091954	0.016627	0.086910	0.014285	0.087697	0.017489	0.082052	0.402437	0.094494	0.007867
0.032922	0.018797
0.029447	0.041951
0.075526	0.014535	0.092406	0.013413	0.084147	0.017117	0.080793	0.410473	0.089079	0.007616
0.018616	0.018546
0.029363	0.046313
0.088443	0.015881	0.086910	0.013213	0.088840	0.017653	0.092406	0.403558	0.093148	0.007809
0.028352	0.019347
0.016145	0.049378
0.090320	0.015110	0.092160	0.013653	0.083111	0.016160	