delta = 0.500000, m = 30
0.197807	0.018509	0.035057	0.014295	0.284077	0.018023	0.266704	0.401031	0.203432	0.008652
0.296189	0.017621
0.025906	0.055700
0.056808	0.016409	0.040337	0.014593	0.288596	0.017393	0.189532	0.397739	0.036732	0.008036
0.266388	0.022601
0.025906	0.059198
0.046486	0.015993	0.103080	0.014762	0.249657	0.018191	0.036732	0.389210	0.176660	0.007475
0.231095	0.017428
0.025906	0.054885
0.209036	0.016474	0.052276	0.014519	0.252226	0.015933	0.244277	0.392765	0.200678	0.008423
0.199289	0.019331
0.025906	0.058988
0.206653	0.016601	0.198070	0.014129	0.036732	0.017514	0.269258	0.394882	0.255011	0.008386
0.245402	0.020463
0.025906	0.059671
0.098753	0.016617	0.037765	0.014708	0.245584	0.017185	0.314097	0.398893	0.036732	0.007965
0.200865	0.021898
0.025906	0.052554
0.211084	0.016860	0.076301	0.014892	0.245584	0.018468	0.186831	0.395314	0.221939	0.007935
0.185942	0.017403
0.025906	0.055583
0.036732	0.016624	0.036732	0.014429	0.231084	0.015057	0.238604	0.388236	0.361140	0.008128
0.234918	0.018455
0.025906	0.059897
0.208442	0.016418	0.049474	0.014323	0.244826	0.017142	0.236017	0.391930	0.239452	0.007756
0.184253	0.019908
0.025906	0.062506
0.062489	0.016792	0.243566	0.014496	0.305954	0.015803	0.036732	0.396278	0.341842	0.007869
0.161375	0.017446
0.025906	0.050855
0.018015	0.016016	0.090818	0.014780	0.264744	0.016766	0.319247	0.388856	0.212358	0.008153
0.190531	0.017677
0.025906	0.051624
0.204299	0.016566	0.035057	0.014503	0.258309	0.017291	0.272246	0.391307	0.169073	0.008077
0.199905	0.019273
0.025906	0.060935
0.090818	0.016252	0.144605	0.015260	0.266559	0.019516	0.036732	0.394514	0.329091	0.007840
0.194353	0.017717
0.025906	0.051051
0.036732	0.016892	0.244826	0.014627	0.280748	0.016251	0.218631	0.392278	0.192259	0.008315
0.260078	0.020756
0.025906	0.061491
0.011829	0.016786	0.177463	0.014797	0.263493	0.017289	0.293265	0.392510	0.199439	0.008093
0.284110	0.017989
0.025906	0.060271
0.238038	0.016367	0.049937	0.014963	0.257700	0.015917	0.260645	0.391829	0.036732	0.008538
0.236124	0.016091
0.025906	0.057068
0.244826	0.016652	0.090818	0.014046	0.243994	0.017689	0.244092	0.391581	0.036732	0.008013
0.279960	0.024943
0.025906	0.059725
0.271847	0.016536	0.177463	0.015271	0.260645	0.017218	0.294316	0.391336	0.036732	0.008404
0.258305	0.023362
0.025906	0.053990
0.036732	0.016195	0.177463	0.014468	0.272545	0.016467	0.269917	0.386642	0.203432	0.007523
0.092414	0.016536
0.025906	0.063054
0.036732	0.016073	0.240792	0.014436	0.279348	0.017013	0.246419	0.393445	0.235306	0.007887
0.089259	0.020972
0.025906	0.064700
0.011381	0.016672	0.036732	0.014310	0.279668	0.017277	0.036732	0.414180	0.287371	0.007319
0.155191	0.018224
0.025906	0.064253
0.036732	0.017093	0.177463	0.014294	0.260645	0.017011	0.287114	0.396346	0.036732	0.008006
0.170408	0.018968
0.025906	0.064066
0.111341	0.016542	0.177463	0.015200	0.046707	0.016375	0.266704	0.393098	0.239765	0.008053
0.264417	0.018836
0.025906	0.060544
0.236343	0.016880	0.216479	0.014471	0.250818	0.016538	0.240792	0.393510	0.243994	0.008286
0.213665	0.019674
0.025906	0.066229
0.202850	0.016433	0.214144	0.014266	0.260672	0.015831	0.337983	0.396434	0.036732	0.007743
0.274351	0.015119
0.038742	0.070529
0.070135	0.016195	0.206508	0.014422	0.265581	0.016739	0.240792	0.400928	0.228058	0.008190
0.301868	0.015461
0.025906	0.051631
0.249179	0.016601	0.085787	0.014925	0.249462	0.018308	0.240785	0.398114	0.036732	0.007998
0.276080	0.017519
0.025906	0.055123
0.177463	0.016300	0.090818	0.014379	0.036732	0.022731	0.163109	0.394862	0.206294	0.008153
0.224252	0.018306
0.025906	0.065379
0.053670	0.017006	0.090818	0.014515	0.265581	0.016232	0.233289	0.397267	0.326235	0.008635
0.106759	0.017478
0.025906	0.053209
0.206694	0.016501	0.217303	0.014196	0.255420	0.017364	0.251084	0.397973	0.238038	0.008500
0.300483	0.018024
0.025906	0.059469
0.009790	0.016557	0.235306	0.014366	0.266550	0.017544	0.215052	0.396820	0.223793	0.007837
0.104891	0.018782
0.025906	0.070788
0.205819	0.016862	0.066901	0.014746	0.036732	0.018377	0.248303	0.397020	0.193146	0.007845
0.164526	0.021569
0.025906	0.055054
0.057714	0.016754	0.036732	0.014522	0.230798	0.015488	0.036732	0.395183	0.246718	0.007936
0.249905	0.022922
0.025906	0.057757
0.133180	0.017334	0.090818	0.014077	0.036732	0.016870	0.278631	0.398222	0.036732	0.007687
0.307593	0.021438
0.025906	0.061186
0.243566	0.016782	0.036732	0.014281	0.254196	0.016563	0.260396	0.391718	0.036732	0.007883
0.304935	0.018498
0.025906	0.063847
0.177463	0.017229	0.085787	0.014844	0.260645	0.017738	0.204863	0.394715	0.241289	0.007799
0.252193	0.019599
0.025906	0.060974
0.046486	0.016418	0.211581	0.014465	0.268695	0.016759	0.219297	0.393824	0.036732	0.007751
0.179659	0.020967
0.025906	0.055821
0.222877	0.016025	0.203996	0.014570	0.257817	0.017124	0.299521	0.389896	0.036732	0.007982
0.125757	0.014779
0.025906	0.058487
0.014296	0.016456	0.046486	0.014714	0.258770	0.016742	0.036732	0.390324	0.036732	0.008452
0.259841	0.018324
0.025906	0.051436
0.046486	0.016440	0.046486	0.014569	0.286958	0.016469	0.217855	0.394560	0.230255	0.008541
0.238348	0.020831
0.025906	0.057111
0.016953	0.017158	0.036732	0.015095	0.241289	0.017439	0.181505	0.387634	0.296875	0.007704
0.261979	0.017525
0.025906	0.059753
0.086312	0.017203	0.177463	0.014856	0.255011	0.017593	0.230255	0.393609	0.241289	0.007921
0.090150	0.018639
0.025906	0.062137
0.036732	0.016838	0.150920	0.015481	0.243994	0.017539	0.269258	0.392780	0.036732	0.007958
0.246435	0.018487
0.025906	0.050728
0.108090	0.016470	0.036732	0.014617	0.285885	0.017101	0.151400	0.390749	0.269539	0.008114
0.220684	0.019809
0.025906	0.065230
0.196715	0.016181	0.154010	0.014338	0.055673	0.018358	0.187397	0.393506	0.209632	0.007762
0.096543	0.021339
0.025906	0.055197
0.035057	0.016239	0.090818	0.014107	0.036732	0.017873	0.036732	0.395207	0.036732	0.008181
0.115863	0.019780
0.025906	0.054947
0.228048	0.016242	0.063007	0.013986	0.245584	0.017029	0.036732	0.397667	0.263203	0.007627
0.067007	0.017384
0.025906	0.074336
0.021786	0.017467	0.090818	0.014681	0.251776	0.016940	0.287114	0.396980	0.233391	0.008043
0.226870	0.016471
0.025906	0.060097
0.211581	0.016929	0.036732	0.014352	0.269258	0.016975	0.036732	0.397048	0.273045	0.009161
0.193230	0.019976
0.025906	0.060023
0.009915	0.016534	0.228058	0.014257	0.294691	0.017646	0.329091	0.395313	0.036732	0.007856
0.236324	0.020775
0.025906	0.057495
delta = 0.600000, m = 30
0.062101	0.017234	0.227376	0.014622	0.293265	0.016799	0.036732	0.394032	0.036732	0.007855
0.139320	0.017906
0.025906	0.060450
0.036732	0.016551	0.230168	0.015149	0.036732	0.016728	0.302690	0.401488	0.036732	0.007937
0.099207	0.021901
0.025906	0.050918
0.070268	0.016385	0.036732	0.014246	0.290176	0.017378	0.036732	0.397426	0.036732	0.007593
0.264957	0.017604
0.025906	0.055466
0.036732	0.016093	0.073827	0.013997	0.278631	0.016622	0.215600	0.400359	0.281065	0.007553
0.220520	0.019730
0.025906	0.061621
0.036732	0.016711	0.036732	0.014207	0.249968	0.017436	0.036732	0.396306	0.036732	0.007271
0.268222	0.020938
0.025906	0.056932
0.171292	0.016345	0.101653	0.014551	0.293265	0.017389	0.211936	0.402566	0.036732	0.007242
0.221510	0.018574
0.025906	0.051066
0.028838	0.016902	0.053670	0.015508	0.292781	0.017306	0.036732	0.400769	0.036732	0.007351
0.244001	0.020883
0.025906	0.061624
0.062101	0.016804	0.036732	0.014608	0.036732	0.017136	0.204513	0.403568	0.036732	0.007784
0.213607	0.018721
0.025906	0.058552
0.036732	0.016956	0.071748	0.014531	0.321841	0.017586	0.275114	0.401358	0.036732	0.007544
0.228642	0.017307
0.025906	0.064205
0.219234	0.016815	0.036732	0.014114	0.224195	0.016675	0.224195	0.400584	0.093044	0.008468
0.162786	0.019002
0.025906	0.053359
0.017315	0.016373	0.036732	0.014558	0.278763	0.016422	0.036732	0.399163	0.036732	0.007943
0.147741	0.022222
0.025906	0.055070
0.036105	0.017278	0.177463	0.015073	0.219539	0.016798	0.036732	0.400095	0.305509	0.008669
0.223557	0.018295
0.025906	0.057379
0.036732	0.016628	0.028838	0.014887	0.230681	0.016209	0.242595	0.397078	0.036732	0.008385
0.292658	0.019846
0.025906	0.059320
0.013589	0.017622	0.036732	0.014585	0.268502	0.017283	0.283048	0.400406	0.227419	0.007412
0.267625	0.019075
0.025906	0.055644
0.036732	0.016462	0.026623	0.015381	0.036732	0.016998	0.286413	0.403426	0.036732	0.007818
0.225738	0.017865
0.025906	0.060361
0.036732	0.016516	0.027745	0.014472	0.036732	0.017583	0.189455	0.403486	0.287114	0.007981
0.197116	0.018125
0.025906	0.059090
0.036732	0.016051	0.036732	0.014605	0.036732	0.017432	0.036732	0.399098	0.251979	0.007531
0.108966	0.019892
0.025906	0.058969
0.036732	0.015929	0.036732	0.014511	0.036732	0.017455	0.036732	0.400915	0.036732	0.007885
0.084024	0.024718
0.025906	0.058027
0.230485	0.016525	0.257764	0.014728	0.287114	0.016448	0.036732	0.399035	0.036732	0.008008
0.143618	0.018395
0.025906	0.058803
0.040567	0.016419	0.087051	0.015317	0.293615	0.018766	0.036732	0.401569	0.036732	0.007504
0.092627	0.017579
0.025906	0.058639
0.072843	0.016936	0.107495	0.014100	0.036732	0.017422	0.036732	0.398824	0.036732	0.007306
0.298124	0.018247
0.025906	0.055736
0.268695	0.016543	0.086184	0.014571	0.036732	0.017041	0.180473	0.403764	0.297201	0.008443
0.302628	0.020780
0.025906	0.057648
0.225339	0.016567	0.036732	0.014459	0.244120	0.017422	0.217845	0.402208	0.379185	0.007385
0.259632	0.017657
0.025906	0.061937
0.059844	0.015891	0.015098	0.015090	0.287114	0.017953	0.218030	0.400678	0.036732	0.007738
0.190258	0.019304
0.025906	0.068239
0.082900	0.016657	0.023283	0.014697	0.200979	0.016347	0.405188	0.401411	0.036732	0.008089
0.125574	0.021071
0.025906	0.060382
0.239181	0.017006	0.101625	0.014207	0.224195	0.017229	0.036732	0.402851	0.036732	0.008314
0.286315	0.018085
0.025906	0.047306
0.036732	0.017185	0.036732	0.014816	0.237326	0.015563	0.445196	0.403725	0.036732	0.008299
0.193901	0.017714
0.025906	0.055870
0.053670	0.017087	0.259412	0.014524	0.216539	0.017639	0.230251	0.401401	0.036732	0.007642
0.229576	0.020925
0.025906	0.057905
0.036732	0.016732	0.053670	0.015857	0.287114	0.018585	0.036732	0.401567	0.036732	0.007925
0.202431	0.020540
0.025906	0.061090
0.238682	0.016746	0.019555	0.014634	0.221695	0.017448	0.036732	0.403244	0.036732	0.007633
0.217627	0.019860
0.025906	0.071259
0.135008	0.016360	0.032977	0.014910	0.036732	0.017598	0.036732	0.402098	0.036732	0.008209
0.254865	0.017708
0.025906	0.064925
0.036732	0.016633	0.036732	0.014058	0.261082	0.016787	0.036732	0.406254	0.036732	0.008895
0.161023	0.018692
0.025906	0.051425
0.010180	0.016646	0.011146	0.014995	0.036732	0.016728	0.036732	0.402108	0.276489	0.007884
0.089100	0.016988
0.025906	0.062641
0.171071	0.016745	0.203432	0.014960	0.036732	0.017299	0.209138	0.407877	0.036732	0.007744
0.291999	0.016375
0.025906	0.056273
0.036732	0.016593	0.093314	0.014435	0.293265	0.016513	0.201491	0.399873	0.275575	0.008681
0.299633	0.019207
0.038742	0.058245
0.263604	0.016700	0.036732	0.014694	0.036732	0.016400	0.275575	0.404955	0.299521	0.007678
0.192696	0.023647
0.025906	0.058825
0.240513	0.016842	0.036732	0.014070	0.245542	0.017889	0.036732	0.402759	0.245106	0.007959
0.300401	0.018368
0.025906	0.062735
0.036732	0.016383	0.036732	0.014284	0.287114	0.016609	0.272246	0.402969	0.245584	0.007507
0.254196	0.016243
0.025906	0.055338
0.208442	0.016238	0.019555	0.014398	0.256354	0.016846	0.242595	0.398394	0.036732	0.008305
0.269533	0.017521
0.025906	0.057833
0.209138	0.016866	0.112173	0.014485	0.036732	0.017271	0.036732	0.406974	0.198428	0.008354
0.202240	0.019640
0.025906	0.050661
0.269539	0.016402	0.036732	0.014933	0.223360	0.016893	0.036732	0.401592	0.265453	0.008487
0.177772	0.020694
0.025906	0.051346
0.220125	0.016850	0.037963	0.014964	0.036732	0.018187	0.036732	0.394395	0.036732	0.007924
0.170541	0.017863
0.025906	0.056962
0.069360	0.016555	0.159307	0.014367	0.287114	0.016271	0.318311	0.402032	0.036732	0.007988
0.229526	0.016631
0.025906	0.047686
0.036732	0.016291	0.013572	0.015307	0.036732	0.017335	0.036732	0.402839	0.272246	0.007282
0.246005	0.022116
0.025906	0.056959
0.013943	0.015992	0.083240	0.014297	0.036732	0.017047	0.036732	0.402267	0.036732	0.008144
0.081434	0.020561
0.025906	0.055069
0.139399	0.016492	0.036732	0.014698	0.244509	0.016882	0.036732	0.399109	0.300986	0.007785
0.197964	0.018851
0.025906	0.064322
0.039596	0.016842	0.214915	0.014534	0.036732	0.017984	0.036732	0.399994	0.036732	0.008119
0.240524	0.018139
0.025906	0.063152
0.266713	0.017129	0.036732	0.014588	0.254196	0.017773	0.036732	0.396889	0.036732	0.008008
0.263093	0.017813
0.025906	0.055612
0.111775	0.016398	0.036732	0.014769	0.252786	0.016795	0.036732	0.401734	0.036732	0.007883
0.189944	0.018468
0.025906	0.059756
0.106231	0.016755	0.036732	0.014905	0.036732	0.017260	0.223793	0.402389	0.193626	0.008376
0.242631	0.022864
0.025906	0.069187
delta = 0.700000, m = 30
0.016786	0.016494	0.102292	0.015019	0.036732	0.017294	0.036732	0.407307	0.189336	0.007599
0.228369	0.019700
0.025906	0.055987
0.036732	0.016639	0.036732	0.015321	0.036732	0.018114	0.036732	0.406395	0.036732	0.007704
0.211904	0.019191
0.025906	0.050033
0.036732	0.016601	0.022775	0.013807	0.036732	0.016906	0.036732	0.407889	0.248560	0.007945
0.295616	0.017369
0.025906	0.058627
0.036732	0.017343	0.036732	0.014977	0.036732	0.017657	0.036732	0.404071	0.036732	0.007736
0.234986	0.017542
0.025906	0.057296
0.036732	0.016553	0.036732	0.015034	0.036732	0.017217	0.036732	0.405298	0.364338	0.008743
0.108180	0.018050
0.025906	0.064145
0.047731	0.017234	0.036732	0.014747	0.036732	0.017357	0.036732	0.403253	0.036732	0.008606
0.264989	0.018534
0.025906	0.060249
0.036732	0.016531	0.036732	0.015151	0.364904	0.020220	0.036732	0.405504	0.036732	0.008481
0.310671	0.018314
0.025906	0.060878
0.036732	0.017732	0.233480	0.014799	0.036732	0.016524	0.036732	0.402883	0.036732	0.008093
0.224337	0.022140
0.025906	0.054293
0.036732	0.015969	0.036732	0.014137	0.365572	0.018089	0.036732	0.409790	0.036732	0.008016
0.201654	0.024215
0.025906	0.064373
0.036732	0.016825	0.036732	0.014111	0.374997	0.018124	0.036732	0.404949	0.036732	0.007847
0.239177	0.018688
0.025906	0.056817
0.222751	0.016978	0.036732	0.014916	0.036732	0.015812	0.036732	0.403769	0.294086	0.009214
0.254973	0.018933
0.025906	0.060124
0.182564	0.015973	0.036732	0.014319	0.230415	0.016649	0.036732	0.404573	0.102284	0.008103
0.265305	0.018981
0.025906	0.053446
0.036732	0.016492	0.036732	0.014605	0.036732	0.017291	0.036732	0.406546	0.075849	0.008355
0.216065	0.015934
0.025906	0.056719
0.245106	0.017133	0.036732	0.014972	0.036732	0.017075	0.256992	0.406924	0.054598	0.009437
0.212838	0.022499
0.025906	0.051047
0.036732	0.016302	0.036732	0.014385	0.036732	0.016916	0.036732	0.409248	0.030054	0.009379
0.270041	0.022167
0.025906	0.051004
0.058235	0.016674	0.005296	0.014599	0.036732	0.017483	0.036732	0.404855	0.122697	0.008192
0.293864	0.019606
0.025906	0.056173
0.008714	0.017426	0.036732	0.015312	0.036732	0.017519	0.186440	0.407062	0.260396	0.007401
0.259584	0.017614
0.025906	0.056583
0.036732	0.017018	0.014783	0.014122	0.036732	0.017505	0.036732	0.403573	0.255026	0.007827
0.109775	0.017955
0.025906	0.060183
0.013998	0.016338	0.168367	0.014382	0.036732	0.017150	0.036732	0.401624	0.036732	0.007717
0.233486	0.021194
0.025906	0.052577
0.036732	0.016490	0.029998	0.014868	0.036732	0.017480	0.190695	0.400686	0.036732	0.008167
0.209749	0.018409
0.025906	0.056672
0.036732	0.016381	0.036732	0.014664	0.103814	0.017985	0.036732	0.403124	0.285865	0.007652
0.259319	0.018544
0.025906	0.058103
0.036732	0.016333	0.036732	0.014122	0.382903	0.018212	0.213484	0.401143	0.036732	0.007618
0.251526	0.018826
0.025906	0.053525
0.039881	0.015871	0.036732	0.014729	0.036732	0.017083	0.237450	0.409237	0.036732	0.008010
0.053132	0.018891
0.025906	0.064940
0.168367	0.016358	0.133085	0.014210	0.036732	0.017567	0.242595	0.405403	0.325323	0.008252
0.160341	0.020789
0.025906	0.061963
0.007391	0.017021	0.036732	0.015017	0.036732	0.017911	0.194357	0.407618	0.036732	0.007919
0.208556	0.018829
0.025906	0.057933
0.036732	0.016441	0.021552	0.014715	0.036732	0.016875	0.036732	0.402101	0.294498	0.009153
0.149516	0.015593
0.025906	0.060015
0.026774	0.015979	0.214915	0.014692	0.036732	0.017794	0.036732	0.430774	0.036732	0.008830
0.237091	0.024782
0.025906	0.057398
0.218631	0.018379	0.013683	0.015714	0.239730	0.016419	0.202621	0.429039	0.036732	0.008432
0.249074	0.019446
0.025906	0.057639
0.036732	0.017461	0.036732	0.015100	0.036732	0.017593	0.210462	0.404237	0.036732	0.007843
0.297349	0.019230
0.025906	0.060706
0.018269	0.016280	0.099208	0.014800	0.036732	0.017423	0.036732	0.406773	0.036732	0.008474
0.233437	0.019108
0.025906	0.061620
0.036732	0.016437	0.015098	0.015181	0.374997	0.018841	0.036732	0.406380	0.308260	0.008323
0.219793	0.022516
0.025906	0.054855
0.009056	0.016771	0.036732	0.014337	0.036732	0.017300	0.036732	0.409715	0.284750	0.008700
0.294605	0.018044
0.025906	0.051504
0.036732	0.017252	0.036732	0.014265	0.383254	0.017781	0.036732	0.406570	0.036732	0.008284
0.193657	0.021971
0.025906	0.064645
0.036732	0.016850	0.036732	0.014598	0.036732	0.016978	0.036732	0.406278	0.036732	0.008009
0.229435	0.016189
0.025906	0.061817
0.015324	0.016467	0.019180	0.014205	0.036732	0.016185	0.036732	0.406795	0.036732	0.008250
0.244432	0.019704
0.025906	0.058806
0.028081	0.016872	0.036732	0.014483	0.036732	0.017840	0.262263	0.404586	0.321553	0.008227
0.248107	0.015611
0.025906	0.050896
0.036732	0.017446	0.036732	0.014925	0.036732	0.017944	0.036732	0.403542	0.184622	0.007531
0.255935	0.019322
0.025906	0.058858
0.248108	0.016106	0.038233	0.014349	0.229861	0.017472	0.209777	0.402265	0.036732	0.008302
0.294271	0.019826
0.025906	0.053289
0.036732	0.016253	0.036732	0.014622	0.377713	0.018123	0.036732	0.406741	0.036732	0.008307
0.263128	0.019404
0.025906	0.059116
0.271757	0.016883	0.014993	0.015093	0.045909	0.018915	0.036732	0.408957	0.036732	0.008036
0.254193	0.018822
0.025906	0.054081
0.045056	0.016601	0.019848	0.014532	0.046707	0.017949	0.036732	0.401641	0.036732	0.008302
0.216293	0.016746
0.025906	0.057842
0.013572	0.017466	0.027292	0.014359	0.046707	0.017729	0.036732	0.405273	0.036732	0.007657
0.320228	0.017404
0.025906	0.054327
0.188426	0.016678	0.135437	0.015053	0.227920	0.017034	0.036732	0.406055	0.122178	0.008671
0.120673	0.019085
0.025906	0.060220
0.221019	0.016602	0.036732	0.015158	0.036732	0.016177	0.036732	0.397669	0.036732	0.007286
0.313541	0.017707
0.025906	0.057166
0.004694	0.016585	0.036732	0.014339	0.202300	0.018143	0.036732	0.403030	0.036732	0.007697
0.263323	0.022591
0.025906	0.057771
0.036732	0.017059	0.036732	0.014410	0.338798	0.018299	0.036732	0.404725	0.210462	0.007918
0.261189	0.019578
0.025906	0.071983
0.138347	0.017158	0.036732	0.015112	0.036732	0.018973	0.036732	0.409944	0.338967	0.008848
0.196358	0.016528
0.025906	0.062084
0.036732	0.016759	0.019555	0.014703	0.036732	0.016622	0.036732	0.401779	0.036732	0.007793
0.208460	0.015825
0.025906	0.064525
0.036732	0.016293	0.036732	0.014580	0.036732	0.018085	0.036732	0.403358	0.230681	0.007859
0.225285	0.017429
0.025906	0.050900
0.184622	0.016756	0.057122	0.013942	0.036732	0.018102	0.184622	0.399858	0.233982	0.007871
0.208400	0.018333
0.025906	0.057697
delta = 0.800000, m = 30
0.036732	0.017673	0.036732	0.015176	0.353202	0.018532	0.036732	0.411672	0.088817	0.008994
0.144210	0.017146
0.025906	0.071873
0.231084	0.017690	0.036732	0.014423	0.036732	0.015949	0.036732	0.406866	0.353566	0.007750
0.263082	0.022862
0.025906	0.066223
0.036732	0.016547	0.036732	0.014423	0.131795	0.018647	0.036732	0.408758	0.263230	0.008696
0.252003	0.017700
0.025906	0.056231
0.229861	0.016750	0.036732	0.015357	0.036732	0.016643	0.036732	0.412458	0.042779	0.010414
0.312231	0.019334
0.025906	0.063248
0.036732	0.016781	0.036732	0.014860	0.358683	0.018013	0.244092	0.408588	0.036732	0.007784
0.108153	0.015909
0.025906	0.061758
0.241989	0.016281	0.036732	0.014398	0.115695	0.019455	0.036732	0.411040	0.305808	0.008868
0.233936	0.020067
0.025906	0.061598
0.036732	0.017178	0.036732	0.014762	0.036732	0.016679	0.036732	0.409434	0.036732	0.007620
0.286238	0.017772
0.025906	0.060860
0.036732	0.016925	0.036732	0.014252	0.036732	0.018371	0.036732	0.414069	0.369218	0.008317
0.239504	0.018431
0.025906	0.054370
0.036732	0.017229	0.036732	0.014926	0.036732	0.017274	0.036732	0.408087	0.036732	0.007977
0.224503	0.016301
0.025906	0.060245
0.036732	0.016478	0.036732	0.014682	0.036732	0.016884	0.036732	0.408184	0.036732	0.007986
0.276252	0.018795
0.025906	0.059712
0.036732	0.017706	0.036732	0.015312	0.036732	0.018372	0.036732	0.413019	0.036732	0.008192
0.128642	0.015355
0.025906	0.053163
0.036732	0.017447	0.036732	0.014498	0.036732	0.017197	0.036732	0.411456	0.036732	0.008071
0.291505	0.018863
0.025906	0.054393
0.036732	0.016851	0.036732	0.014881	0.036732	0.017738	0.036732	0.408199	0.036732	0.008030
0.177561	0.019357
0.025906	0.056182
0.036732	0.016909	0.036732	0.014907	0.036732	0.018343	0.036732	0.409881	0.025900	0.010604
0.290743	0.021315
0.025906	0.053286
0.036732	0.016627	0.036732	0.014116	0.343563	0.018562	0.036732	0.409583	0.036732	0.007893
0.214836	0.018410
0.025906	0.059090
0.205596	0.017268	0.036732	0.015034	0.157254	0.017908	0.036732	0.405652	0.036732	0.008296
0.250207	0.017621
0.025906	0.068626
0.036732	0.016130	0.036732	0.014659	0.245621	0.017007	0.036732	0.409572	0.020348	0.010927
0.206138	0.017588
0.025906	0.066632
0.036732	0.016509	0.011066	0.014966	0.036732	0.017282	0.232330	0.412374	0.123983	0.010112
0.317997	0.018209
0.025906	0.052701
0.036732	0.017046	0.020054	0.015198	0.330105	0.017639	0.036732	0.406446	0.289816	0.008243
0.154149	0.017546
0.025906	0.057347
0.036732	0.016896	0.011313	0.014689	0.036732	0.017042	0.036732	0.411037	0.041391	0.009508
0.263125	0.018434
0.025906	0.051027
0.036732	0.016684	0.036732	0.014815	0.144335	0.017025	0.036732	0.404418	0.036732	0.007823
0.318454	0.020217
0.025906	0.059169
0.036732	0.016943	0.036732	0.014763	0.374219	0.018768	0.036732	0.407210	0.095468	0.008478
0.269569	0.016764
0.025906	0.059076
0.036732	0.016740	0.036732	0.014765	0.036732	0.017170	0.036732	0.404119	0.043303	0.009643
0.267492	0.018133
0.025906	0.052360
0.036732	0.016743	0.036732	0.014783	0.036732	0.017533	0.036732	0.407272	0.036732	0.007625
0.207247	0.018479
0.025906	0.056348
0.036732	0.016313	0.097426	0.014087	0.036732	0.017889	0.036732	0.407963	0.036732	0.007784
0.249628	0.018363
0.025906	0.055419
0.036732	0.016523	0.036732	0.014567	0.215868	0.016976	0.036732	0.409271	0.036732	0.007827
0.174908	0.018239
0.025906	0.061599
0.036732	0.016364	0.036732	0.014895	0.036732	0.017440	0.036732	0.410548	0.036732	0.007909
0.298696	0.018741
0.025906	0.058695
0.036732	0.016652	0.036732	0.014798	0.264691	0.016476	0.036732	0.403744	0.036732	0.008107
0.207877	0.019215
0.025906	0.060392
0.036732	0.016607	0.036732	0.014785	0.036732	0.019013	0.036732	0.410597	0.036732	0.007608
0.316869	0.020154
0.025906	0.069440
0.014901	0.016865	0.036732	0.014375	0.370236	0.019225	0.036732	0.412502	0.036732	0.007934
0.201007	0.018374
0.025906	0.061221
0.036732	0.017101	0.036732	0.014460	0.243176	0.018224	0.036732	0.409698	0.036732	0.007630
0.192667	0.020769
0.025906	0.054641
0.036732	0.017368	0.036732	0.014941	0.036732	0.017790	0.036732	0.408060	0.194431	0.008015
0.109497	0.016771
0.025906	0.058396
0.005395	0.017249	0.036732	0.014497	0.252106	0.015530	0.036732	0.406751	0.248820	0.007808
0.261443	0.017579
0.025906	0.062817
0.005358	0.017111	0.036732	0.015011	0.036732	0.016605	0.036732	0.409950	0.144424	0.007801
0.255806	0.019339
0.025906	0.057783
0.036732	0.016334	0.036732	0.014418	0.311810	0.017872	0.036732	0.410772	0.340159	0.008600
0.282968	0.022883
0.025906	0.070891
0.150086	0.016818	0.036732	0.014761	0.317632	0.017428	0.036732	0.406865	0.335077	0.008725
0.210058	0.018110
0.025906	0.055881
0.036732	0.016829	0.036732	0.014784	0.036732	0.018132	0.036732	0.412041	0.034575	0.009982
0.241186	0.019516
0.025906	0.059854
0.036732	0.016670	0.036732	0.014783	0.135926	0.019115	0.036732	0.406988	0.281050	0.008915
0.104421	0.018649
0.025906	0.072122
0.036732	0.016872	0.036732	0.014523	0.131871	0.018790	0.036732	0.407140	0.036732	0.008656
0.263451	0.018198
0.025906	0.054857
0.036732	0.015886	0.036732	0.015015	0.036732	0.017732	0.036732	0.410401	0.036732	0.008487
0.150973	0.019220
0.025906	0.052230
0.036732	0.017223	0.036732	0.015259	0.036732	0.016382	0.036732	0.408225	0.036732	0.007761
0.284000	0.016651
0.025906	0.063147
0.036732	0.016755	0.036732	0.015434	0.036732	0.016920	0.036732	0.408812	0.036732	0.008351
0.110836	0.023634
0.025906	0.060859
0.036732	0.016674	0.036732	0.014738	0.332135	0.018590	0.036732	0.415983	0.036732	0.008425
0.213814	0.021137
0.025906	0.060250
0.036732	0.016986	0.036732	0.014603	0.363908	0.017209	0.036732	0.403514	0.036732	0.008672
0.089968	0.017638
0.025906	0.056661
0.036732	0.016801	0.018401	0.014884	0.036732	0.017826	0.036732	0.405281	0.036732	0.007720
0.104658	0.019053
0.025906	0.060772
0.036732	0.016812	0.036732	0.014612	0.036732	0.016973	0.036732	0.408795	0.036732	0.007745
0.260399	0.017034
0.025906	0.062469
0.036732	0.016803	0.036732	0.014882	0.036732	0.017012	0.036732	0.404357	0.334731	0.008354
0.255174	0.021276
0.025906	0.057096
0.036732	0.016855	0.036732	0.014027	0.036732	0.017460	0.036732	0.406685	0.036732	0.007728
0.237587	0.017987
0.025906	0.056534
0.036732	0.016592	0.213484	0.014552	0.036732	0.017058	0.265394	0.409421	0.232959	0.007642
0.233574	0.020358
0.025906	0.061615
0.036732	0.016598	0.036732	0.014861	0.036732	0.016498	0.036732	0.415960	0.067788	0.009758
0.122273	0.019236
0.025906	0.061853
delta = 0.900000, m = 30
0.036732	0.016988	0.036732	0.014364	0.250899	0.017767	0.276399	0.411588	0.293865	0.008754
0.288175	0.022462
0.025906	0.058196
0.036732	0.016734	0.036732	0.015256	0.101033	0.018046	0.226783	0.409911	0.213417	0.008674
0.253049	0.017326
0.025906	0.054044
0.036732	0.016940	0.010072	0.014914	0.036732	0.017681	0.036732	0.408658	0.036732	0.007721
0.285180	0.017723
0.025906	0.054209
0.036732	0.017274	0.180852	0.015529	0.036732	0.016886	0.036732	0.407752	0.269040	0.008885
0.098883	0.016133
0.025906	0.053817
0.036732	0.017065	0.192543	0.014233	0.317907	0.019448	0.118583	0.412134	0.113688	0.009734
0.279443	0.019763
0.025906	0.061062
0.036732	0.017239	0.036732	0.014986	0.036732	0.017048	0.036732	0.412917	0.181774	0.008063
0.290942	0.018475
0.025906	0.065939
0.036732	0.016785	0.036732	0.014449	0.274309	0.017054	0.162067	0.412938	0.265122	0.008399
0.211331	0.018769
0.025906	0.057050
0.036732	0.016994	0.036732	0.014966	0.036732	0.016778	0.036732	0.410570	0.250197	0.008519
0.303112	0.016666
0.025906	0.061564
0.036732	0.016852	0.090295	0.014558	0.265429	0.018736	0.036732	0.407896	0.197428	0.009098
0.249113	0.020211
0.025906	0.057186
0.036732	0.017361	0.106759	0.015010	0.292084	0.018833	0.036732	0.411929	0.241373	0.009015
0.261536	0.018622
0.025906	0.054960
0.036732	0.017623	0.193801	0.015175	0.036732	0.017602	0.036732	0.413931	0.132020	0.009208
0.282354	0.016601
0.025906	0.053842
0.036732	0.017120	0.036732	0.014562	0.126930	0.018385	0.036732	0.414315	0.182703	0.009336
0.312760	0.017697
0.025906	0.069796
0.036732	0.017893	0.036732	0.014725	0.109270	0.018074	0.036732	0.413376	0.291459	0.007836
0.193342	0.016938
0.025906	0.056076
0.036732	0.017278	0.036732	0.014736	0.320125	0.018731	0.036732	0.411122	0.203302	0.008915
0.127479	0.017796
0.025906	0.058384
0.036732	0.017507	0.036732	0.014881	0.036732	0.018172	0.036732	0.409657	0.036732	0.008283
0.295859	0.018655
0.025906	0.054359
0.036732	0.017176	0.036732	0.014465	0.036732	0.017543	0.237144	0.408229	0.291273	0.008383
0.161016	0.016902
0.025906	0.062609
0.036732	0.016384	0.036732	0.014905	0.115695	0.018138	0.036732	0.412033	0.326516	0.008911
0.297349	0.016414
0.025906	0.056773
0.036732	0.016936	0.036732	0.014707	0.036732	0.016792	0.291684	0.411829	0.151336	0.008260
0.104195	0.019288
0.025906	0.057454
0.036732	0.016280	0.036732	0.014712	0.036732	0.016546	0.036732	0.411645	0.062566	0.008913
0.180082	0.022729
0.025906	0.055352
0.087000	0.017063	0.066028	0.015551	0.036732	0.016784	0.036732	0.412963	0.074315	0.009798
0.258344	0.020012
0.025906	0.053868
0.189912	0.017053	0.036732	0.014736	0.257438	0.017752	0.036732	0.408865	0.036732	0.007879
0.082357	0.017208
0.025906	0.064480
0.036732	0.016377	0.066239	0.014514	0.036732	0.017157	0.036732	0.408448	0.042156	0.010764
0.336106	0.020935
0.132786	0.054055
0.036732	0.016097	0.036732	0.015243	0.026508	0.018621	0.036732	0.410389	0.332069	0.008275
0.212534	0.017380
0.025906	0.061243
0.036732	0.017053	0.036732	0.014616	0.036732	0.016771	0.222952	0.407036	0.036732	0.007965
0.246887	0.022599
0.025906	0.059284
0.036732	0.016674	0.036732	0.014419	0.322599	0.018496	0.036732	0.409284	0.236134	0.008286
0.236709	0.018974
0.025906	0.054813
0.036732	0.016658	0.193801	0.015033	0.269878	0.018039	0.259675	0.407876	0.155772	0.008884
0.168712	0.018136
0.025906	0.058262
0.036732	0.017007	0.063888	0.014847	0.036732	0.016556	0.219981	0.404024	0.007308	0.007783
0.273503	0.018711
0.025906	0.052733
0.036732	0.017000	0.070847	0.014876	0.265268	0.017898	0.036732	0.411346	0.267387	0.008981
0.111128	0.017777
0.025906	0.055645
0.036732	0.015973	0.052015	0.015449	0.036732	0.016165	0.109730	0.406175	0.203295	0.008569
0.248908	0.018226
0.025906	0.059373
0.036732	0.016752	0.036732	0.015180	0.036732	0.017000	0.036732	0.408391	0.244437	0.007313
0.150642	0.024188
0.025906	0.051133
0.053779	0.016638	0.036732	0.014702	0.113688	0.018762	0.036732	0.410346	0.036732	0.007734
0.244457	0.019510
0.025906	0.060407
0.036732	0.016462	0.036732	0.015353	0.036732	0.017244	0.036732	0.410864	0.246430	0.008975
0.251436	0.016412
0.025906	0.055559
0.036732	0.016720	0.036732	0.014778	0.306354	0.018643	0.305638	0.406716	0.225804	0.008916
0.225432	0.020131
0.025906	0.058553
0.036732	0.016855	0.036732	0.014917	0.036732	0.017837	0.239452	0.411535	0.074342	0.010134
0.271145	0.016649
0.025906	0.055383
0.036732	0.017020	0.220492	0.015092	0.344778	0.018240	0.036732	0.405419	0.262667	0.008607
0.219894	0.021989
0.025906	0.052894
0.036732	0.017082	0.036732	0.014721	0.036732	0.017848	0.036732	0.411073	0.105309	0.007609
0.199473	0.020004
0.025906	0.058271
0.036732	0.016946	0.036732	0.015059	0.036732	0.016798	0.095455	0.402376	0.214662	0.008663
0.271852	0.021146
0.025906	0.053183
0.036732	0.017414	0.036732	0.014730	0.281731	0.016935	0.036732	0.409536	0.036732	0.007614
0.189730	0.019410
0.025906	0.061786
0.036732	0.016708	0.036732	0.015248	0.036732	0.015822	0.036732	0.411362	0.036732	0.008472
0.276955	0.020812
0.025906	0.057275
0.036732	0.016965	0.036732	0.015531	0.241989	0.016924	0.036732	0.409761	0.036732	0.008095
0.272641	0.020728
0.025906	0.058080
0.036732	0.016794	0.036732	0.014207	0.292802	0.017784	0.286260	0.412338	0.036732	0.007558
0.297418	0.019113
0.025906	0.054061
0.036732	0.016735	0.036732	0.015115	0.270024	0.017387	0.260098	0.414517	0.208792	0.008919
0.198244	0.019480
0.025906	0.052780
0.036732	0.017643	0.036732	0.015004	0.274483	0.018594	0.036732	0.406897	0.157323	0.008381
0.242947	0.016990
0.025906	0.055393
0.036732	0.017095	0.036732	0.014468	0.115695	0.018531	0.036732	0.412663	0.196590	0.008010
0.180876	0.018885
0.025906	0.054240
0.036732	0.016799	0.036732	0.014964	0.036732	0.017057	0.036732	0.404278	0.036732	0.008164
0.284851	0.020976
0.025906	0.057696
0.036732	0.017039	0.036732	0.014696	0.036732	0.018876	0.036732	0.407698	0.201713	0.008622
0.314968	0.016194
0.025906	0.055854
0.036732	0.016750	0.036732	0.015092	0.036732	0.017368	0.036732	0.408158	0.270363	0.007830
0.170283	0.023694
0.025906	0.053178
0.036732	0.017522	0.036732	0.014956	0.115695	0.018974	0.179528	0.406279	0.281751	0.008216
0.285607	0.017027
0.049221	0.054780
0.205854	0.017079	0.066667	0.015072	0.280973	0.017058	0.036732	0.405545	0.249039	0.008363
0.197899	0.020132
0.025906	0.066347
0.036732	0.017110	0.036732	0.015306	0.296423	0.018563	0.036732	0.407016	0.036732	0.007895
0.314732	0.021837
0.025906	0.058741
0.025906	0.061549
