delta = 0.800000, m = 4
0.693204	0.005192	0.693204	0.003181	0.708370	0.006254	0.593042	0.026428	0.655611	0.003506
0.696535	0.021947
0.594704	0.023252
0.705524	0.003256	0.661589	0.003658	0.634652	0.004925	0.617775	0.024850	0.647537	0.003093
0.664742	0.020124
0.594704	0.028501
0.582882	0.004110	0.618607	0.004060	0.708370	0.005897	0.674680	0.029807	0.573827	0.003846
0.682141	0.017254
0.594704	0.028174
0.663609	0.003478	0.580920	0.003647	0.693624	0.004350	0.713793	0.025937	0.401507	0.004328
0.645903	0.024035
0.594704	0.028241
0.598140	0.004650	0.682141	0.003222	0.693204	0.004935	0.701014	0.025175	0.612307	0.003131
0.669189	0.023190
0.594704	0.029251
0.635278	0.003717	0.630285	0.003042	0.696214	0.004804	0.670886	0.025480	0.636432	0.002941
0.680306	0.015900
0.594704	0.027329
0.459403	0.003850	0.682581	0.004053	0.680366	0.004682	0.693624	0.025274	0.669222	0.003221
0.669189	0.017791
0.594704	0.028483
0.656947	0.003418	0.633381	0.003033	0.693624	0.004474	0.647696	0.026874	0.641060	0.002978
0.683323	0.018599
0.594704	0.030362
0.696667	0.003675	0.693204	0.003474	0.693624	0.005000	0.663832	0.026483	0.685547	0.002764
0.664742	0.023043
0.594704	0.029820
0.642637	0.003250	0.638917	0.004015	0.693624	0.005105	0.632461	0.025445	0.626638	0.003063
0.664742	0.017627
0.594704	0.029660
0.662362	0.004688	0.632461	0.003520	0.682580	0.004454	0.705524	0.025846	0.701711	0.003018
0.681974	0.018546
0.594704	0.026036
0.682141	0.003635	0.616325	0.003634	0.708370	0.005036	0.672377	0.027523	0.671944	0.003012
0.682141	0.019424
0.594704	0.027315
0.630384	0.004923	0.693204	0.004043	0.652410	0.004697	0.644683	0.025607	0.468288	0.003563
0.669189	0.020231
0.594704	0.030408
0.399215	0.003945	0.630285	0.004393	0.693204	0.005075	0.708370	0.026410	0.683955	0.003341
0.669189	0.022010
0.594704	0.027012
0.566526	0.003960	0.670005	0.005481	0.705524	0.004747	0.638466	0.025685	0.642896	0.003309
0.677575	0.025680
0.594704	0.026653
0.600354	0.003704	0.638831	0.003673	0.643989	0.005255	0.658581	0.025802	0.639380	0.003199
0.682141	0.021003
0.594704	0.023287
0.418687	0.004149	0.628787	0.003859	0.682580	0.004813	0.610893	0.025607	0.562043	0.003195
0.662101	0.018414
0.594704	0.028040
0.630863	0.004413	0.705524	0.003387	0.696214	0.004532	0.632461	0.025288	0.574428	0.003493
0.669189	0.024725
0.594704	0.031463
0.659917	0.003617	0.656947	0.003613	0.705524	0.004719	0.696214	0.025457	0.605215	0.003253
0.648051	0.022628
0.594704	0.028559
0.603339	0.004227	0.643962	0.003587	0.708370	0.004669	0.693204	0.026529	0.693204	0.002965
0.658983	0.023657
0.594704	0.030409
0.603339	0.004346	0.632461	0.003741	0.682580	0.004264	0.665781	0.026615	0.693204	0.003197
0.669189	0.021528
0.594704	0.031389
0.647718	0.003994	0.614029	0.003427	0.693204	0.004487	0.659606	0.025852	0.690781	0.003304
0.669189	0.019618
0.594704	0.028572
0.552978	0.003839	0.603215	0.003500	0.693624	0.004717	0.675767	0.026612	0.609107	0.003550
0.664742	0.019036
0.594704	0.032301
0.459286	0.005083	0.685800	0.003654	0.696214	0.004420	0.690558	0.025596	0.566526	0.003250
0.669189	0.020367
0.594704	0.027422
0.608446	0.003572	0.679560	0.003406	0.693624	0.004645	0.690465	0.025934	0.709077	0.002812
0.669189	0.022249
0.594704	0.027315
0.496718	0.004397	0.618356	0.005553	0.693624	0.005140	0.500350	0.025720	0.592728	0.003732
0.677144	0.018984
0.594704	0.028790
0.604430	0.004505	0.604197	0.003557	0.644310	0.004866	0.642622	0.025705	0.394934	0.004677
0.658740	0.014832
0.594704	0.025402
0.614798	0.003637	0.693204	0.003522	0.693624	0.004737	0.610848	0.025555	0.616485	0.003203
0.681974	0.016049
0.594704	0.029553
0.603152	0.003535	0.632461	0.003151	0.693624	0.004910	0.693204	0.025398	0.687718	0.003977
0.657880	0.017594
0.594704	0.025554
0.598631	0.004174	0.684252	0.003060	0.693624	0.004632	0.662096	0.029191	0.594562	0.003581
0.669189	0.025606
0.594704	0.031480
0.587877	0.004013	0.693204	0.003673	0.696214	0.004615	0.682580	0.025668	0.369098	0.003771
0.696535	0.016672
0.594704	0.027599
0.519487	0.004131	0.617218	0.004004	0.708370	0.004616	0.678757	0.025365	0.639497	0.003279
0.648051	0.022019
0.594704	0.024366
0.598801	0.003849	0.670541	0.003966	0.693624	0.004942	0.574785	0.026279	0.608100	0.003283
0.669189	0.017200
0.594704	0.028625
0.643962	0.003921	0.638917	0.004010	0.693204	0.004795	0.610325	0.026001	0.693204	0.003427
0.682189	0.019205
0.594704	0.026505
0.617775	0.004120	0.682581	0.003325	0.682580	0.004379	0.624652	0.026644	0.642364	0.003756
0.648051	0.017665
0.594704	0.030210
0.597912	0.003902	0.700049	0.003118	0.682580	0.004429	0.693624	0.026303	0.685604	0.003300
0.630457	0.016493
0.594704	0.028561
0.469297	0.003678	0.622913	0.004191	0.696214	0.004958	0.685800	0.025328	0.693204	0.002878
0.669189	0.027116
0.594704	0.027986
0.707336	0.003627	0.661589	0.003571	0.693624	0.004794	0.689838	0.025373	0.391187	0.003717
0.664742	0.016617
0.594704	0.023431
0.377041	0.004104	0.670541	0.003450	0.682580	0.004429	0.643962	0.025462	0.617775	0.003207
0.658184	0.025484
0.594704	0.027750
0.632080	0.003995	0.593322	0.003747	0.696214	0.004457	0.705777	0.025856	0.682828	0.003115
0.664742	0.017233
0.593600	0.025503
0.694425	0.003898	0.632461	0.002907	0.680361	0.004391	0.650519	0.025362	0.632461	0.002778
0.658184	0.029903
0.594704	0.028864
0.633607	0.003430	0.627720	0.003882	0.634652	0.005199	0.639722	0.026039	0.705524	0.003189
0.662101	0.017993
0.583948	0.023344
0.662506	0.004433	0.693204	0.003237	0.696214	0.004231	0.656764	0.024889	0.582802	0.003296
0.657880	0.016868
0.594704	0.027638
0.592728	0.003692	0.669105	0.003316	0.708370	0.005246	0.693204	0.025518	0.639780	0.003027
0.693204	0.019373
0.594704	0.029624
0.592957	0.003626	0.713793	0.003703	0.682580	0.004391	0.694109	0.026263	0.337450	0.003093
0.646956	0.018884
0.594704	0.029584
0.660051	0.003706	0.597042	0.003210	0.680366	0.004601	0.686559	0.025531	0.633397	0.002945
0.669189	0.027172
0.594704	0.025533
0.644035	0.004817	0.515538	0.003923	0.634652	0.005354	0.663458	0.027205	0.594976	0.003126
0.663207	0.027497
0.594704	0.026032
0.579067	0.003828	0.621483	0.003326	0.682580	0.004467	0.693204	0.025946	0.550323	0.002918
0.664742	0.016453
0.594704	0.029159
0.675244	0.003855	0.624283	0.004232	0.693624	0.005100	0.634683	0.025185	0.535690	0.003457
0.696535	0.020661
0.594704	0.026988
0.628713	0.004408	0.632461	0.003359	0.696214	0.004671	0.693204	0.024976	0.639433	0.003252
0.645903	0.019481
0.594704	0.024882
delta = 0.800000, m = 6
0.670905	0.004601	0.671558	0.004214	0.705524	0.005572	0.639497	0.039579	0.644310	0.002814
0.717595	0.019834
0.648906	0.030946
0.693204	0.004350	0.693204	0.003797	0.705524	0.005170	0.705524	0.038383	0.693204	0.003055
0.675877	0.016348
0.630743	0.032243
0.615310	0.004919	0.684252	0.003624	0.705524	0.005026	0.693624	0.039247	0.693624	0.003391
0.598324	0.019033
0.630743	0.032897
0.697908	0.004707	0.705524	0.004975	0.705524	0.006474	0.693204	0.044327	0.693204	0.003117
0.612851	0.014582
0.630743	0.037730
0.693204	0.004384	0.674773	0.003564	0.693204	0.004928	0.693204	0.038316	0.626894	0.003636
0.669189	0.018620
0.630743	0.030953
0.468614	0.004627	0.693204	0.003752	0.693624	0.005021	0.719313	0.038144	0.665487	0.003027
0.659367	0.026220
0.659161	0.032024
0.583816	0.004634	0.685800	0.003490	0.705524	0.005222	0.664419	0.039689	0.611223	0.003183
0.675877	0.017138
0.648906	0.034822
0.655183	0.003979	0.693204	0.003649	0.693204	0.004756	0.693624	0.038836	0.671944	0.003163
0.698479	0.018208
0.648906	0.035586
0.584316	0.004692	0.693204	0.003910	0.705524	0.005615	0.647537	0.037247	0.630261	0.003219
0.670844	0.020840
0.630743	0.043502
0.620664	0.004475	0.693204	0.003654	0.705524	0.004903	0.705777	0.038284	0.604973	0.003343
0.708828	0.018131
0.636595	0.037643
0.606979	0.004391	0.707336	0.003445	0.705524	0.005197	0.611223	0.038340	0.705524	0.002844
0.616434	0.016239
0.683676	0.034008
0.708176	0.004292	0.693204	0.003957	0.693624	0.005551	0.719313	0.038327	0.693204	0.003666
0.672857	0.022451
0.648906	0.033371
0.604973	0.005341	0.674773	0.003691	0.705524	0.005021	0.705524	0.039168	0.682580	0.002894
0.676140	0.019536
0.630743	0.033173
0.641020	0.005425	0.693204	0.004129	0.693624	0.005365	0.693204	0.038795	0.693624	0.002857
0.685168	0.017430
0.659161	0.035151
0.645378	0.005037	0.687105	0.003709	0.705524	0.005128	0.705524	0.037189	0.682580	0.002844
0.666789	0.018687
0.636595	0.030911
0.610364	0.004328	0.705524	0.003732	0.693204	0.005270	0.673950	0.039754	0.640002	0.003525
0.643822	0.016819
0.642743	0.032245
0.656052	0.004182	0.685800	0.004106	0.705524	0.005861	0.708370	0.038432	0.705524	0.003420
0.702903	0.016761
0.648906	0.040814
0.685800	0.004166	0.705524	0.003906	0.693204	0.005249	0.650383	0.038146	0.705524	0.002955
0.666789	0.015025
0.630743	0.032770
0.649279	0.004365	0.705524	0.003812	0.705524	0.006012	0.622961	0.038232	0.694425	0.002898
0.510826	0.016521
0.696478	0.033316
0.693204	0.004017	0.707336	0.004608	0.693624	0.005368	0.693624	0.038756	0.719313	0.003047
0.704255	0.018842
0.659161	0.034644
0.693204	0.003709	0.705524	0.003550	0.693624	0.005359	0.693204	0.038215	0.693624	0.003459
0.738899	0.020261
0.630743	0.033199
0.617775	0.004396	0.693624	0.004170	0.705524	0.005226	0.693624	0.037055	0.682141	0.002683
0.681769	0.018455
0.681261	0.032448
0.693204	0.003981	0.693204	0.003992	0.705524	0.004963	0.705524	0.037404	0.693624	0.003253
0.645990	0.026216
0.636595	0.031543
0.628667	0.004493	0.674773	0.003969	0.705524	0.005175	0.693624	0.039536	0.682580	0.003150
0.695096	0.018600
0.686415	0.035168
0.619201	0.004547	0.693204	0.003655	0.705524	0.005478	0.675767	0.037440	0.693204	0.003316
0.509537	0.017902
0.648906	0.037005
0.705524	0.004539	0.650383	0.003841	0.705524	0.005394	0.693204	0.039475	0.681441	0.002777
0.660536	0.019780
0.648906	0.037852
0.693204	0.004401	0.665781	0.003856	0.705524	0.005182	0.670886	0.037959	0.682141	0.003441
0.669395	0.018361
0.648906	0.039285
0.664419	0.004101	0.693624	0.004147	0.705524	0.005375	0.705524	0.037283	0.655611	0.003896
0.669353	0.018828
0.663560	0.037791
0.693204	0.003996	0.682580	0.004161	0.705524	0.005475	0.693204	0.038029	0.693204	0.003346
0.684984	0.022398
0.659161	0.035772
0.642637	0.004176	0.693204	0.004005	0.693204	0.005523	0.693204	0.038582	0.693204	0.003189
0.646629	0.021800
0.648906	0.036697
0.601599	0.004253	0.693624	0.003824	0.693204	0.005143	0.700049	0.038334	0.650501	0.003769
0.703079	0.018196
0.619860	0.030284
0.596554	0.004521	0.693624	0.003785	0.705524	0.005561	0.676379	0.037705	0.693624	0.002883
0.690422	0.019086
0.648906	0.032342
0.609021	0.004784	0.705524	0.004072	0.705524	0.006324	0.693204	0.039123	0.645893	0.003479
0.622152	0.016267
0.685607	0.034432
0.693624	0.004289	0.688025	0.004373	0.705524	0.006422	0.684594	0.039102	0.450265	0.002835
0.702903	0.018738
0.630743	0.032238
0.637413	0.004203	0.701627	0.003704	0.705524	0.004775	0.693624	0.037177	0.604720	0.003612
0.689338	0.025045
0.701639	0.028484
0.693204	0.004223	0.693204	0.004265	0.705524	0.005978	0.690558	0.039618	0.674959	0.003152
0.676140	0.023889
0.630743	0.037969
0.603152	0.004238	0.674773	0.004249	0.705524	0.005114	0.685800	0.038003	0.693204	0.003236
0.672857	0.015560
0.648906	0.032188
0.693204	0.004883	0.705524	0.004065	0.705524	0.006436	0.693204	0.046510	0.705524	0.003825
0.666789	0.016374
0.684353	0.034821
0.480135	0.004456	0.693204	0.004022	0.705524	0.005042	0.682580	0.037840	0.705524	0.002943
0.601324	0.021189
0.648906	0.031801
0.639497	0.004167	0.674773	0.003919	0.705524	0.005464	0.693624	0.038399	0.695001	0.003049
0.640712	0.024560
0.630743	0.032803
0.655183	0.004450	0.693204	0.003918	0.705524	0.005098	0.693204	0.037124	0.600994	0.004735
0.667761	0.014949
0.659161	0.034010
0.634683	0.004536	0.693204	0.003878	0.705524	0.005582	0.693204	0.039118	0.693204	0.003380
0.673463	0.015560
0.648906	0.031707
0.655183	0.004277	0.693204	0.003760	0.705524	0.005500	0.682580	0.038433	0.693624	0.003631
0.681079	0.020477
0.648906	0.030524
0.693204	0.003803	0.682580	0.003865	0.693624	0.005079	0.618837	0.039430	0.693624	0.003071
0.672857	0.018814
0.648906	0.032656
0.695001	0.003884	0.693624	0.004228	0.705524	0.005357	0.682580	0.037926	0.665781	0.003467
0.673711	0.019297
0.685607	0.040074
0.613416	0.004890	0.693624	0.003946	0.705524	0.005771	0.682580	0.039037	0.705524	0.002924
0.643822	0.017873
0.684353	0.036011
0.696325	0.004222	0.705524	0.003986	0.693624	0.005367	0.693624	0.039343	0.548145	0.003417
0.666232	0.030599
0.659161	0.036350
0.653957	0.005410	0.693204	0.003738	0.705524	0.006459	0.693624	0.037269	0.693204	0.003227
0.615550	0.016602
0.642743	0.036738
0.609107	0.004981	0.693204	0.004116	0.705524	0.005763	0.705524	0.037136	0.693204	0.003420
0.672857	0.016694
0.630743	0.035484
0.617775	0.004699	0.674773	0.003535	0.693624	0.006104	0.634652	0.038507	0.635715	0.003257
0.629807	0.017939
0.648906	0.035511
delta = 0.800000, m = 8
0.705524	0.005254	0.693624	0.004110	0.705524	0.006662	0.705524	0.053997	0.682580	0.003245
0.671007	0.020184
0.657786	0.035097
0.617775	0.004749	0.693624	0.003969	0.705524	0.005879	0.693624	0.051639	0.705524	0.003202
0.689384	0.015105
0.710724	0.035208
0.617775	0.004821	0.705524	0.004423	0.705524	0.006130	0.705524	0.052718	0.705524	0.003449
0.664870	0.017373
0.722893	0.038416
0.693204	0.005166	0.705524	0.004646	0.705524	0.006098	0.705524	0.053469	0.705524	0.004187
0.709221	0.015469
0.684353	0.044286
0.601260	0.005332	0.705524	0.004792	0.705524	0.006092	0.693624	0.052643	0.693624	0.003440
0.689918	0.013999
0.718298	0.040366
0.693204	0.004422	0.705524	0.004070	0.705524	0.006063	0.705524	0.052526	0.705524	0.004090
0.652100	0.013852
0.706955	0.036098
0.517720	0.005643	0.693204	0.004143	0.705524	0.005823	0.693204	0.052448	0.674773	0.003466
0.609414	0.013558
0.706955	0.035987
0.664610	0.004783	0.705524	0.004033	0.705524	0.005436	0.693624	0.052645	0.693204	0.002966
0.652542	0.013991
0.642647	0.035684
0.417695	0.005945	0.693204	0.003910	0.705524	0.005718	0.693204	0.055675	0.694425	0.003862
0.699184	0.015271
0.659161	0.035550
0.352786	0.004790	0.705524	0.003783	0.705524	0.005426	0.693204	0.051984	0.693204	0.003152
0.619695	0.014996
0.671701	0.034752
0.693204	0.004349	0.705524	0.004159	0.705524	0.005709	0.705524	0.052793	0.701627	0.003330
0.664917	0.011695
0.655420	0.034157
0.618502	0.004908	0.705524	0.003767	0.705524	0.005864	0.693624	0.052184	0.693204	0.002887
0.659943	0.016229
0.718298	0.037092
0.648906	0.004118	0.693624	0.003968	0.705524	0.005615	0.705524	0.052758	0.705524	0.003746
0.665950	0.013916
0.718298	0.040526
0.693204	0.004047	0.693204	0.003703	0.705524	0.005710	0.708370	0.052518	0.705524	0.003265
0.671944	0.016423
0.650581	0.039136
0.639497	0.004563	0.693624	0.004056	0.705524	0.006075	0.693624	0.053523	0.705524	0.002800
0.530600	0.015978
0.646440	0.038340
0.647537	0.004575	0.705524	0.004195	0.705524	0.005464	0.705524	0.052155	0.608436	0.003177
0.690465	0.013538
0.670522	0.035126
0.653600	0.004868	0.693624	0.004349	0.705524	0.005496	0.705524	0.052554	0.705524	0.003089
0.689384	0.021175
0.663560	0.040751
0.627443	0.004075	0.705524	0.003970	0.693624	0.005902	0.693204	0.051875	0.705524	0.002914
0.485276	0.015083
0.687300	0.037126
0.626894	0.004966	0.705524	0.003972	0.705524	0.005795	0.693624	0.052213	0.693624	0.003133
0.614928	0.013971
0.671701	0.036592
0.655611	0.004303	0.705524	0.003860	0.705524	0.005727	0.705524	0.052220	0.693204	0.003422
0.684373	0.015231
0.722893	0.042037
0.693204	0.004438	0.705524	0.004042	0.705524	0.005685	0.705524	0.050916	0.682580	0.003535
0.614219	0.015696
0.722893	0.038482
0.667603	0.006054	0.705524	0.005246	0.693204	0.007639	0.693624	0.060786	0.701627	0.003219
0.656631	0.012755
0.659161	0.037147
0.624652	0.004797	0.705524	0.003528	0.705524	0.006169	0.693204	0.051587	0.657417	0.003052
0.643822	0.013032
0.701848	0.037005
0.629562	0.004660	0.705524	0.003647	0.705524	0.005627	0.705524	0.053060	0.694425	0.002834
0.663381	0.015626
0.696478	0.038074
0.626770	0.005556	0.705524	0.003711	0.705524	0.005985	0.705524	0.050927	0.656947	0.002978
0.527961	0.016316
0.659161	0.043674
0.624969	0.004449	0.705524	0.003756	0.705524	0.005916	0.705524	0.053208	0.680366	0.003143
0.636023	0.013927
0.706955	0.038428
0.705524	0.003683	0.705524	0.003812	0.705524	0.005375	0.682580	0.052471	0.663567	0.003601
0.674934	0.016139
0.665704	0.035720
0.693204	0.004284	0.705524	0.003959	0.705524	0.005349	0.705524	0.052992	0.693204	0.002899
0.484428	0.015259
0.722893	0.037714
0.621219	0.005311	0.693624	0.003855	0.705524	0.005785	0.682580	0.052698	0.693624	0.003771
0.633277	0.015097
0.696478	0.044528
0.635827	0.004747	0.705524	0.003868	0.705524	0.005643	0.705524	0.054270	0.705524	0.003660
0.704848	0.014994
0.687300	0.043445
0.693204	0.003754	0.705524	0.004066	0.705524	0.005990	0.705524	0.052793	0.705524	0.002927
0.659725	0.012485
0.706955	0.034637
0.634249	0.004242	0.693204	0.003734	0.693204	0.005551	0.705524	0.053237	0.696214	0.003113
0.696980	0.015513
0.710608	0.035007
0.694425	0.004104	0.693204	0.003528	0.705524	0.005853	0.705524	0.051731	0.691739	0.003116
0.661123	0.014501
0.711548	0.034328
0.693204	0.004516	0.705524	0.004293	0.705524	0.005607	0.680361	0.052913	0.693624	0.003300
0.639992	0.015860
0.648906	0.039716
0.693204	0.004423	0.705524	0.003889	0.705524	0.005969	0.693624	0.052603	0.705524	0.003275
0.598017	0.014696
0.718298	0.034275
0.693204	0.004325	0.693624	0.004145	0.705524	0.005870	0.705524	0.052956	0.693204	0.003107
0.611925	0.014646
0.718298	0.037791
0.693204	0.004084	0.693204	0.004011	0.705524	0.007016	0.705524	0.061934	0.682580	0.002867
0.685800	0.017161
0.706955	0.040150
0.693204	0.004533	0.705524	0.004059	0.705524	0.005544	0.701627	0.051735	0.705524	0.002602
0.687194	0.017148
0.657786	0.039119
0.693204	0.004178	0.705524	0.004219	0.693204	0.005745	0.693624	0.053581	0.705524	0.003351
0.605819	0.014813
0.648906	0.038361
0.693204	0.004440	0.705524	0.003582	0.705524	0.006142	0.682580	0.052283	0.707336	0.003219
0.674660	0.012651
0.672052	0.038032
0.705524	0.004838	0.693624	0.003711	0.693624	0.005786	0.705524	0.052264	0.705524	0.003262
0.413389	0.014144
0.650501	0.037515
0.693204	0.004209	0.705524	0.004055	0.705524	0.005629	0.693624	0.052370	0.705524	0.002996
0.652464	0.017121
0.741503	0.035838
0.694425	0.004575	0.705524	0.004146	0.705524	0.005631	0.693204	0.051627	0.693204	0.003195
0.705264	0.017211
0.710724	0.034409
0.618502	0.004782	0.705524	0.004070	0.705524	0.006119	0.693204	0.051749	0.693624	0.002773
0.627497	0.013079
0.709309	0.040084
0.693204	0.004400	0.693624	0.004059	0.705524	0.006588	0.705524	0.053016	0.693204	0.002803
0.635041	0.012500
0.706955	0.040413
0.705524	0.004384	0.705524	0.003749	0.705524	0.006204	0.693624	0.052059	0.652671	0.002717
0.639512	0.015887
0.710724	0.041167
0.626894	0.004308	0.705524	0.003718	0.705524	0.006315	0.693204	0.054032	0.693204	0.003042
0.665999	0.015849
0.648906	0.039315
0.674628	0.004866	0.693624	0.004287	0.705524	0.005826	0.693624	0.051970	0.705524	0.003539
0.645281	0.016237
0.663560	0.039990
0.632080	0.004797	0.705524	0.003777	0.705524	0.006514	0.705524	0.052115	0.693624	0.003228
0.659962	0.012493
0.722893	0.028197
0.647712	0.004667	0.693204	0.003723	0.705524	0.005311	0.696214	0.051618	0.693204	0.003308
0.665999	0.016468
0.663560	0.034778
delta = 0.800000, m = 10
0.693204	0.004666	0.705524	0.004220	0.705524	0.006965	0.705524	0.066744	0.705524	0.003073
0.588451	0.016494
0.673316	0.037342
0.511615	0.005127	0.705524	0.004506	0.705524	0.006751	0.705524	0.065518	0.705524	0.003454
0.648957	0.014697
0.663451	0.037982
0.693204	0.005116	0.705524	0.005160	0.693624	0.007362	0.705524	0.065961	0.693204	0.003470
0.643822	0.013649
0.706901	0.037513
0.635827	0.005102	0.705524	0.004365	0.705524	0.007163	0.705524	0.066764	0.705524	0.003168
0.645233	0.012194
0.692601	0.036588
0.612153	0.005698	0.705524	0.005172	0.705524	0.007007	0.693204	0.067757	0.696214	0.003244
0.597184	0.015815
0.694241	0.038402
0.617775	0.005411	0.705524	0.004413	0.705524	0.006790	0.705524	0.067202	0.705524	0.003889
0.615326	0.015970
0.684353	0.037297
0.612307	0.005800	0.693624	0.004154	0.705524	0.006653	0.693624	0.068305	0.682580	0.003530
0.678654	0.022124
0.706901	0.036544
0.655183	0.004981	0.705524	0.005263	0.705524	0.007235	0.705524	0.067449	0.705524	0.003611
0.682563	0.016443
0.698201	0.036736
0.423354	0.005895	0.705524	0.004995	0.705524	0.006807	0.693204	0.066481	0.693624	0.003081
0.703287	0.015276
0.696903	0.038834
0.631882	0.004988	0.705524	0.004387	0.705524	0.006414	0.693624	0.067791	0.705524	0.004007
0.578042	0.012415
0.705323	0.039130
0.615310	0.006069	0.705524	0.004626	0.705524	0.006660	0.705524	0.067061	0.693204	0.003958
0.561827	0.012949
0.645378	0.037619
0.693204	0.005636	0.705524	0.004739	0.705524	0.006674	0.705524	0.067149	0.705524	0.003485
0.658746	0.018211
0.696903	0.041581
0.656187	0.005007	0.705524	0.005038	0.705524	0.006715	0.705524	0.067829	0.693624	0.003477
0.637970	0.013459
0.668201	0.039257
0.609491	0.005021	0.705524	0.004281	0.705524	0.007314	0.705524	0.067382	0.705524	0.003047
0.603721	0.012473
0.696903	0.033543
0.626894	0.005945	0.693624	0.005285	0.705524	0.007121	0.705524	0.067316	0.705524	0.003152
0.650870	0.015509
0.675448	0.040066
0.693204	0.004642	0.705524	0.004321	0.705524	0.007075	0.705524	0.065766	0.705524	0.003403
0.633875	0.011784
0.721260	0.036379
0.705524	0.004770	0.705524	0.005237	0.705524	0.006745	0.705524	0.068736	0.693204	0.003262
0.636577	0.012371
0.612361	0.038723
0.705524	0.005338	0.705524	0.004120	0.705524	0.007592	0.705524	0.066371	0.693624	0.004057
0.650994	0.012266
0.694796	0.036296
0.693204	0.004894	0.705524	0.004921	0.705524	0.007302	0.693624	0.067257	0.693204	0.003716
0.676032	0.011340
0.653689	0.039181
0.617775	0.005441	0.693624	0.004780	0.705524	0.006604	0.693624	0.068976	0.705524	0.003585
0.659606	0.012809
0.675448	0.041697
0.652671	0.004593	0.693624	0.004315	0.705524	0.006490	0.693624	0.068605	0.705524	0.003092
0.689523	0.011662
0.696178	0.037983
0.642064	0.005067	0.705524	0.005627	0.705524	0.007134	0.705524	0.066413	0.705524	0.003188
0.571716	0.013323
0.673316	0.035121
0.639497	0.005135	0.693624	0.004905	0.693204	0.006847	0.705524	0.066114	0.705524	0.003536
0.698654	0.011611
0.677703	0.035656
0.693204	0.005844	0.705524	0.004864	0.705524	0.006911	0.693204	0.068441	0.693624	0.003053
0.716642	0.018315
0.687476	0.037928
0.693204	0.004752	0.705524	0.004692	0.705524	0.006586	0.705524	0.066240	0.705524	0.003352
0.648826	0.011620
0.683726	0.042500
0.693204	0.004897	0.705524	0.004228	0.705524	0.006721	0.705524	0.066250	0.705524	0.003041
0.632706	0.011559
0.695001	0.037276
0.693204	0.005428	0.705524	0.004394	0.705524	0.006661	0.705524	0.065482	0.693624	0.003182
0.676032	0.012295
0.694796	0.037483
0.693204	0.005240	0.705524	0.004855	0.705524	0.006903	0.705524	0.065396	0.693624	0.003565
0.593600	0.015475
0.673522	0.042508
0.675244	0.005738	0.693624	0.005296	0.693204	0.006565	0.693204	0.064665	0.693204	0.002974
0.669667	0.013921
0.664228	0.039675
0.634654	0.006046	0.693624	0.004738	0.705524	0.006580	0.705524	0.066710	0.693204	0.003254
0.668650	0.015074
0.694796	0.038682
0.693204	0.005970	0.705524	0.005292	0.705524	0.008357	0.705524	0.070805	0.693204	0.003179
0.657355	0.012564
0.698201	0.036511
0.693204	0.005761	0.705524	0.004607	0.705524	0.006274	0.705524	0.066601	0.693624	0.002964
0.632724	0.014559
0.698556	0.038345
0.688360	0.005477	0.705524	0.004451	0.705524	0.006565	0.693204	0.064014	0.705524	0.002959
0.689637	0.013672
0.656543	0.035109
0.635827	0.005069	0.705524	0.004382	0.705524	0.006443	0.693624	0.064646	0.705524	0.003144
0.637512	0.013055
0.694796	0.042902
0.662466	0.004494	0.693624	0.004148	0.705524	0.006622	0.705524	0.067079	0.693204	0.003196
0.665999	0.011871
0.707458	0.035837
0.625212	0.004832	0.705524	0.004799	0.705524	0.006676	0.705524	0.067339	0.666041	0.003270
0.582051	0.013307
0.694304	0.033191
0.617775	0.005288	0.705524	0.004482	0.705524	0.006744	0.705524	0.065546	0.693624	0.004003
0.673020	0.012737
0.676831	0.034317
0.512528	0.006869	0.705524	0.004690	0.705524	0.006590	0.705524	0.065575	0.693624	0.003147
0.602153	0.014032
0.698201	0.034459
0.693204	0.005018	0.705524	0.004747	0.705524	0.006504	0.705524	0.066206	0.705524	0.003132
0.704848	0.013340
0.651950	0.036198
0.697195	0.005327	0.693624	0.004363	0.705524	0.006699	0.705524	0.064954	0.693204	0.003288
0.622324	0.011404
0.684353	0.041081
0.693204	0.004408	0.705524	0.004717	0.705524	0.006679	0.693204	0.065802	0.705524	0.003109
0.665250	0.014810
0.695603	0.036282
0.671029	0.004987	0.705524	0.004071	0.705524	0.006626	0.693624	0.066015	0.705524	0.003142
0.673130	0.014347
0.711516	0.035003
0.693204	0.004504	0.705524	0.004493	0.705524	0.006478	0.693204	0.065875	0.705524	0.003084
0.723727	0.012978
0.693422	0.036947
0.618502	0.005695	0.705524	0.004329	0.705524	0.006438	0.705524	0.065071	0.705524	0.003266
0.670541	0.010437
0.686415	0.039809
0.705524	0.004639	0.705524	0.004447	0.705524	0.006898	0.705524	0.064301	0.693624	0.003440
0.711836	0.013421
0.705487	0.037746
0.693204	0.004891	0.693624	0.004935	0.705524	0.006343	0.693624	0.066660	0.705524	0.003131
0.643707	0.013884
0.609682	0.038304
0.653957	0.005641	0.705524	0.004279	0.705524	0.006230	0.705524	0.065329	0.694425	0.003514
0.643239	0.014461
0.665286	0.037248
0.693204	0.004723	0.705524	0.004678	0.705524	0.006364	0.693624	0.065337	0.693624	0.003369
0.659584	0.011949
0.706105	0.034599
0.693204	0.004532	0.705524	0.004327	0.705524	0.006438	0.705524	0.065696	0.705524	0.003144
0.687349	0.013774
0.684353	0.035597
0.682141	0.004854	0.705524	0.004590	0.705524	0.006618	0.705524	0.065164	0.705524	0.003409
0.682189	0.015819
0.694796	0.038365
delta = 0.800000, m = 12
0.693204	0.005390	0.705524	0.005263	0.705524	0.007900	0.705524	0.093373	0.693624	0.003453
0.681095	0.012417
0.673528	0.036423
0.693624	0.005233	0.705524	0.004754	0.693624	0.007210	0.705524	0.092032	0.705524	0.003538
0.563233	0.011518
0.619948	0.037371
0.693204	0.004991	0.705524	0.004924	0.705524	0.007902	0.690558	0.092070	0.705524	0.003415
0.655737	0.013565
0.654965	0.037001
0.617775	0.005605	0.705524	0.004877	0.705524	0.006802	0.705524	0.091432	0.705524	0.003232
0.662582	0.018232
0.703926	0.039878
0.581869	0.006247	0.705524	0.005235	0.705524	0.007124	0.705524	0.092085	0.693204	0.003763
0.444306	0.011125
0.687063	0.034687
0.693204	0.005367	0.705524	0.004826	0.705524	0.007172	0.705524	0.091768	0.705524	0.003432
0.667416	0.011327
0.682564	0.035971
0.693204	0.005500	0.705524	0.005334	0.705524	0.007128	0.705524	0.090123	0.705524	0.003580
0.673452	0.012653
0.685678	0.037049
0.583521	0.006025	0.705524	0.004775	0.693624	0.007477	0.705524	0.088477	0.705524	0.003554
0.662506	0.012643
0.686007	0.034933
0.705524	0.006008	0.705524	0.004895	0.705524	0.007181	0.705524	0.093507	0.693204	0.003718
0.625642	0.013788
0.687063	0.038242
0.693204	0.006031	0.705524	0.005190	0.705524	0.008008	0.693624	0.092893	0.693204	0.003971
0.649803	0.013951
0.688410	0.040956
0.693204	0.005260	0.705524	0.005073	0.705524	0.007008	0.705524	0.090675	0.693204	0.003481
0.681494	0.013961
0.706717	0.037745
0.641060	0.006391	0.705524	0.005123	0.705524	0.007244	0.705524	0.091521	0.693624	0.003619
0.685604	0.012057
0.719877	0.040336
0.593438	0.007044	0.705524	0.004858	0.705524	0.007144	0.705524	0.092365	0.693204	0.003534
0.580124	0.011532
0.682758	0.035904
0.627050	0.007187	0.705524	0.004945	0.705524	0.007380	0.705524	0.092795	0.705524	0.003537
0.645594	0.013811
0.685061	0.034482
0.693204	0.005588	0.705524	0.005251	0.705524	0.006908	0.693624	0.091455	0.645646	0.003655
0.652464	0.014378
0.717129	0.039927
0.705524	0.005683	0.705524	0.004641	0.705524	0.007379	0.705524	0.090431	0.693204	0.003627
0.662101	0.011117
0.712118	0.038271
0.693204	0.005154	0.705524	0.005173	0.705524	0.007755	0.705524	0.090270	0.693204	0.003091
0.685664	0.012047
0.667518	0.032239
0.596554	0.005521	0.705524	0.004672	0.705524	0.007551	0.705524	0.090490	0.705524	0.003398
0.716642	0.011063
0.673528	0.032507
0.675244	0.005062	0.705524	0.004765	0.705524	0.006998	0.693624	0.091891	0.705524	0.003622
0.653107	0.015610
0.700755	0.042780
0.693624	0.005158	0.705524	0.006020	0.705524	0.007357	0.705524	0.094721	0.705524	0.003608
0.631366	0.016227
0.629704	0.034477
0.693204	0.005839	0.705524	0.004605	0.705524	0.007308	0.705524	0.090765	0.705524	0.003449
0.688342	0.011603
0.714520	0.035945
0.693204	0.005447	0.693624	0.004731	0.705524	0.007412	0.705524	0.092310	0.705524	0.003091
0.716732	0.012106
0.676031	0.039320
0.693204	0.005219	0.705524	0.004725	0.693204	0.006850	0.705524	0.090754	0.693624	0.003891
0.710068	0.013051
0.695769	0.038823
0.693204	0.005455	0.705524	0.004609	0.705524	0.007241	0.705524	0.089169	0.685800	0.003940
0.702878	0.011193
0.721260	0.037393
0.705524	0.004884	0.705524	0.004794	0.705524	0.007430	0.705524	0.091525	0.705524	0.003341
0.638265	0.011941
0.658388	0.033221
0.643999	0.006290	0.705524	0.004894	0.705524	0.007481	0.705524	0.091543	0.696214	0.003650
0.678379	0.013442
0.707364	0.038121
0.705524	0.004939	0.705524	0.005401	0.705524	0.007680	0.705524	0.092927	0.705524	0.003486
0.717356	0.014872
0.690781	0.035064
0.657964	0.004777	0.705524	0.005377	0.705524	0.007144	0.705524	0.091341	0.705524	0.003260
0.668913	0.011527
0.663274	0.037713
0.665781	0.006410	0.705524	0.004808	0.705524	0.007733	0.705524	0.090546	0.693624	0.003439
0.676140	0.014024
0.675187	0.035093
0.674773	0.005835	0.705524	0.004636	0.705524	0.006904	0.705524	0.091407	0.705524	0.003119
0.713743	0.012374
0.683725	0.034245
0.631882	0.005764	0.705524	0.004589	0.705524	0.006952	0.705524	0.091730	0.705524	0.003350
0.640228	0.013155
0.706105	0.035530
0.647712	0.006019	0.705524	0.005022	0.705524	0.007547	0.705524	0.092623	0.705524	0.003509
0.684095	0.014405
0.694304	0.037467
0.623622	0.005888	0.705524	0.004668	0.705524	0.006837	0.705524	0.089354	0.693624	0.003608
0.702124	0.013037
0.700247	0.038168
0.625358	0.005915	0.693624	0.005308	0.705524	0.007023	0.705524	0.090795	0.705524	0.003390
0.652555	0.011787
0.712118	0.048807
0.693204	0.004803	0.705524	0.005704	0.705524	0.007240	0.705524	0.091355	0.705524	0.003616
0.702052	0.011564
0.680523	0.039322
0.659917	0.006215	0.705524	0.005209	0.705524	0.007620	0.705524	0.091130	0.705524	0.003528
0.669189	0.012941
0.702126	0.038787
0.665781	0.005766	0.705524	0.005210	0.705524	0.007221	0.705524	0.090950	0.693204	0.003190
0.618526	0.015199
0.674959	0.037367
0.661257	0.005861	0.705524	0.004713	0.705524	0.007141	0.705524	0.089653	0.693624	0.003311
0.685404	0.011255
0.706110	0.039540
0.663757	0.006131	0.705524	0.004932	0.705524	0.006893	0.705524	0.091361	0.705524	0.003356
0.625906	0.013017
0.721260	0.039483
0.693204	0.005403	0.693624	0.005232	0.705524	0.007136	0.705524	0.090473	0.705524	0.003267
0.673309	0.012479
0.696237	0.036402
0.693204	0.005022	0.705524	0.005028	0.705524	0.007078	0.705524	0.091476	0.705524	0.003437
0.693624	0.013451
0.633140	0.036538
0.696214	0.005657	0.705524	0.004823	0.705524	0.007590	0.705524	0.094185	0.705524	0.003503
0.663207	0.014635
0.639953	0.036316
0.662466	0.004973	0.705524	0.005147	0.705524	0.007311	0.705524	0.090526	0.693204	0.003055
0.703289	0.017267
0.686052	0.035430
0.671029	0.005643	0.705524	0.004806	0.705524	0.007632	0.705524	0.092814	0.705524	0.003772
0.674209	0.018138
0.695769	0.037418
0.610838	0.005023	0.705524	0.004724	0.705524	0.007632	0.705524	0.091873	0.705524	0.003269
0.572772	0.012703
0.693794	0.036933
0.705524	0.005090	0.705524	0.004967	0.705524	0.007134	0.705524	0.093084	0.693624	0.003233
0.694092	0.017321
0.698556	0.037330
0.624686	0.005440	0.705524	0.005489	0.705524	0.007634	0.705524	0.090094	0.693204	0.003426
0.731606	0.015037
0.693624	0.040352
0.650519	0.005595	0.705524	0.004859	0.705524	0.007170	0.705524	0.091309	0.705524	0.003325
0.673632	0.012527
0.654965	0.036998
0.626894	0.006528	0.705524	0.005642	0.705524	0.007532	0.705524	0.092590	0.693204	0.004127
0.587446	0.012544
0.711516	0.039625
0.663107	0.005374	0.705524	0.005369	0.705524	0.008076	0.705524	0.090699	0.705524	0.003581
0.733858	0.013226
0.688752	0.043747
delta = 0.800000, m = 14
0.693204	0.006654	0.705524	0.006311	0.705524	0.008182	0.705524	0.115041	0.693624	0.004253
0.687280	0.015488
0.684252	0.038417
0.693204	0.006044	0.705524	0.005381	0.705524	0.007943	0.705524	0.116728	0.693204	0.004373
0.643156	0.011687
0.677949	0.036949
0.693204	0.006529	0.705524	0.005707	0.705524	0.008161	0.705524	0.113720	0.705524	0.004001
0.641152	0.011699
0.711472	0.033261
0.705524	0.006019	0.705524	0.005993	0.705524	0.008573	0.705524	0.110792	0.705524	0.003586
0.638582	0.013499
0.707458	0.039088
0.693204	0.005881	0.705524	0.006208	0.705524	0.009392	0.705524	0.118882	0.693204	0.003826
0.635514	0.012638
0.700151	0.038657
0.661257	0.007145	0.705524	0.006488	0.705524	0.008570	0.705524	0.116029	0.693624	0.003859
0.672386	0.012629
0.663707	0.035933
0.693204	0.007513	0.705524	0.006538	0.693624	0.009123	0.705524	0.115324	0.693204	0.003850
0.724786	0.018160
0.711516	0.034626
0.693204	0.007592	0.705524	0.006603	0.705524	0.008748	0.705524	0.113477	0.705524	0.004341
0.649146	0.015658
0.610280	0.037233
0.705524	0.006467	0.705524	0.006188	0.705524	0.008272	0.705524	0.115920	0.705524	0.003995
0.692487	0.015636
0.623677	0.036448
0.629562	0.007548	0.705524	0.005714	0.705524	0.008316	0.705524	0.114554	0.705524	0.003878
0.673959	0.012487
0.707458	0.039521
0.631882	0.006786	0.705524	0.006315	0.705524	0.008285	0.705524	0.114753	0.705524	0.003962
0.638523	0.012766
0.709077	0.038503
0.619934	0.006434	0.705524	0.005891	0.705524	0.008916	0.705524	0.113770	0.705524	0.004494
0.709931	0.012192
0.666009	0.039256
0.705524	0.006692	0.705524	0.006414	0.705524	0.008584	0.705524	0.118056	0.705524	0.004397
0.702128	0.012916
0.709309	0.038465
0.693204	0.006702	0.705524	0.006123	0.705524	0.008450	0.705524	0.116641	0.693624	0.003878
0.669980	0.013671
0.711472	0.037528
0.705524	0.006383	0.705524	0.006303	0.705524	0.008382	0.705524	0.115781	0.705524	0.004394
0.666814	0.015949
0.696960	0.036202
0.693204	0.006747	0.705524	0.006128	0.693624	0.008447	0.705524	0.114893	0.705524	0.004214
0.723940	0.016636
0.712118	0.041584
0.571046	0.007243	0.705524	0.006359	0.705524	0.008493	0.705524	0.112717	0.705524	0.003924
0.646288	0.011571
0.674733	0.041201
0.571046	0.007239	0.705524	0.006094	0.705524	0.008953	0.705524	0.115184	0.705524	0.004159
0.672775	0.012300
0.611723	0.034724
0.705524	0.006288	0.705524	0.005442	0.705524	0.008499	0.705524	0.115570	0.705524	0.003842
0.630525	0.012666
0.712118	0.033980
0.627770	0.007420	0.705524	0.005902	0.705524	0.008210	0.693624	0.113633	0.705524	0.004081
0.671690	0.015085
0.680731	0.040560
0.697908	0.006095	0.705524	0.005934	0.705524	0.008357	0.705524	0.114928	0.705524	0.003779
0.618764	0.016896
0.712118	0.034513
0.678188	0.006614	0.705524	0.005799	0.705524	0.008190	0.693624	0.114786	0.705524	0.004234
0.662101	0.012956
0.665999	0.040263
0.649528	0.006715	0.705524	0.006194	0.705524	0.008654	0.705524	0.113585	0.705524	0.004015
0.697054	0.010927
0.693624	0.040479
0.705524	0.006272	0.705524	0.005988	0.705524	0.008853	0.705524	0.117378	0.705524	0.004023
0.719287	0.013518
0.649462	0.038278
0.693204	0.006566	0.705524	0.006278	0.705524	0.008655	0.705524	0.113840	0.705524	0.004163
0.650870	0.015871
0.683709	0.040254
0.705524	0.006467	0.705524	0.006215	0.705524	0.008165	0.705524	0.111987	0.693624	0.004057
0.665647	0.012501
0.689655	0.034503
0.693204	0.006556	0.705524	0.005697	0.705524	0.008479	0.705524	0.114290	0.705524	0.003922
0.679288	0.013726
0.649473	0.035066
0.617775	0.006454	0.705524	0.005667	0.705524	0.008363	0.705524	0.112925	0.705524	0.004059
0.607692	0.013919
0.709325	0.036012
0.693204	0.005992	0.705524	0.005906	0.705524	0.008404	0.705524	0.116207	0.705524	0.003939
0.672629	0.013678
0.682140	0.038733
0.706105	0.006617	0.705524	0.007071	0.705524	0.008829	0.705524	0.115902	0.705524	0.004292
0.716587	0.011129
0.679800	0.035597
0.705524	0.006339	0.693624	0.006096	0.705524	0.008578	0.705524	0.114975	0.693204	0.004150
0.652410	0.015463
0.683676	0.038012
0.641060	0.008562	0.705524	0.006091	0.705524	0.008638	0.705524	0.113861	0.705524	0.004568
0.669629	0.012188
0.705375	0.036111
0.682141	0.006904	0.705524	0.005802	0.693204	0.008768	0.705524	0.112779	0.705524	0.003879
0.623238	0.012865
0.644831	0.038275
0.705524	0.007320	0.705524	0.006585	0.705524	0.009047	0.705524	0.114843	0.705524	0.003865
0.524934	0.012837
0.711516	0.035131
0.616710	0.007549	0.705524	0.005615	0.705524	0.008593	0.705524	0.115280	0.705524	0.004069
0.724322	0.013114
0.691703	0.039356
0.639444	0.006635	0.705524	0.006224	0.705524	0.008569	0.705524	0.113837	0.705524	0.004021
0.585718	0.011783
0.701259	0.038559
0.655611	0.006375	0.705524	0.006232	0.705524	0.008678	0.705524	0.113981	0.705524	0.003847
0.703289	0.011288
0.652283	0.037422
0.684763	0.006664	0.705524	0.006059	0.705524	0.008443	0.705524	0.113679	0.705524	0.003754
0.703923	0.014928
0.673476	0.039664
0.701908	0.006649	0.705524	0.005791	0.705524	0.008486	0.705524	0.112813	0.705524	0.004500
0.703108	0.013318
0.684095	0.043226
0.546479	0.006654	0.705524	0.006217	0.705524	0.008229	0.705524	0.114257	0.705524	0.004136
0.683099	0.013601
0.637008	0.039091
0.693204	0.005881	0.705524	0.005739	0.705524	0.008628	0.705524	0.115279	0.705524	0.003911
0.648594	0.013396
0.670426	0.037982
0.693624	0.007211	0.705524	0.005707	0.705524	0.008146	0.705524	0.116453	0.705524	0.004094
0.624822	0.012942
0.694304	0.038456
0.628667	0.007763	0.705524	0.005888	0.705524	0.008381	0.705524	0.116597	0.705524	0.003945
0.612696	0.013357
0.723094	0.041771
0.617775	0.007040	0.705524	0.006289	0.705524	0.009149	0.705524	0.115429	0.705524	0.004260
0.670419	0.014401
0.712368	0.039044
0.635827	0.007826	0.693624	0.005929	0.705524	0.008783	0.705524	0.116451	0.705524	0.003991
0.530589	0.012666
0.718502	0.037570
0.693204	0.006980	0.705524	0.005939	0.705524	0.008287	0.693204	0.114720	0.705524	0.004153
0.630514	0.015165
0.642269	0.037761
0.658813	0.006832	0.705524	0.005991	0.705524	0.008198	0.705524	0.113649	0.705524	0.003676
0.499024	0.010831
0.692999	0.038715
0.662466	0.006208	0.705524	0.006379	0.705524	0.008437	0.705524	0.113830	0.705524	0.003817
0.680540	0.013856
0.688410	0.036779
0.645646	0.006493	0.705524	0.005735	0.705524	0.008497	0.705524	0.115474	0.705524	0.004475
0.688492	0.014129
0.682580	0.036084
0.693204	0.006616	0.705524	0.006142	0.705524	0.009094	0.705524	0.115376	0.705524	0.003713
0.654052	0.013572
0.655682	0.039377
delta = 0.800000, m = 16
0.693204	0.007263	0.705524	0.007406	0.705524	0.009128	0.705524	0.131656	0.705524	0.004089
0.677256	0.013017
0.706351	0.037647
0.693204	0.007373	0.705524	0.006559	0.705524	0.009273	0.705524	0.131503	0.705524	0.004142
0.702124	0.013510
0.719877	0.043210
0.693204	0.006673	0.705524	0.006524	0.705524	0.009543	0.705524	0.129596	0.705524	0.004535
0.702607	0.013450
0.701226	0.035462
0.618502	0.008827	0.705524	0.006575	0.693624	0.009159	0.705524	0.131279	0.705524	0.004318
0.695174	0.013842
0.638760	0.034118
0.693204	0.008613	0.705524	0.006618	0.705524	0.009375	0.705524	0.130087	0.705524	0.005042
0.597006	0.010946
0.707458	0.038791
0.705524	0.006965	0.705524	0.006931	0.705524	0.009308	0.693624	0.132062	0.705524	0.004254
0.673959	0.014281
0.682564	0.034296
0.631882	0.007672	0.705524	0.006846	0.705524	0.009430	0.705524	0.131872	0.705524	0.004409
0.666004	0.011114
0.636078	0.034355
0.705524	0.007151	0.705524	0.006864	0.705524	0.009222	0.705524	0.131128	0.705524	0.004454
0.695080	0.014910
0.639036	0.034446
0.705524	0.007470	0.705524	0.006738	0.705524	0.009344	0.693624	0.132125	0.705524	0.004119
0.709115	0.013390
0.709325	0.040258
0.646365	0.007986	0.705524	0.007101	0.705524	0.009506	0.705524	0.130788	0.705524	0.004431
0.695174	0.013199
0.681941	0.038439
0.705524	0.007260	0.705524	0.006421	0.705524	0.009043	0.705524	0.133225	0.705524	0.004726
0.628893	0.012843
0.712118	0.037565
0.674773	0.007720	0.705524	0.006552	0.705524	0.008950	0.705524	0.129799	0.705524	0.004675
0.683099	0.013365
0.696667	0.039940
0.600342	0.008009	0.705524	0.006826	0.705524	0.009124	0.705524	0.129227	0.705524	0.004016
0.655428	0.013475
0.677392	0.032844
0.624652	0.007741	0.705524	0.006602	0.705524	0.008952	0.705524	0.131195	0.705524	0.004779
0.620000	0.015754
0.652131	0.042455
0.705524	0.007316	0.705524	0.006188	0.705524	0.009462	0.705524	0.131171	0.705524	0.004057
0.688277	0.012599
0.684763	0.033218
0.693204	0.007194	0.705524	0.006993	0.705524	0.009008	0.705524	0.131392	0.705524	0.004807
0.533198	0.011604
0.700600	0.036210
0.693204	0.008461	0.705524	0.006537	0.705524	0.008798	0.705524	0.132966	0.705524	0.004342
0.694735	0.011466
0.692778	0.038921
0.705524	0.007334	0.705524	0.007084	0.705524	0.009401	0.705524	0.131546	0.705524	0.004558
0.739297	0.013550
0.675767	0.038196
0.693204	0.007962	0.705524	0.006699	0.705524	0.009220	0.705524	0.128008	0.705524	0.004374
0.696057	0.013893
0.671954	0.038649
0.693204	0.006955	0.705524	0.006142	0.693624	0.009078	0.705524	0.132676	0.705524	0.004363
0.696057	0.013010
0.734947	0.037501
0.693204	0.006799	0.705524	0.006437	0.705524	0.008880	0.705524	0.128976	0.705524	0.003926
0.614921	0.012180
0.692999	0.038901
0.665101	0.007418	0.705524	0.006419	0.705524	0.009471	0.693624	0.129283	0.705524	0.004597
0.679126	0.013772
0.656882	0.037162
0.693204	0.006742	0.705524	0.006193	0.705524	0.008664	0.705524	0.131343	0.705524	0.003958
0.672212	0.013041
0.645136	0.042804
0.705524	0.007633	0.705524	0.006790	0.705524	0.009210	0.705524	0.134939	0.705524	0.004448
0.627338	0.014578
0.707458	0.038817
0.634654	0.008627	0.705524	0.006484	0.705524	0.009166	0.705524	0.131357	0.705524	0.004086
0.593017	0.015072
0.693204	0.036504
0.566041	0.007594	0.705524	0.006965	0.705524	0.009583	0.705524	0.132350	0.705524	0.004346
0.636726	0.013094
0.693191	0.033672
0.705524	0.007204	0.705524	0.006669	0.705524	0.008999	0.705524	0.129645	0.705524	0.004068
0.633808	0.012855
0.703447	0.036688
0.652671	0.008596	0.705524	0.006931	0.705524	0.009195	0.705524	0.131728	0.705524	0.004691
0.626363	0.013285
0.690465	0.038395
0.601278	0.007869	0.705524	0.007784	0.705524	0.009655	0.705524	0.130967	0.705524	0.004879
0.695516	0.016085
0.692545	0.039680
0.693204	0.007544	0.705524	0.006873	0.705524	0.009325	0.705524	0.128963	0.705524	0.005517
0.717679	0.014090
0.670568	0.040628
0.693204	0.007381	0.705524	0.007077	0.693204	0.009203	0.705524	0.130933	0.705524	0.004633
0.655274	0.017452
0.670459	0.037586
0.693204	0.006967	0.705524	0.006616	0.705524	0.009098	0.705524	0.132307	0.705524	0.004671
0.742682	0.014470
0.683676	0.036507
0.693204	0.006954	0.705524	0.007509	0.705524	0.009089	0.705524	0.132349	0.705524	0.004186
0.672548	0.013580
0.723094	0.037374
0.693204	0.008330	0.705524	0.007219	0.705524	0.009595	0.705524	0.133635	0.705524	0.004462
0.739235	0.014820
0.711719	0.037215
0.596554	0.008601	0.705524	0.007006	0.705524	0.009296	0.705524	0.130629	0.705524	0.004797
0.731742	0.011441
0.702126	0.036392
0.693204	0.007360	0.705524	0.006316	0.705524	0.008981	0.705524	0.129638	0.705524	0.004740
0.695080	0.016458
0.701822	0.038595
0.705524	0.007295	0.705524	0.006244	0.705524	0.008955	0.705524	0.130673	0.705524	0.004503
0.653449	0.014214
0.644629	0.038786
0.693204	0.007880	0.705524	0.006856	0.705524	0.008989	0.705524	0.129875	0.705524	0.005194
0.651478	0.011270
0.659790	0.043308
0.693204	0.007176	0.705524	0.006606	0.705524	0.008901	0.705524	0.131493	0.705524	0.004526
0.684622	0.012267
0.624924	0.036891
0.693204	0.007098	0.705524	0.006616	0.705524	0.008973	0.705524	0.131139	0.693624	0.004383
0.674667	0.014635
0.629483	0.038447
0.705524	0.007740	0.705524	0.006716	0.705524	0.009195	0.705524	0.133417	0.705524	0.004941
0.723727	0.012369
0.671558	0.037933
0.624652	0.007121	0.705524	0.006828	0.705524	0.008804	0.705524	0.130327	0.693204	0.004413
0.658821	0.012574
0.747310	0.036761
0.683726	0.006985	0.705524	0.006633	0.705524	0.009036	0.705524	0.129489	0.705524	0.004833
0.709812	0.012909
0.682580	0.040567
0.693204	0.006943	0.705524	0.006343	0.705524	0.008780	0.705524	0.131784	0.705524	0.004571
0.675533	0.012766
0.717222	0.036317
0.693204	0.007063	0.705524	0.006869	0.705524	0.009699	0.705524	0.130567	0.705524	0.004883
0.694348	0.011982
0.688025	0.036480
0.693204	0.008175	0.705524	0.006932	0.705524	0.008815	0.705524	0.130459	0.705524	0.005426
0.653963	0.014873
0.655306	0.036865
0.695001	0.006848	0.705524	0.006772	0.705524	0.009092	0.705524	0.129633	0.705524	0.004563
0.660953	0.013266
0.703471	0.040516
0.631882	0.007527	0.705524	0.006314	0.693624	0.008974	0.705524	0.130794	0.705524	0.004227
0.711120	0.012592
0.626849	0.036476
0.705524	0.007665	0.705524	0.007135	0.705524	0.009888	0.705524	0.130380	0.705524	0.003870
0.611047	0.012717
0.676031	0.037865
0.705524	0.007036	0.705524	0.006621	0.705524	0.009110	0.705524	0.129423	0.705524	0.004369
0.695835	0.013988
0.692099	0.032548
delta = 0.800000, m = 18
0.693204	0.008582	0.705524	0.007924	0.705524	0.009642	0.705524	0.164341	0.705524	0.005368
0.687280	0.012666
0.693624	0.040830
0.613600	0.008732	0.705524	0.007563	0.705524	0.010373	0.705524	0.162450	0.705524	0.005286
0.697054	0.015149
0.631637	0.039257
0.610329	0.008375	0.705524	0.007777	0.705524	0.010392	0.705524	0.161484	0.705524	0.004755
0.669334	0.011301
0.712118	0.037119
0.693204	0.007777	0.705524	0.007237	0.705524	0.010175	0.705524	0.162902	0.705524	0.004954
0.656864	0.010807
0.674409	0.037632
0.693204	0.007833	0.705524	0.007187	0.705524	0.009570	0.705524	0.160132	0.705524	0.004626
0.682376	0.013707
0.657417	0.039403
0.693204	0.008394	0.705524	0.007551	0.705524	0.010114	0.705524	0.163116	0.693624	0.004768
0.643802	0.013870
0.640329	0.038444
0.705524	0.007633	0.705524	0.008128	0.705524	0.011346	0.705524	0.160154	0.705524	0.005117
0.695080	0.012705
0.642921	0.038762
0.693204	0.007668	0.705524	0.008068	0.705524	0.010063	0.705524	0.161053	0.705524	0.004640
0.650368	0.014150
0.692999	0.037903
0.705524	0.007914	0.705524	0.008347	0.705524	0.009849	0.705524	0.161240	0.705524	0.004850
0.739235	0.013049
0.644378	0.036466
0.693204	0.007562	0.705524	0.007599	0.705524	0.010730	0.705524	0.162035	0.705524	0.004515
0.638466	0.013745
0.675767	0.038437
0.693204	0.008573	0.705524	0.007349	0.705524	0.009515	0.705524	0.164676	0.705524	0.005139
0.641629	0.017794
0.708661	0.038616
0.631882	0.008831	0.705524	0.007220	0.705524	0.009707	0.705524	0.164857	0.705524	0.004522
0.685369	0.014249
0.676031	0.032236
0.693204	0.007498	0.705524	0.007549	0.705524	0.009679	0.705524	0.163580	0.705524	0.004846
0.717595	0.014610
0.690849	0.041888
0.679561	0.010075	0.705524	0.008170	0.705524	0.010810	0.705524	0.166138	0.705524	0.004906
0.688342	0.014466
0.682564	0.039413
0.639497	0.008543	0.705524	0.008138	0.705524	0.009692	0.705524	0.164261	0.705524	0.004629
0.659367	0.013452
0.701598	0.040838
0.708176	0.008254	0.705524	0.007770	0.705524	0.010129	0.705524	0.164892	0.705524	0.004644
0.704848	0.013725
0.692099	0.036407
0.610589	0.009880	0.705524	0.007552	0.705524	0.009864	0.705524	0.161907	0.705524	0.004249
0.671944	0.014497
0.681543	0.039593
0.693204	0.007661	0.705524	0.007227	0.705524	0.009926	0.705524	0.164817	0.705524	0.004582
0.702213	0.015213
0.685266	0.040498
0.693204	0.007609	0.705524	0.007549	0.705524	0.010374	0.705524	0.163521	0.705524	0.004658
0.661755	0.012914
0.693191	0.034845
0.693204	0.007549	0.705524	0.007660	0.705524	0.010461	0.705524	0.161406	0.705524	0.005082
0.667390	0.013959
0.705524	0.037354
0.677703	0.009786	0.705524	0.007871	0.705524	0.010271	0.705524	0.163049	0.705524	0.004531
0.711383	0.014097
0.705777	0.038133
0.693204	0.007558	0.705524	0.007669	0.693204	0.009638	0.705524	0.163279	0.705524	0.004472
0.653880	0.016192
0.681795	0.038578
0.693204	0.007674	0.705524	0.007330	0.705524	0.010037	0.705524	0.163164	0.705524	0.005071
0.609636	0.013195
0.708285	0.032199
0.618502	0.009158	0.705524	0.008014	0.705524	0.010059	0.705524	0.162912	0.705524	0.004459
0.674597	0.015577
0.692099	0.037367
0.693204	0.007808	0.705524	0.007753	0.705524	0.010251	0.705524	0.162765	0.705524	0.004486
0.683273	0.015045
0.693191	0.039925
0.693204	0.007937	0.705524	0.007344	0.705524	0.010364	0.705524	0.163162	0.705524	0.004356
0.624122	0.016599
0.689260	0.042788
0.626894	0.009596	0.705524	0.007719	0.693624	0.010144	0.705524	0.163507	0.705524	0.004925
0.669629	0.014642
0.701014	0.037411
0.693204	0.008024	0.705524	0.007770	0.705524	0.010359	0.705524	0.163238	0.705524	0.004574
0.660868	0.013320
0.681941	0.039772
0.697908	0.009298	0.705524	0.007666	0.705524	0.010483	0.705524	0.162821	0.705524	0.004556
0.723727	0.014534
0.700734	0.039181
0.693204	0.008324	0.705524	0.007850	0.705524	0.010691	0.693624	0.163613	0.705524	0.004393
0.698844	0.013036
0.679800	0.038453
0.610589	0.009888	0.705524	0.007399	0.705524	0.009803	0.705524	0.164110	0.705524	0.004874
0.716642	0.018073
0.685150	0.035203
0.635827	0.009109	0.705524	0.008029	0.705524	0.009645	0.705524	0.164808	0.705524	0.004694
0.640156	0.015038
0.657696	0.036739
0.652671	0.008513	0.705524	0.007524	0.705524	0.010289	0.705524	0.161047	0.705524	0.004594
0.701933	0.015941
0.653950	0.038784
0.705524	0.008117	0.705524	0.007581	0.705524	0.009943	0.705524	0.164330	0.705524	0.005001
0.682424	0.014465
0.733211	0.041917
0.694425	0.008155	0.705524	0.007511	0.705524	0.009769	0.705524	0.162486	0.705524	0.005280
0.680872	0.013490
0.667701	0.037201
0.697908	0.008784	0.705524	0.008043	0.705524	0.012422	0.705524	0.163503	0.705524	0.005083
0.668010	0.014714
0.632259	0.036662
0.618502	0.009823	0.705524	0.007623	0.705524	0.010390	0.705524	0.164932	0.705524	0.004898
0.704680	0.015000
0.677166	0.035558
0.527017	0.009113	0.705524	0.007639	0.705524	0.010122	0.705524	0.160083	0.705524	0.004597
0.719666	0.015541
0.684252	0.034457
0.618502	0.009218	0.705524	0.007401	0.705524	0.010147	0.705524	0.165227	0.705524	0.004745
0.717356	0.018730
0.652706	0.038565
0.693204	0.008602	0.705524	0.007714	0.705524	0.010447	0.705524	0.164921	0.705524	0.004401
0.653063	0.015428
0.638562	0.038178
0.647712	0.009444	0.705524	0.007456	0.705524	0.010023	0.705524	0.163542	0.705524	0.004159
0.682189	0.015005
0.622936	0.036488
0.679561	0.010366	0.705524	0.007429	0.705524	0.010334	0.705524	0.163154	0.693204	0.004214
0.685415	0.013943
0.645131	0.037857
0.708176	0.007953	0.705524	0.007545	0.705524	0.009722	0.705524	0.163028	0.705524	0.005055
0.635520	0.014986
0.681795	0.039591
0.693204	0.008020	0.705524	0.007958	0.705524	0.010104	0.705524	0.162087	0.705524	0.004957
0.644451	0.011560
0.692999	0.037260
0.693204	0.008118	0.705524	0.008051	0.705524	0.010621	0.705524	0.162731	0.705524	0.004581
0.682189	0.012507
0.709325	0.037187
0.693204	0.007816	0.705524	0.007641	0.705524	0.010118	0.705524	0.164295	0.705524	0.004769
0.673758	0.015273
0.706110	0.033849
0.705524	0.008831	0.705524	0.007589	0.705524	0.010549	0.705524	0.165921	0.705524	0.005417
0.660617	0.015150
0.705357	0.038950
0.693204	0.008939	0.705524	0.007974	0.705524	0.011085	0.705524	0.168489	0.705524	0.005316
0.679638	0.015631
0.670459	0.038752
0.693204	0.008204	0.705524	0.007422	0.705524	0.010832	0.705524	0.162956	0.705524	0.004433
0.663381	0.013510
0.669437	0.037532
0.640432	0.008247	0.705524	0.007099	0.705524	0.010387	0.705524	0.160403	0.705524	0.005478
0.688168	0.012955
0.638917	0.036302
delta = 0.800000, m = 20
0.705524	0.009589	0.705524	0.008477	0.705524	0.010509	0.705524	0.192574	0.705524	0.004889
0.627161	0.014518
0.685664	0.038318
0.662258	0.010407	0.705524	0.008175	0.705524	0.010442	0.705524	0.190090	0.705524	0.005251
0.679906	0.013922
0.689739	0.039498
0.693204	0.009853	0.705524	0.007873	0.705524	0.011110	0.705524	0.192373	0.705524	0.004938
0.709115	0.016302
0.679612	0.045206
0.617775	0.009535	0.705524	0.008022	0.705524	0.010685	0.705524	0.193863	0.705524	0.005094
0.679390	0.013502
0.680968	0.039739
0.705524	0.009035	0.705524	0.008887	0.705524	0.010843	0.705524	0.193680	0.705524	0.004967
0.702898	0.016134
0.644760	0.041452
0.693204	0.009423	0.705524	0.007991	0.705524	0.010912	0.705524	0.191260	0.705524	0.004836
0.635514	0.012534
0.670459	0.041123
0.693204	0.009426	0.705524	0.008756	0.705524	0.010857	0.705524	0.192386	0.705524	0.005339
0.681780	0.014884
0.654320	0.039660
0.617775	0.010620	0.705524	0.007537	0.705524	0.010922	0.705524	0.192523	0.705524	0.004760
0.641513	0.014136
0.685664	0.037891
0.705524	0.009500	0.705524	0.008038	0.705524	0.010824	0.705524	0.194904	0.705524	0.005316
0.704285	0.015772
0.645893	0.035641
0.693204	0.008684	0.705524	0.008394	0.705524	0.010769	0.705524	0.196981	0.705524	0.005299
0.665647	0.015352
0.644911	0.036773
0.693204	0.009253	0.705524	0.008041	0.693624	0.011227	0.705524	0.193611	0.705524	0.005095
0.672212	0.014990
0.693204	0.035578
0.693204	0.008277	0.705524	0.008152	0.705524	0.010911	0.705524	0.195446	0.705524	0.004824
0.694927	0.017656
0.711472	0.036087
0.682564	0.009660	0.705524	0.008253	0.705524	0.011228	0.705524	0.195180	0.705524	0.005374
0.651834	0.013812
0.695896	0.038745
0.658813	0.010705	0.705524	0.008539	0.705524	0.010985	0.705524	0.192293	0.705524	0.004913
0.660934	0.014091
0.686052	0.037567
0.705524	0.009712	0.705524	0.008476	0.705524	0.011055	0.705524	0.193914	0.693204	0.005049
0.731323	0.014924
0.672371	0.038065
0.705524	0.009575	0.705524	0.008195	0.705524	0.010694	0.705524	0.193496	0.705524	0.005256
0.669629	0.015495
0.706892	0.040098
0.705524	0.009133	0.705524	0.007980	0.705524	0.010551	0.705524	0.194961	0.705524	0.005552
0.695516	0.014506
0.693191	0.040508
0.693204	0.008170	0.705524	0.007859	0.705524	0.010310	0.705524	0.197180	0.705524	0.005592
0.697054	0.014344
0.707336	0.037844
0.693204	0.008387	0.705524	0.008805	0.705524	0.011486	0.705524	0.190333	0.705524	0.004925
0.710068	0.014375
0.672520	0.036649
0.705524	0.008291	0.705524	0.008564	0.705524	0.010696	0.705524	0.198935	0.705524	0.005823
0.645260	0.017359
0.638325	0.041010
0.694425	0.009419	0.705524	0.008309	0.705524	0.011063	0.705524	0.193588	0.705524	0.004793
0.659384	0.011964
0.715752	0.034205
0.693204	0.009346	0.705524	0.008737	0.705524	0.011392	0.705524	0.191689	0.705524	0.005041
0.598363	0.015234
0.694324	0.043580
0.693204	0.009435	0.705524	0.008358	0.705524	0.010662	0.705524	0.190832	0.705524	0.004772
0.674814	0.015253
0.693204	0.037612
0.705524	0.008777	0.705524	0.008427	0.693624	0.010766	0.705524	0.195283	0.705524	0.005200
0.673453	0.015366
0.638562	0.038757
0.705524	0.008543	0.705524	0.008543	0.705524	0.010804	0.705524	0.198135	0.705524	0.004572
0.688277	0.015740
0.674409	0.041236
0.693204	0.007919	0.705524	0.008455	0.705524	0.011128	0.705524	0.194768	0.705524	0.004540
0.672857	0.017308
0.680968	0.039772
0.647712	0.009335	0.705524	0.007741	0.705524	0.010646	0.705524	0.193408	0.705524	0.005219
0.652010	0.011995
0.666345	0.036902
0.693204	0.009658	0.705524	0.007935	0.705524	0.011154	0.705524	0.192671	0.705524	0.004748
0.640010	0.014867
0.655233	0.037532
0.645646	0.009933	0.705524	0.008526	0.705524	0.011322	0.705524	0.196357	0.705524	0.006346
0.644906	0.015853
0.672371	0.036406
0.620262	0.009776	0.705524	0.008109	0.693204	0.010647	0.705524	0.192470	0.705524	0.005168
0.702898	0.014211
0.654087	0.040485
0.632963	0.010592	0.705524	0.009516	0.705524	0.011251	0.705524	0.193395	0.705524	0.005234
0.676140	0.016541
0.642200	0.038952
0.693204	0.009001	0.705524	0.008332	0.705524	0.011213	0.705524	0.195930	0.693204	0.005294
0.687280	0.014839
0.681497	0.037575
0.693204	0.008897	0.705524	0.008512	0.705524	0.011129	0.705524	0.194179	0.705524	0.005158
0.710068	0.015328
0.697965	0.037393
0.693204	0.008199	0.705524	0.008719	0.705524	0.011177	0.705524	0.195069	0.705524	0.005486
0.691178	0.015770
0.685517	0.041920
0.617775	0.009635	0.705524	0.008351	0.705524	0.011877	0.705524	0.193305	0.705524	0.005470
0.758273	0.014512
0.667701	0.041539
0.696237	0.010168	0.705524	0.008714	0.705524	0.012163	0.705524	0.194968	0.705524	0.005185
0.701919	0.014178
0.692999	0.037040
0.693204	0.008906	0.705524	0.007820	0.705524	0.010917	0.705524	0.194670	0.705524	0.005643
0.695262	0.013893
0.694425	0.037730
0.617775	0.009466	0.705524	0.008495	0.693624	0.012506	0.705524	0.196177	0.705524	0.004910
0.676140	0.015647
0.599832	0.044658
0.610589	0.010931	0.705524	0.008116	0.705524	0.010444	0.705524	0.193344	0.705524	0.004809
0.725603	0.015117
0.672913	0.040096
0.693204	0.009032	0.705524	0.007859	0.705524	0.010798	0.705524	0.194037	0.705524	0.005095
0.710068	0.018313
0.573936	0.039436
0.707336	0.009390	0.705524	0.008893	0.705524	0.011093	0.705524	0.195200	0.705524	0.005110
0.669189	0.017662
0.697195	0.038458
0.693204	0.008789	0.705524	0.008026	0.705524	0.010990	0.705524	0.191649	0.705524	0.005168
0.700550	0.015800
0.696237	0.038454
0.693204	0.007753	0.705524	0.008036	0.705524	0.011042	0.705524	0.193132	0.705524	0.005231
0.703906	0.016274
0.656764	0.038430
0.642364	0.010381	0.705524	0.008854	0.705524	0.011107	0.705524	0.196716	0.705524	0.005367
0.654586	0.012231
0.652700	0.040237
0.705524	0.008485	0.705524	0.008607	0.705524	0.011844	0.705524	0.194500	0.705524	0.005262
0.648860	0.015341
0.673699	0.039801
0.587686	0.009813	0.705524	0.009003	0.705524	0.011358	0.705524	0.196244	0.705524	0.004865
0.679288	0.011931
0.642096	0.038366
0.693204	0.008422	0.705524	0.008851	0.705524	0.011503	0.705524	0.194414	0.705524	0.004836
0.658134	0.012803
0.679800	0.039154
0.693204	0.008529	0.705524	0.009008	0.705524	0.011089	0.705524	0.195026	0.705524	0.005114
0.566487	0.013079
0.645131	0.038726
0.693204	0.008592	0.705524	0.008210	0.693204	0.010503	0.705524	0.193074	0.705524	0.004878
0.695262	0.014242
0.672371	0.037852
0.705524	0.009051	0.705524	0.008218	0.705524	0.010394	0.705524	0.195463	0.705524	0.005137
0.662466	0.015463
0.693191	0.036348
0.693204	0.032815
