delta = 0.260000, m = 6
0.778198	0.920000	0.354507	0.727776	0.873333	0.079660	0.750781	0.886667	0.037124	0.789962	0.926667	0.082445
0.736171	0.826667	0.012830	0.737888	0.860000	0.038426	0.758206	0.893333	0.007592	0.794144	0.913333	0.004031
0.708994	0.733333	0.004480	0.798067	0.900000	0.035811	0.805754	0.906667	0.005464	0.556921	0.546667	0.006258
0.777317	0.880000	0.004541	0.784596	0.906667	0.035218	0.758206	0.893333	0.006824	0.458473	0.613333	0.003078
0.805754	0.906667	0.005009	0.785696	0.906667	0.035312	0.798067	0.900000	0.005947	0.758206	0.893333	0.002832
0.741932	0.886667	0.004783	0.711547	0.766667	0.035646	0.777706	0.900000	0.006783	0.777317	0.880000	0.002924
0.805754	0.906667	0.005227	0.758206	0.893333	0.037626	0.750781	0.886667	0.006093	0.776496	0.900000	0.004035
0.805754	0.906667	0.004967	0.885062	0.966667	0.041106	0.798067	0.900000	0.006608	0.648228	0.833333	0.003226
0.549635	0.660000	0.003866	0.795905	0.926667	0.035159	0.777706	0.900000	0.006354	0.802448	0.926667	0.002985
0.710996	0.720000	0.004028	0.717175	0.786667	0.034237	0.777706	0.900000	0.006393	0.709737	0.726667	0.003698
0.771104	0.873333	0.004917	0.777317	0.880000	0.033937	0.750781	0.886667	0.006228	0.727431	0.866667	0.003185
0.766057	0.900000	0.003890	0.677615	0.733333	0.033447	0.777706	0.900000	0.005684	0.770141	0.893333	0.003680
0.709737	0.726667	0.004602	0.790781	0.893333	0.034418	0.783870	0.886667	0.005853	0.709737	0.726667	0.003789
0.822641	0.933333	0.004276	0.759643	0.860000	0.033706	0.790781	0.893333	0.006039	0.790781	0.893333	0.003395
0.805754	0.906667	0.004544	0.702355	0.806667	0.035860	0.777706	0.900000	0.005954	0.727280	0.846667	0.003526
0.783870	0.886667	0.004667	0.765724	0.913333	0.034867	0.777706	0.900000	0.006411	0.783870	0.886667	0.003845
0.813866	0.913333	0.004580	0.759643	0.860000	0.035442	0.798067	0.900000	0.005725	0.798067	0.900000	0.003106
0.777317	0.880000	0.004828	0.766057	0.900000	0.034696	0.790781	0.893333	0.005177	0.741932	0.886667	0.003981
0.760877	0.906667	0.005070	0.770141	0.893333	0.036061	0.790781	0.893333	0.005574	0.766057	0.900000	0.003593
0.774365	0.906667	0.005971	0.777317	0.880000	0.034362	0.790781	0.893333	0.005897	0.771104	0.873333	0.003943
0.735303	0.886667	0.004160	0.880111	0.966667	0.033612	0.783870	0.886667	0.006101	0.822641	0.933333	0.003106
0.743657	0.866667	0.004282	0.709737	0.726667	0.034296	0.758206	0.893333	0.005530	0.770141	0.893333	0.003530
0.798067	0.900000	0.004414	0.790781	0.893333	0.036587	0.790781	0.893333	0.006621	0.744707	0.840000	0.003602
0.708994	0.733333	0.005348	0.741932	0.886667	0.034666	0.790781	0.893333	0.006134	0.761536	0.886667	0.003069
0.722422	0.840000	0.004586	0.639932	0.800000	0.033583	0.758206	0.893333	0.005969	0.766057	0.900000	0.003075
0.766057	0.900000	0.004046	0.765217	0.866667	0.033465	0.758206	0.893333	0.006155	0.765217	0.866667	0.003529
0.725428	0.806667	0.005573	0.785696	0.906667	0.035444	0.805754	0.906667	0.006347	0.790781	0.893333	0.003281
0.710996	0.720000	0.004439	0.790781	0.893333	0.035165	0.750781	0.886667	0.006218	0.783870	0.886667	0.003376
0.708717	0.740000	0.003989	0.741932	0.886667	0.034577	0.798067	0.900000	0.005454	0.732433	0.853333	0.003125
0.710996	0.720000	0.003963	0.743755	0.880000	0.034880	0.790781	0.893333	0.005933	0.708717	0.740000	0.003848
0.516965	0.733333	0.004551	0.750781	0.886667	0.034776	0.758206	0.893333	0.005529	0.687169	0.780000	0.003904
0.805754	0.906667	0.005474	0.708717	0.740000	0.035640	0.750781	0.886667	0.005740	0.766057	0.900000	0.003713
0.777317	0.880000	0.004258	0.708717	0.740000	0.034385	0.758206	0.893333	0.006453	0.688936	0.860000	0.003627
0.253638	0.526667	0.004550	0.790781	0.893333	0.034518	0.777706	0.900000	0.006400	0.741932	0.886667	0.003539
0.777317	0.880000	0.004738	0.777706	0.900000	0.034274	0.783870	0.886667	0.005817	0.750781	0.886667	0.003650
0.759643	0.860000	0.004118	0.705815	0.813333	0.033664	0.790781	0.893333	0.005870	0.736171	0.826667	0.003892
0.777706	0.900000	0.004914	0.802448	0.926667	0.033540	0.790781	0.893333	0.006319	0.790781	0.893333	0.003298
0.766057	0.900000	0.004135	0.737888	0.860000	0.033697	0.777706	0.900000	0.006576	0.622689	0.713333	0.004736
0.727749	0.880000	0.005036	0.765217	0.866667	0.042508	0.798067	0.900000	0.006185	0.576851	0.746667	0.003738
0.775657	0.913333	0.005133	0.708864	0.746667	0.035145	0.790781	0.893333	0.006570	0.785696	0.906667	0.002880
0.777317	0.880000	0.004391	0.741932	0.886667	0.034744	0.798067	0.900000	0.005943	0.660794	0.840000	0.002763
0.798067	0.900000	0.004558	0.728735	0.813333	0.034881	0.758206	0.893333	0.006592	0.758206	0.893333	0.003309
0.690602	0.840000	0.005167	0.741932	0.886667	0.035126	0.798067	0.900000	0.005649	0.670539	0.586667	0.002774
0.805754	0.906667	0.005172	0.766057	0.900000	0.036081	0.777706	0.900000	0.006204	0.709551	0.820000	0.002959
0.777317	0.880000	0.005509	0.705815	0.813333	0.034499	0.798067	0.900000	0.005640	0.777340	0.920000	0.003936
0.737888	0.860000	0.003973	0.719236	0.853333	0.034135	0.798067	0.900000	0.005475	0.748584	0.893333	0.004338
0.709737	0.726667	0.004505	0.789962	0.926667	0.035089	0.783870	0.886667	0.006074	0.783870	0.886667	0.003208
0.705815	0.813333	0.004507	0.765724	0.913333	0.034919	0.790781	0.893333	0.005727	0.777706	0.900000	0.004792
0.702355	0.806667	0.004498	0.734654	0.880000	0.035284	0.758206	0.893333	0.006216	0.750781	0.886667	0.003254
0.749637	0.893333	0.004654	0.777317	0.880000	0.033552	0.798067	0.900000	0.006000	0.805754	0.906667	0.003263
delta = 0.260000, m = 7
0.833375	0.940000	0.014810	0.749637	0.893333	0.040368	0.777706	0.900000	0.006235	0.766057	0.900000	0.003415
0.805754	0.906667	0.005183	0.737888	0.860000	0.040836	0.790781	0.893333	0.006636	0.597394	0.706667	0.003858
0.690602	0.840000	0.005224	0.785696	0.906667	0.040135	0.798067	0.900000	0.006301	0.713562	0.826667	0.003455
0.722422	0.840000	0.005475	0.585404	0.673333	0.039891	0.790781	0.893333	0.006687	0.623330	0.720000	0.003454
0.727776	0.873333	0.004530	0.725428	0.806667	0.040952	0.798067	0.900000	0.005614	0.777706	0.900000	0.003613
0.798067	0.900000	0.004575	0.728735	0.813333	0.041984	0.798067	0.900000	0.006801	0.783870	0.886667	0.003320
0.708864	0.746667	0.005309	0.790781	0.893333	0.040112	0.805754	0.906667	0.006885	0.722422	0.840000	0.003240
0.312988	0.566667	0.005326	0.708864	0.746667	0.040892	0.783870	0.886667	0.006267	0.777317	0.880000	0.004303
0.709737	0.726667	0.004558	0.790781	0.893333	0.040772	0.777706	0.900000	0.007129	0.689744	0.786667	0.003643
0.813045	0.933333	0.004297	0.709401	0.753333	0.040742	0.783870	0.886667	0.006075	0.679522	0.860000	0.003306
0.812566	0.926667	0.004719	0.785696	0.906667	0.041722	0.758206	0.893333	0.006432	0.748065	0.873333	0.003357
0.749396	0.846667	0.004844	0.777706	0.900000	0.040019	0.758206	0.893333	0.006283	0.722397	0.800000	0.003212
0.777317	0.880000	0.004994	0.371041	0.526667	0.042340	0.750781	0.886667	0.006676	0.623330	0.720000	0.004138
0.708864	0.746667	0.004829	0.805754	0.906667	0.041090	0.783870	0.886667	0.006080	0.767290	0.913333	0.003096
0.708994	0.733333	0.005794	0.783870	0.886667	0.042016	0.783870	0.886667	0.006427	0.710056	0.860000	0.003218
0.722397	0.800000	0.005464	0.777706	0.900000	0.041400	0.758206	0.893333	0.005695	0.521413	0.640000	0.003592
0.728735	0.813333	0.005651	0.639680	0.733333	0.040702	0.798067	0.900000	0.006042	0.805754	0.906667	0.003273
0.708864	0.746667	0.004735	0.749637	0.893333	0.041964	0.777706	0.900000	0.006146	0.677965	0.740000	0.003397
0.759643	0.860000	0.005126	0.722422	0.840000	0.039596	0.750781	0.886667	0.005938	0.708994	0.733333	0.003788
0.709737	0.726667	0.005398	0.734654	0.880000	0.041755	0.790781	0.893333	0.006035	0.547912	0.720000	0.003322
0.736171	0.826667	0.004586	0.778198	0.920000	0.040195	0.758206	0.893333	0.006153	0.727280	0.846667	0.003185
0.737888	0.860000	0.004489	0.728735	0.813333	0.043410	0.798067	0.900000	0.005986	0.661065	0.793333	0.004121
0.785696	0.906667	0.004877	0.741932	0.886667	0.039945	0.758206	0.893333	0.005578	0.777317	0.880000	0.003737
0.813866	0.913333	0.005146	0.758206	0.893333	0.041451	0.750781	0.886667	0.006022	0.708717	0.740000	0.003237
0.803086	0.920000	0.004732	0.730376	0.886667	0.040340	0.741932	0.886667	0.006195	0.766459	0.906667	0.003778
0.813866	0.913333	0.004138	0.766057	0.900000	0.040668	0.798067	0.900000	0.006145	0.798067	0.900000	0.003314
0.770141	0.893333	0.004808	0.708717	0.740000	0.040820	0.777317	0.880000	0.006106	0.758206	0.893333	0.003439
0.708994	0.733333	0.004253	0.759643	0.860000	0.042693	0.777706	0.900000	0.007364	0.748065	0.873333	0.003612
0.710303	0.760000	0.005674	0.754966	0.906667	0.044410	0.790781	0.893333	0.005886	0.680912	0.826667	0.003771
0.777317	0.880000	0.004362	0.774365	0.906667	0.041029	0.777706	0.900000	0.006383	0.803086	0.920000	0.002871
0.798067	0.900000	0.004960	0.798067	0.900000	0.041663	0.750781	0.886667	0.007155	0.777317	0.880000	0.003446
0.708994	0.733333	0.005428	0.748065	0.873333	0.041091	0.777706	0.900000	0.006005	0.658562	0.746667	0.003832
0.790781	0.893333	0.004691	0.798067	0.900000	0.040813	0.741932	0.886667	0.006013	0.777317	0.880000	0.003541
0.708717	0.740000	0.005455	0.750781	0.886667	0.041978	0.798067	0.900000	0.007593	0.822641	0.933333	0.003023
0.777317	0.880000	0.004819	0.710303	0.760000	0.041647	0.758206	0.893333	0.006445	0.785696	0.906667	0.004460
0.805754	0.906667	0.006532	0.699096	0.806667	0.041912	0.741932	0.886667	0.006185	0.672915	0.813333	0.003774
0.740300	0.833333	0.004992	0.750781	0.886667	0.039995	0.798067	0.900000	0.006302	0.553413	0.686667	0.003289
0.771104	0.873333	0.004692	0.777317	0.880000	0.042265	0.777706	0.900000	0.006904	0.708994	0.733333	0.004401
0.734654	0.880000	0.004809	0.750781	0.886667	0.040573	0.758206	0.893333	0.005671	0.709737	0.726667	0.003563
0.722397	0.800000	0.004962	0.749396	0.846667	0.040018	0.758206	0.893333	0.006298	0.722397	0.800000	0.004511
0.790781	0.893333	0.004441	0.790781	0.893333	0.040303	0.798067	0.900000	0.006201	0.785696	0.906667	0.003049
0.728735	0.813333	0.004463	0.777317	0.880000	0.039811	0.805754	0.906667	0.005845	0.833375	0.940000	0.004399
0.777317	0.880000	0.005180	0.824387	0.940000	0.041106	0.798067	0.900000	0.006517	0.777706	0.900000	0.003237
0.708142	0.866667	0.004491	0.750781	0.886667	0.041234	0.798067	0.900000	0.006198	0.749637	0.893333	0.003008
0.759643	0.860000	0.004689	0.654443	0.780000	0.041115	0.783870	0.886667	0.006850	0.709401	0.753333	0.003368
0.708994	0.733333	0.005067	0.774365	0.906667	0.040220	0.798067	0.900000	0.005865	0.743657	0.866667	0.003892
0.722422	0.840000	0.004126	0.708717	0.740000	0.040612	0.741932	0.886667	0.007025	0.813045	0.933333	0.003204
0.711547	0.766667	0.005581	0.822641	0.933333	0.040620	0.758206	0.893333	0.006930	0.749637	0.893333	0.003074
0.777317	0.880000	0.004290	0.734654	0.880000	0.042881	0.798067	0.900000	0.005766	0.816711	0.940000	0.003384
0.725428	0.806667	0.004754	0.790781	0.893333	0.040236	0.798067	0.900000	0.006770	0.713116	0.773333	0.003372
delta = 0.260000, m = 8
0.722397	0.800000	0.006104	0.759643	0.860000	0.047093	0.790781	0.893333	0.006445	0.798067	0.900000	0.003614
0.722397	0.800000	0.006871	0.709401	0.753333	0.048559	0.798067	0.900000	0.006015	0.777317	0.880000	0.003559
0.798067	0.900000	0.004285	0.749751	0.873333	0.044677	0.798067	0.900000	0.006468	0.777317	0.880000	0.003740
0.805754	0.906667	0.004420	0.777340	0.920000	0.046529	0.790781	0.893333	0.006509	0.798067	0.900000	0.003341
0.741932	0.886667	0.004906	0.777317	0.880000	0.048114	0.805754	0.906667	0.007168	0.749396	0.846667	0.004040
0.798067	0.900000	0.005135	0.682866	0.766667	0.047231	0.798067	0.900000	0.006079	0.750781	0.886667	0.003761
0.740300	0.833333	0.005515	0.798067	0.900000	0.046518	0.798067	0.900000	0.006303	0.813866	0.913333	0.003533
0.740300	0.833333	0.004617	0.766057	0.900000	0.046689	0.798067	0.900000	0.006680	0.824387	0.940000	0.003993
0.713116	0.773333	0.005207	0.741932	0.886667	0.048095	0.798067	0.900000	0.006035	0.709737	0.726667	0.003765
0.805754	0.906667	0.004804	0.758206	0.893333	0.047301	0.798067	0.900000	0.005897	0.758206	0.893333	0.003733
0.777317	0.880000	0.005776	0.720031	0.840000	0.047113	0.783870	0.886667	0.007089	0.777317	0.880000	0.003386
0.722397	0.800000	0.005008	0.770141	0.893333	0.046600	0.798067	0.900000	0.006148	0.624547	0.506667	0.003628
0.805754	0.906667	0.004704	0.758206	0.893333	0.048147	0.790781	0.893333	0.006528	0.656556	0.733333	0.003761
0.709737	0.726667	0.005702	0.732316	0.820000	0.046810	0.798067	0.900000	0.006486	0.589044	0.833333	0.004148
0.798067	0.900000	0.005130	0.805754	0.906667	0.045415	0.798067	0.900000	0.006455	0.705815	0.813333	0.003673
0.722397	0.800000	0.004939	0.798067	0.900000	0.047842	0.798067	0.900000	0.005967	0.748065	0.873333	0.003878
0.798067	0.900000	0.004775	0.713562	0.826667	0.047254	0.758206	0.893333	0.007528	0.727280	0.846667	0.003156
0.805754	0.906667	0.005772	0.766057	0.900000	0.049507	0.798067	0.900000	0.006025	0.756185	0.880000	0.003265
0.709737	0.726667	0.007103	0.798067	0.900000	0.047376	0.777317	0.880000	0.006633	0.758206	0.893333	0.003711
0.777317	0.880000	0.005454	0.798067	0.900000	0.047896	0.790781	0.893333	0.005993	0.760877	0.906667	0.004193
0.836583	0.946667	0.004677	0.709737	0.726667	0.049237	0.750781	0.886667	0.006662	0.698945	0.866667	0.003142
0.719644	0.793333	0.004776	0.775657	0.913333	0.049668	0.783870	0.886667	0.006453	0.728735	0.813333	0.004804
0.777317	0.880000	0.005260	0.740300	0.833333	0.047200	0.798067	0.900000	0.006090	0.701744	0.860000	0.004071
0.777317	0.880000	0.005091	0.728735	0.813333	0.046854	0.783870	0.886667	0.007155	0.765217	0.866667	0.002870
0.758206	0.893333	0.005326	0.722422	0.840000	0.047861	0.790781	0.893333	0.005968	0.728735	0.813333	0.003719
0.709737	0.726667	0.005741	0.790781	0.893333	0.047483	0.758206	0.893333	0.006042	0.777317	0.880000	0.003609
0.790781	0.893333	0.004905	0.758206	0.893333	0.048431	0.798067	0.900000	0.006331	0.709401	0.753333	0.003929
0.744707	0.840000	0.004683	0.743657	0.866667	0.045883	0.798067	0.900000	0.007182	0.727280	0.846667	0.003388
0.790781	0.893333	0.005465	0.813866	0.913333	0.046111	0.798067	0.900000	0.007354	0.777706	0.900000	0.004269
0.711547	0.766667	0.006502	0.758206	0.893333	0.057034	0.798067	0.900000	0.007039	0.737888	0.860000	0.003617
0.822641	0.933333	0.005225	0.743317	0.893333	0.047422	0.758206	0.893333	0.006784	0.499960	0.593333	0.004069
0.709737	0.726667	0.005302	0.805754	0.906667	0.046542	0.790781	0.893333	0.006637	0.709551	0.820000	0.003154
0.750781	0.886667	0.005062	0.738735	0.893333	0.049241	0.798067	0.900000	0.006631	0.766057	0.900000	0.003070
0.798067	0.900000	0.005807	0.747635	0.900000	0.047041	0.783870	0.886667	0.006785	0.795905	0.926667	0.004064
0.706021	0.873333	0.005608	0.770141	0.893333	0.047231	0.798067	0.900000	0.005968	0.758206	0.893333	0.003386
0.790781	0.893333	0.004895	0.789962	0.926667	0.047164	0.777706	0.900000	0.006354	0.738735	0.893333	0.003420
0.709737	0.726667	0.004950	0.774365	0.906667	0.047002	0.777706	0.900000	0.005985	0.785696	0.906667	0.003981
0.713116	0.773333	0.005364	0.758206	0.893333	0.046407	0.798067	0.900000	0.006727	0.749751	0.873333	0.003178
0.798067	0.900000	0.005504	0.798067	0.900000	0.047420	0.805754	0.906667	0.006356	0.785696	0.906667	0.002994
0.759643	0.860000	0.004647	0.770141	0.893333	0.045769	0.798067	0.900000	0.006258	0.722422	0.840000	0.003080
0.708864	0.746667	0.005172	0.734654	0.880000	0.047798	0.783870	0.886667	0.006573	0.708994	0.733333	0.003631
0.732316	0.820000	0.005456	0.708994	0.733333	0.048414	0.798067	0.900000	0.006723	0.569278	0.813333	0.002946
0.813866	0.913333	0.005141	0.740300	0.833333	0.045491	0.777706	0.900000	0.007433	0.758206	0.893333	0.003697
0.708864	0.746667	0.005044	0.798067	0.900000	0.047725	0.758206	0.893333	0.006171	0.770141	0.893333	0.003704
0.713116	0.773333	0.005639	0.785450	0.920000	0.046048	0.798067	0.900000	0.007049	0.777317	0.880000	0.003370
0.777706	0.900000	0.005767	0.777706	0.900000	0.047312	0.777706	0.900000	0.006443	0.790781	0.893333	0.003059
0.711547	0.766667	0.004780	0.770141	0.893333	0.046553	0.798067	0.900000	0.006855	0.743657	0.866667	0.003860
0.805754	0.906667	0.005134	0.750781	0.886667	0.045786	0.783870	0.886667	0.006337	0.749751	0.873333	0.003220
0.740300	0.833333	0.004788	0.709737	0.726667	0.047287	0.798067	0.900000	0.006682	0.766057	0.900000	0.003170
0.708994	0.733333	0.005446	0.709401	0.753333	0.049173	0.777317	0.880000	0.007588	0.785450	0.920000	0.003339
delta = 0.260000, m = 9
0.762975	0.886667	0.005309	0.771104	0.873333	0.054701	0.798067	0.900000	0.006560	0.758206	0.893333	0.003575
0.732433	0.853333	0.005076	0.798067	0.900000	0.056575	0.798067	0.900000	0.006895	0.677233	0.833333	0.003910
0.777317	0.880000	0.005218	0.722397	0.800000	0.055786	0.777317	0.880000	0.006565	0.758206	0.893333	0.003526
0.798067	0.900000	0.004997	0.798067	0.900000	0.054134	0.777706	0.900000	0.006639	0.758206	0.893333	0.004787
0.758206	0.893333	0.006420	0.766057	0.900000	0.054336	0.777706	0.900000	0.006757	0.771104	0.873333	0.003158
0.740300	0.833333	0.005687	0.777317	0.880000	0.054888	0.798067	0.900000	0.007306	0.709737	0.726667	0.003735
0.732316	0.820000	0.005597	0.777317	0.880000	0.053009	0.798067	0.900000	0.006408	0.783870	0.886667	0.003766
0.790781	0.893333	0.006128	0.762975	0.886667	0.055620	0.790781	0.893333	0.006900	0.789962	0.926667	0.003091
0.771104	0.873333	0.005421	0.717175	0.786667	0.056027	0.798067	0.900000	0.006185	0.777317	0.880000	0.003230
0.790781	0.893333	0.005610	0.777317	0.880000	0.054246	0.798067	0.900000	0.006479	0.790781	0.893333	0.004736
0.759643	0.860000	0.005001	0.790781	0.893333	0.053818	0.777317	0.880000	0.006641	0.732316	0.820000	0.004526
0.798067	0.900000	0.005138	0.802731	0.933333	0.054588	0.798067	0.900000	0.007156	0.758206	0.893333	0.003526
0.777317	0.880000	0.004881	0.783870	0.886667	0.054584	0.777706	0.900000	0.008256	0.777706	0.900000	0.003712
0.750781	0.886667	0.005584	0.798067	0.900000	0.053954	0.798067	0.900000	0.006799	0.750781	0.886667	0.003820
0.777317	0.880000	0.004961	0.777317	0.880000	0.053828	0.798067	0.900000	0.007078	0.503256	0.600000	0.003364
0.798067	0.900000	0.005394	0.777317	0.880000	0.057180	0.783870	0.886667	0.006816	0.749751	0.873333	0.003652
0.750781	0.886667	0.005820	0.757800	0.900000	0.055286	0.798067	0.900000	0.006598	0.777706	0.900000	0.004657
0.805754	0.906667	0.004903	0.758206	0.893333	0.054733	0.798067	0.900000	0.007007	0.695711	0.800000	0.003730
0.765217	0.866667	0.005357	0.790781	0.893333	0.054715	0.798067	0.900000	0.006409	0.832217	0.946667	0.003226
0.783870	0.886667	0.004811	0.750781	0.886667	0.055153	0.777706	0.900000	0.006807	0.798067	0.900000	0.003620
0.777317	0.880000	0.006322	0.754372	0.853333	0.054118	0.798067	0.900000	0.007352	0.758206	0.893333	0.003628
0.759643	0.860000	0.005251	0.722422	0.840000	0.053466	0.798067	0.900000	0.006619	0.766057	0.900000	0.004218
0.708994	0.733333	0.005677	0.813866	0.913333	0.056276	0.798067	0.900000	0.006598	0.717851	0.833333	0.003221
0.728735	0.813333	0.004727	0.750781	0.886667	0.053574	0.790781	0.893333	0.007208	0.822641	0.933333	0.004569
0.736171	0.826667	0.005681	0.790781	0.893333	0.053754	0.777706	0.900000	0.006871	0.757131	0.906667	0.003515
0.805754	0.906667	0.005096	0.708994	0.733333	0.054979	0.798067	0.900000	0.006574	0.709737	0.726667	0.004849
0.708994	0.733333	0.006343	0.798067	0.900000	0.057880	0.798067	0.900000	0.006952	0.777706	0.900000	0.004799
0.732316	0.820000	0.006217	0.777706	0.900000	0.058041	0.758206	0.893333	0.006871	0.608672	0.693333	0.003367
0.504535	0.713333	0.005258	0.790781	0.893333	0.052498	0.798067	0.900000	0.006377	0.777317	0.880000	0.004147
0.777706	0.900000	0.005356	0.790781	0.893333	0.056179	0.798067	0.900000	0.006791	0.699096	0.806667	0.003489
0.758206	0.893333	0.006441	0.759643	0.860000	0.054367	0.798067	0.900000	0.006938	0.798067	0.900000	0.003056
0.708994	0.733333	0.005755	0.758206	0.893333	0.055311	0.766057	0.900000	0.006353	0.777706	0.900000	0.003699
0.754372	0.853333	0.005231	0.790781	0.893333	0.053968	0.798067	0.900000	0.006306	0.682866	0.766667	0.003982
0.777317	0.880000	0.004658	0.758206	0.893333	0.055853	0.798067	0.900000	0.006253	0.728735	0.813333	0.004144
0.722422	0.840000	0.005433	0.740300	0.833333	0.053482	0.798067	0.900000	0.006466	0.783870	0.886667	0.003959
0.717175	0.786667	0.006107	0.777317	0.880000	0.054641	0.758206	0.893333	0.006866	0.798067	0.900000	0.003658
0.798067	0.900000	0.005970	0.728735	0.813333	0.059668	0.777706	0.900000	0.007433	0.702746	0.813333	0.004388
0.790781	0.893333	0.005434	0.798067	0.900000	0.055955	0.798067	0.900000	0.006848	0.798067	0.900000	0.003532
0.790781	0.893333	0.005045	0.777317	0.880000	0.052916	0.798067	0.900000	0.007005	0.798067	0.900000	0.003765
0.722397	0.800000	0.005407	0.708864	0.746667	0.054426	0.783870	0.886667	0.007041	0.774365	0.906667	0.004021
0.709737	0.726667	0.005843	0.789962	0.926667	0.054922	0.790781	0.893333	0.006774	0.758206	0.893333	0.003541
0.750781	0.886667	0.006250	0.792511	0.920000	0.054817	0.798067	0.900000	0.006661	0.766057	0.900000	0.004609
0.708864	0.746667	0.005151	0.798067	0.900000	0.053992	0.798067	0.900000	0.006734	0.795905	0.926667	0.004246
0.750781	0.886667	0.005552	0.805754	0.906667	0.053898	0.777706	0.900000	0.007402	0.798067	0.900000	0.003488
0.798067	0.900000	0.004832	0.732316	0.820000	0.056673	0.783870	0.886667	0.006987	0.798067	0.900000	0.004235
0.722397	0.800000	0.004922	0.750781	0.886667	0.054090	0.777706	0.900000	0.007287	0.802448	0.926667	0.003200
0.805754	0.906667	0.005348	0.770141	0.893333	0.053973	0.798067	0.900000	0.006423	0.798067	0.900000	0.003338
0.798067	0.900000	0.005241	0.798067	0.900000	0.055537	0.798067	0.900000	0.007914	0.789962	0.926667	0.004240
0.709737	0.726667	0.006709	0.741932	0.886667	0.053946	0.783870	0.886667	0.006630	0.798067	0.900000	0.003684
0.822641	0.933333	0.005424	0.798067	0.900000	0.053338	0.798067	0.900000	0.006693	0.798067	0.900000	0.004104
delta = 0.260000, m = 10
0.805754	0.906667	0.005686	0.798067	0.900000	0.059856	0.798067	0.900000	0.006712	0.803797	0.933333	0.003283
0.777317	0.880000	0.005168	0.722397	0.800000	0.060747	0.798067	0.900000	0.007098	0.758206	0.893333	0.003662
0.805754	0.906667	0.005498	0.783870	0.886667	0.061972	0.783870	0.886667	0.007734	0.783870	0.886667	0.003686
0.777317	0.880000	0.005317	0.790781	0.893333	0.060341	0.798067	0.900000	0.006493	0.778198	0.920000	0.004540
0.777317	0.880000	0.005399	0.790781	0.893333	0.059611	0.798067	0.900000	0.007041	0.766057	0.900000	0.004557
0.708994	0.733333	0.007027	0.798067	0.900000	0.063401	0.798067	0.900000	0.006746	0.749637	0.893333	0.004610
0.798067	0.900000	0.005532	0.770141	0.893333	0.060345	0.798067	0.900000	0.007137	0.798067	0.900000	0.003757
0.798067	0.900000	0.005385	0.777317	0.880000	0.060664	0.798067	0.900000	0.007315	0.798067	0.900000	0.003986
0.790781	0.893333	0.005282	0.791886	0.926667	0.061654	0.798067	0.900000	0.007582	0.756185	0.880000	0.003850
0.777317	0.880000	0.005760	0.749751	0.873333	0.061441	0.783870	0.886667	0.007668	0.798067	0.900000	0.003883
0.790781	0.893333	0.006579	0.777317	0.880000	0.061556	0.798067	0.900000	0.007479	0.783340	0.920000	0.003961
0.805754	0.906667	0.005631	0.759643	0.860000	0.060858	0.783870	0.886667	0.006733	0.754372	0.853333	0.004403
0.798067	0.900000	0.005123	0.777317	0.880000	0.060228	0.790781	0.893333	0.007447	0.777706	0.900000	0.003450
0.798067	0.900000	0.005628	0.798067	0.900000	0.060689	0.777706	0.900000	0.007640	0.708717	0.740000	0.003939
0.805754	0.906667	0.005535	0.777317	0.880000	0.058905	0.783870	0.886667	0.006897	0.702746	0.813333	0.003758
0.759643	0.860000	0.005206	0.790781	0.893333	0.061464	0.798067	0.900000	0.006533	0.777317	0.880000	0.003717
0.798067	0.900000	0.005151	0.802448	0.926667	0.060532	0.798067	0.900000	0.006925	0.758206	0.893333	0.003659
0.736171	0.826667	0.005385	0.777317	0.880000	0.060446	0.783870	0.886667	0.007061	0.785696	0.906667	0.003348
0.777317	0.880000	0.005707	0.766057	0.900000	0.060258	0.798067	0.900000	0.006944	0.758206	0.893333	0.003234
0.485518	0.626667	0.005003	0.777706	0.900000	0.061847	0.798067	0.900000	0.006550	0.754372	0.853333	0.004507
0.798067	0.900000	0.006284	0.805754	0.906667	0.061096	0.798067	0.900000	0.006622	0.777317	0.880000	0.004455
0.709737	0.726667	0.006996	0.777317	0.880000	0.059943	0.798067	0.900000	0.007624	0.734654	0.880000	0.004304
0.777317	0.880000	0.006918	0.790781	0.893333	0.061100	0.798067	0.900000	0.007114	0.789962	0.926667	0.003921
0.722397	0.800000	0.006305	0.790781	0.893333	0.060402	0.798067	0.900000	0.006940	0.743657	0.866667	0.003168
0.805754	0.906667	0.005515	0.766057	0.900000	0.061680	0.783870	0.886667	0.007078	0.741932	0.886667	0.003600
0.777317	0.880000	0.005148	0.798067	0.900000	0.060965	0.798067	0.900000	0.007262	0.798067	0.900000	0.003450
0.777317	0.880000	0.005192	0.798067	0.900000	0.058986	0.798067	0.900000	0.007281	0.749637	0.893333	0.004464
0.762975	0.886667	0.005466	0.798067	0.900000	0.060431	0.783870	0.886667	0.007163	0.770141	0.893333	0.004372
0.714996	0.780000	0.005950	0.790781	0.893333	0.061699	0.777706	0.900000	0.007239	0.798067	0.900000	0.003685
0.798067	0.900000	0.005232	0.728735	0.813333	0.061741	0.798067	0.900000	0.007128	0.766057	0.900000	0.003261
0.805754	0.906667	0.005167	0.783870	0.886667	0.060553	0.798067	0.900000	0.006725	0.770141	0.893333	0.004271
0.777317	0.880000	0.005603	0.758206	0.893333	0.060804	0.783870	0.886667	0.006883	0.777317	0.880000	0.004652
0.783870	0.886667	0.005497	0.790781	0.893333	0.060589	0.783870	0.886667	0.007210	0.758206	0.893333	0.003682
0.484979	0.740000	0.005200	0.750781	0.886667	0.061310	0.798067	0.900000	0.007741	0.713116	0.773333	0.004607
0.805754	0.906667	0.006149	0.758206	0.893333	0.062577	0.798067	0.900000	0.007743	0.805754	0.906667	0.003992
0.722397	0.800000	0.006077	0.743317	0.893333	0.060219	0.783870	0.886667	0.007112	0.766057	0.900000	0.004144
0.722397	0.800000	0.006265	0.777317	0.880000	0.060277	0.790781	0.893333	0.006818	0.693631	0.786667	0.003334
0.805754	0.906667	0.006493	0.777317	0.880000	0.059885	0.798067	0.900000	0.006746	0.750781	0.886667	0.003521
0.777317	0.880000	0.005360	0.783870	0.886667	0.062601	0.798067	0.900000	0.006553	0.757800	0.900000	0.003838
0.722397	0.800000	0.005517	0.766057	0.900000	0.061900	0.783870	0.886667	0.006932	0.757131	0.906667	0.003628
0.790781	0.893333	0.005451	0.783870	0.886667	0.060311	0.798067	0.900000	0.007139	0.766057	0.900000	0.003538
0.777317	0.880000	0.005290	0.708994	0.733333	0.062081	0.798067	0.900000	0.006667	0.805754	0.906667	0.003555
0.777317	0.880000	0.005257	0.736171	0.826667	0.062903	0.798067	0.900000	0.006705	0.770141	0.893333	0.003407
0.790781	0.893333	0.006132	0.790781	0.893333	0.060767	0.783870	0.886667	0.006812	0.798067	0.900000	0.003371
0.805754	0.906667	0.005589	0.777317	0.880000	0.059084	0.798067	0.900000	0.007302	0.785696	0.906667	0.003497
0.785696	0.906667	0.005658	0.790781	0.893333	0.059979	0.783870	0.886667	0.006789	0.766057	0.900000	0.003395
0.736171	0.826667	0.006671	0.732316	0.820000	0.062975	0.798067	0.900000	0.007181	0.761536	0.886667	0.003315
0.777317	0.880000	0.005063	0.798067	0.900000	0.062464	0.798067	0.900000	0.006865	0.790781	0.893333	0.003924
0.798067	0.900000	0.006137	0.791886	0.926667	0.061287	0.798067	0.900000	0.007509	0.798067	0.900000	0.003720
0.777317	0.880000	0.005720	0.750781	0.886667	0.060183	0.798067	0.900000	0.006822	0.757800	0.900000	0.004397
delta = 0.260000, m = 11
0.722397	0.800000	0.026268	0.777706	0.900000	0.096645	0.798067	0.900000	0.008417	0.798067	0.900000	0.003789
0.744707	0.840000	0.006093	0.798067	0.900000	0.077943	0.798067	0.900000	0.007362	0.749751	0.873333	0.003668
0.790781	0.893333	0.005979	0.757800	0.900000	0.077788	0.790781	0.893333	0.007484	0.774365	0.906667	0.005169
0.798067	0.900000	0.006079	0.790781	0.893333	0.078752	0.798067	0.900000	0.007070	0.798067	0.900000	0.003837
0.732316	0.820000	0.006152	0.790781	0.893333	0.078628	0.783870	0.886667	0.007421	0.758206	0.893333	0.003786
0.805754	0.906667	0.005864	0.798067	0.900000	0.080310	0.798067	0.900000	0.007048	0.795905	0.926667	0.004188
0.456903	0.720000	0.005732	0.790781	0.893333	0.081592	0.798067	0.900000	0.007255	0.766057	0.900000	0.003870
0.719644	0.793333	0.006379	0.756185	0.880000	0.077440	0.798067	0.900000	0.006902	0.777706	0.900000	0.003619
0.785696	0.906667	0.007522	0.749637	0.893333	0.091709	0.798067	0.900000	0.007950	0.777706	0.900000	0.003808
0.732316	0.820000	0.006027	0.708994	0.733333	0.080279	0.777317	0.880000	0.008163	0.790781	0.893333	0.004129
0.798067	0.900000	0.005843	0.798067	0.900000	0.077324	0.783870	0.886667	0.007121	0.790781	0.893333	0.003920
0.777317	0.880000	0.005642	0.798067	0.900000	0.077236	0.790781	0.893333	0.006790	0.798067	0.900000	0.003310
0.633753	0.820000	0.007233	0.777340	0.920000	0.080573	0.790781	0.893333	0.007718	0.766057	0.900000	0.003417
0.777317	0.880000	0.005789	0.798067	0.900000	0.080166	0.798067	0.900000	0.007349	0.783870	0.886667	0.004856
0.722397	0.800000	0.006210	0.790781	0.893333	0.080503	0.783870	0.886667	0.008359	0.777706	0.900000	0.004014
0.728735	0.813333	0.006212	0.798067	0.900000	0.078408	0.783870	0.886667	0.007486	0.728735	0.813333	0.004389
0.777317	0.880000	0.005332	0.741932	0.886667	0.079291	0.790781	0.893333	0.007160	0.798067	0.900000	0.003940
0.777317	0.880000	0.006106	0.777317	0.880000	0.080367	0.798067	0.900000	0.007491	0.774365	0.906667	0.003847
0.790781	0.893333	0.005712	0.777317	0.880000	0.082028	0.798067	0.900000	0.006822	0.798067	0.900000	0.003856
0.780832	0.920000	0.005323	0.777317	0.880000	0.076867	0.798067	0.900000	0.007695	0.766057	0.900000	0.003530
0.798067	0.900000	0.006837	0.708717	0.740000	0.081062	0.790781	0.893333	0.007200	0.798067	0.900000	0.003356
0.777317	0.880000	0.006137	0.777317	0.880000	0.078360	0.798067	0.900000	0.007438	0.777340	0.920000	0.004152
0.790781	0.893333	0.005813	0.790781	0.893333	0.080126	0.783870	0.886667	0.007338	0.783870	0.886667	0.004162
0.783870	0.886667	0.005330	0.805754	0.906667	0.079113	0.798067	0.900000	0.007311	0.577325	0.700000	0.004015
0.740300	0.833333	0.005821	0.783870	0.886667	0.081739	0.798067	0.900000	0.007356	0.770141	0.893333	0.003361
0.777317	0.880000	0.006183	0.798067	0.900000	0.081641	0.790781	0.893333	0.007378	0.777317	0.880000	0.003633
0.805754	0.906667	0.005790	0.805754	0.906667	0.082672	0.798067	0.900000	0.008794	0.785696	0.906667	0.003679
0.798067	0.900000	0.005950	0.798067	0.900000	0.078626	0.790781	0.893333	0.007772	0.644322	0.753333	0.004532
0.798067	0.900000	0.005340	0.805754	0.906667	0.077611	0.777706	0.900000	0.007600	0.798067	0.900000	0.003131
0.790781	0.893333	0.006502	0.777340	0.920000	0.081161	0.783870	0.886667	0.007715	0.777317	0.880000	0.003585
0.777317	0.880000	0.006126	0.805754	0.906667	0.080943	0.798067	0.900000	0.007328	0.758206	0.893333	0.004860
0.798067	0.900000	0.006721	0.783870	0.886667	0.078295	0.790781	0.893333	0.007468	0.758206	0.893333	0.003725
0.732316	0.820000	0.006144	0.805754	0.906667	0.078419	0.783870	0.886667	0.007324	0.537461	0.660000	0.004005
0.777317	0.880000	0.006090	0.766057	0.900000	0.079256	0.783870	0.886667	0.007444	0.661065	0.793333	0.003626
0.790781	0.893333	0.006421	0.790781	0.893333	0.080823	0.798067	0.900000	0.006979	0.785696	0.906667	0.004279
0.813866	0.913333	0.007227	0.805754	0.906667	0.078152	0.783870	0.886667	0.007204	0.725428	0.806667	0.004108
0.777317	0.880000	0.005897	0.770141	0.893333	0.077668	0.798067	0.900000	0.007438	0.771104	0.873333	0.003924
0.798067	0.900000	0.006415	0.735303	0.886667	0.080697	0.790781	0.893333	0.007538	0.762975	0.886667	0.003604
0.777317	0.880000	0.006573	0.798067	0.900000	0.079253	0.798067	0.900000	0.006998	0.790781	0.893333	0.004035
0.798067	0.900000	0.006300	0.798067	0.900000	0.082349	0.790781	0.893333	0.007184	0.765217	0.866667	0.003531
0.783870	0.886667	0.006165	0.777317	0.880000	0.076994	0.798067	0.900000	0.006967	0.785696	0.906667	0.003316
0.798067	0.900000	0.006008	0.777317	0.880000	0.079269	0.798067	0.900000	0.007710	0.777317	0.880000	0.003943
0.777317	0.880000	0.005743	0.749637	0.893333	0.081364	0.798067	0.900000	0.006908	0.802731	0.933333	0.003716
0.790781	0.893333	0.006293	0.798067	0.900000	0.078928	0.790781	0.893333	0.007126	0.780832	0.920000	0.004100
0.790781	0.893333	0.005687	0.759643	0.860000	0.078467	0.798067	0.900000	0.007435	0.765217	0.866667	0.004378
0.798067	0.900000	0.006212	0.798067	0.900000	0.080028	0.783870	0.886667	0.008060	0.805754	0.906667	0.003408
0.798067	0.900000	0.006852	0.777317	0.880000	0.081466	0.798067	0.900000	0.008114	0.783870	0.886667	0.003700
0.798067	0.900000	0.005600	0.798067	0.900000	0.076596	0.783870	0.886667	0.007608	0.798067	0.900000	0.003578
0.777317	0.880000	0.005728	0.777706	0.900000	0.079412	0.777706	0.900000	0.007820	0.790781	0.893333	0.003167
0.783870	0.886667	0.006156	0.708717	0.740000	0.082153	0.798067	0.900000	0.007484	0.758206	0.893333	0.003972
delta = 0.260000, m = 12
0.736171	0.826667	0.007635	0.805754	0.906667	0.104871	0.790781	0.893333	0.007386	0.702746	0.813333	0.003687
0.777317	0.880000	0.006263	0.798067	0.900000	0.085245	0.798067	0.900000	0.007034	0.785696	0.906667	0.004244
0.777317	0.880000	0.005898	0.798067	0.900000	0.083651	0.798067	0.900000	0.007463	0.777340	0.920000	0.003989
0.732316	0.820000	0.006316	0.687169	0.780000	0.083320	0.798067	0.900000	0.007603	0.689744	0.786667	0.003861
0.790781	0.893333	0.006044	0.798067	0.900000	0.084376	0.798067	0.900000	0.007615	0.758206	0.893333	0.003418
0.783870	0.886667	0.006683	0.785696	0.906667	0.083264	0.783870	0.886667	0.007642	0.798067	0.900000	0.004060
0.777317	0.880000	0.005612	0.798067	0.900000	0.083334	0.777317	0.880000	0.007688	0.708994	0.733333	0.005020
0.798067	0.900000	0.005848	0.798067	0.900000	0.082727	0.798067	0.900000	0.007681	0.798067	0.900000	0.003726
0.777317	0.880000	0.005942	0.798067	0.900000	0.084032	0.777317	0.880000	0.007770	0.728735	0.813333	0.003788
0.777317	0.880000	0.006058	0.798067	0.900000	0.084303	0.790781	0.893333	0.007616	0.770141	0.893333	0.003375
0.777317	0.880000	0.005993	0.798067	0.900000	0.083606	0.798067	0.900000	0.007067	0.783870	0.886667	0.003328
0.771104	0.873333	0.005823	0.777317	0.880000	0.083142	0.798067	0.900000	0.007591	0.766057	0.900000	0.003485
0.798067	0.900000	0.006446	0.798067	0.900000	0.082705	0.798067	0.900000	0.007431	0.713116	0.773333	0.005191
0.790781	0.893333	0.006271	0.766057	0.900000	0.085656	0.798067	0.900000	0.007735	0.717175	0.786667	0.004119
0.777317	0.880000	0.006340	0.813045	0.933333	0.083824	0.783870	0.886667	0.007543	0.798067	0.900000	0.003357
0.798067	0.900000	0.005461	0.777317	0.880000	0.083646	0.798067	0.900000	0.007815	0.783169	0.913333	0.003801
0.777317	0.880000	0.005776	0.790781	0.893333	0.084205	0.798067	0.900000	0.008301	0.722422	0.840000	0.003355
0.798067	0.900000	0.006621	0.798067	0.900000	0.081625	0.798067	0.900000	0.007702	0.805754	0.906667	0.004466
0.777317	0.880000	0.006561	0.798067	0.900000	0.082489	0.798067	0.900000	0.007460	0.805754	0.906667	0.003530
0.732316	0.820000	0.007282	0.803797	0.933333	0.082567	0.798067	0.900000	0.007463	0.766057	0.900000	0.004085
0.783870	0.886667	0.006406	0.798067	0.900000	0.084075	0.783870	0.886667	0.007750	0.798067	0.900000	0.003923
0.777317	0.880000	0.006281	0.785696	0.906667	0.084132	0.783870	0.886667	0.008458	0.678688	0.746667	0.004072
0.798067	0.900000	0.005643	0.798067	0.900000	0.084386	0.798067	0.900000	0.007507	0.774365	0.906667	0.003651
0.777317	0.880000	0.006305	0.734654	0.880000	0.083318	0.790781	0.893333	0.008073	0.743755	0.880000	0.003500
0.771104	0.873333	0.005609	0.758206	0.893333	0.084645	0.798067	0.900000	0.007048	0.728735	0.813333	0.004357
0.777317	0.880000	0.005733	0.790781	0.893333	0.085448	0.783870	0.886667	0.008417	0.777706	0.900000	0.003949
0.719644	0.793333	0.006407	0.777317	0.880000	0.084209	0.783870	0.886667	0.008490	0.766057	0.900000	0.004236
0.798067	0.900000	0.005637	0.805754	0.906667	0.084857	0.783870	0.886667	0.008169	0.766057	0.900000	0.003677
0.777317	0.880000	0.005912	0.777317	0.880000	0.086218	0.798067	0.900000	0.008178	0.777317	0.880000	0.003727
0.798067	0.900000	0.005739	0.790781	0.893333	0.083173	0.777317	0.880000	0.007577	0.709551	0.820000	0.003750
0.777317	0.880000	0.006552	0.734654	0.880000	0.083841	0.777317	0.880000	0.007741	0.750781	0.886667	0.003641
0.798067	0.900000	0.005412	0.770141	0.893333	0.083691	0.798067	0.900000	0.007694	0.798067	0.900000	0.003792
0.798067	0.900000	0.005723	0.777317	0.880000	0.084243	0.783870	0.886667	0.007381	0.798067	0.900000	0.003660
0.798067	0.900000	0.006378	0.798067	0.900000	0.085187	0.783870	0.886667	0.007603	0.785696	0.906667	0.003890
0.732316	0.820000	0.006114	0.798067	0.900000	0.085611	0.790781	0.893333	0.007591	0.708864	0.746667	0.003677
0.736171	0.826667	0.006697	0.789962	0.926667	0.086852	0.777317	0.880000	0.007373	0.766057	0.900000	0.003694
0.740300	0.833333	0.006088	0.749637	0.893333	0.085586	0.777706	0.900000	0.008145	0.770141	0.893333	0.003730
0.790781	0.893333	0.007084	0.790781	0.893333	0.085030	0.798067	0.900000	0.007676	0.798067	0.900000	0.004361
0.798067	0.900000	0.006004	0.758206	0.893333	0.085971	0.798067	0.900000	0.007796	0.734654	0.880000	0.004102
0.777317	0.880000	0.006431	0.798067	0.900000	0.086416	0.798067	0.900000	0.007528	0.766057	0.900000	0.004267
0.798067	0.900000	0.006547	0.783870	0.886667	0.085204	0.783870	0.886667	0.008041	0.748065	0.873333	0.003391
0.777317	0.880000	0.007001	0.770141	0.893333	0.086014	0.798067	0.900000	0.008041	0.741932	0.886667	0.004269
0.732316	0.820000	0.006361	0.798067	0.900000	0.084738	0.798067	0.900000	0.008307	0.766057	0.900000	0.003839
0.798067	0.900000	0.006254	0.798067	0.900000	0.083148	0.790781	0.893333	0.007937	0.789962	0.926667	0.003991
0.783870	0.886667	0.006375	0.749396	0.846667	0.085651	0.790781	0.893333	0.007477	0.790781	0.893333	0.003891
0.805754	0.906667	0.005411	0.762975	0.886667	0.086147	0.783870	0.886667	0.008172	0.777340	0.920000	0.004018
0.805754	0.906667	0.005722	0.798067	0.900000	0.082996	0.798067	0.900000	0.007987	0.722397	0.800000	0.003852
0.805754	0.906667	0.007533	0.798067	0.900000	0.086124	0.798067	0.900000	0.007055	0.833375	0.940000	0.004302
0.777317	0.880000	0.006639	0.798067	0.900000	0.083642	0.798067	0.900000	0.007384	0.702746	0.813333	0.003492
0.783870	0.886667	0.006050	0.803797	0.933333	0.083798	0.790781	0.893333	0.007558	0.750781	0.886667	0.003641
delta = 0.260000, m = 13
0.777317	0.880000	0.006737	0.798067	0.900000	0.098072	0.798067	0.900000	0.008100	0.750781	0.886667	0.003839
0.790781	0.893333	0.006891	0.783870	0.886667	0.096475	0.798067	0.900000	0.007795	0.777706	0.900000	0.003949
0.777317	0.880000	0.006144	0.798067	0.900000	0.097184	0.798067	0.900000	0.008056	0.750781	0.886667	0.003775
0.777317	0.880000	0.006511	0.765217	0.866667	0.101580	0.798067	0.900000	0.008020	0.758206	0.893333	0.003853
0.777317	0.880000	0.007790	0.798067	0.900000	0.098440	0.798067	0.900000	0.008441	0.770523	0.913333	0.003712
0.777317	0.880000	0.006216	0.798067	0.900000	0.096278	0.777706	0.900000	0.008416	0.798067	0.900000	0.003803
0.777317	0.880000	0.006982	0.798067	0.900000	0.095695	0.777317	0.880000	0.007833	0.692412	0.840000	0.003538
0.777317	0.880000	0.006453	0.777317	0.880000	0.095923	0.798067	0.900000	0.008318	0.750781	0.886667	0.003636
0.798067	0.900000	0.005899	0.750781	0.886667	0.096506	0.798067	0.900000	0.008377	0.798067	0.900000	0.004095
0.777317	0.880000	0.006579	0.805754	0.906667	0.098271	0.798067	0.900000	0.007531	0.798067	0.900000	0.004517
0.732316	0.820000	0.006618	0.798067	0.900000	0.096827	0.798067	0.900000	0.008232	0.777317	0.880000	0.004779
0.777317	0.880000	0.006606	0.798067	0.900000	0.094575	0.798067	0.900000	0.008562	0.798067	0.900000	0.004328
0.777317	0.880000	0.006571	0.777317	0.880000	0.096699	0.790781	0.893333	0.007803	0.708994	0.733333	0.004212
0.777317	0.880000	0.006249	0.783870	0.886667	0.098236	0.798067	0.900000	0.007833	0.766459	0.906667	0.003980
0.790781	0.893333	0.006119	0.798067	0.900000	0.096264	0.798067	0.900000	0.009106	0.728735	0.813333	0.004649
0.777317	0.880000	0.006293	0.766057	0.900000	0.099127	0.798067	0.900000	0.008461	0.758206	0.893333	0.004363
0.777317	0.880000	0.006674	0.777706	0.900000	0.097429	0.798067	0.900000	0.008000	0.783870	0.886667	0.004380
0.798067	0.900000	0.006201	0.798067	0.900000	0.096114	0.777317	0.880000	0.008684	0.708864	0.746667	0.003912
0.798067	0.900000	0.006484	0.777706	0.900000	0.097215	0.783870	0.886667	0.008359	0.761536	0.886667	0.003510
0.798067	0.900000	0.006435	0.777317	0.880000	0.095961	0.790781	0.893333	0.007804	0.798067	0.900000	0.003459
0.798067	0.900000	0.006121	0.783870	0.886667	0.095893	0.798067	0.900000	0.007872	0.805754	0.906667	0.004699
0.732316	0.820000	0.006770	0.758206	0.893333	0.100224	0.798067	0.900000	0.007554	0.750781	0.886667	0.004539
0.798067	0.900000	0.006153	0.798067	0.900000	0.098868	0.790781	0.893333	0.008008	0.777706	0.900000	0.004724
0.785696	0.906667	0.006685	0.798067	0.900000	0.094775	0.777317	0.880000	0.008280	0.790781	0.893333	0.003769
0.777317	0.880000	0.006461	0.777706	0.900000	0.098892	0.783870	0.886667	0.008034	0.798067	0.900000	0.004847
0.777317	0.880000	0.006442	0.798067	0.900000	0.097621	0.798067	0.900000	0.008430	0.785696	0.906667	0.003649
0.790781	0.893333	0.006122	0.777317	0.880000	0.098162	0.798067	0.900000	0.008086	0.777317	0.880000	0.004157
0.783870	0.886667	0.006775	0.798067	0.900000	0.098025	0.790781	0.893333	0.007672	0.795905	0.926667	0.004245
0.777317	0.880000	0.006346	0.777317	0.880000	0.095290	0.790781	0.893333	0.007894	0.785450	0.920000	0.004051
0.798067	0.900000	0.006945	0.790781	0.893333	0.096558	0.790781	0.893333	0.008568	0.740300	0.833333	0.004618
0.790781	0.893333	0.006182	0.783870	0.886667	0.096390	0.798067	0.900000	0.008210	0.798067	0.900000	0.005062
0.783870	0.886667	0.006420	0.777317	0.880000	0.096987	0.783870	0.886667	0.008360	0.798067	0.900000	0.003849
0.777317	0.880000	0.006669	0.783870	0.886667	0.098896	0.783870	0.886667	0.008460	0.785696	0.906667	0.003902
0.777317	0.880000	0.006529	0.777317	0.880000	0.100126	0.798067	0.900000	0.007337	0.790781	0.893333	0.003980
0.798067	0.900000	0.006606	0.792511	0.920000	0.096993	0.798067	0.900000	0.007549	0.777317	0.880000	0.003911
0.777317	0.880000	0.006057	0.798067	0.900000	0.095789	0.777317	0.880000	0.008552	0.758206	0.893333	0.003515
0.740300	0.833333	0.005998	0.798067	0.900000	0.096794	0.798067	0.900000	0.007985	0.766057	0.900000	0.004599
0.732316	0.820000	0.006315	0.783870	0.886667	0.098744	0.798067	0.900000	0.008447	0.798067	0.900000	0.003522
0.777317	0.880000	0.006292	0.766057	0.900000	0.099783	0.790781	0.893333	0.007390	0.750781	0.886667	0.004521
0.798067	0.900000	0.006339	0.766057	0.900000	0.100174	0.790781	0.893333	0.008236	0.749637	0.893333	0.004229
0.777317	0.880000	0.006049	0.777317	0.880000	0.094556	0.777317	0.880000	0.008653	0.770141	0.893333	0.005186
0.790781	0.893333	0.006903	0.798067	0.900000	0.095258	0.798067	0.900000	0.008150	0.756185	0.880000	0.004284
0.777317	0.880000	0.006188	0.783870	0.886667	0.095802	0.798067	0.900000	0.007818	0.798067	0.900000	0.003873
0.783870	0.886667	0.006499	0.798067	0.900000	0.095562	0.798067	0.900000	0.007974	0.798067	0.900000	0.003624
0.777317	0.880000	0.006473	0.798067	0.900000	0.099834	0.790781	0.893333	0.008482	0.805754	0.906667	0.003979
0.777317	0.880000	0.006202	0.790781	0.893333	0.097090	0.783870	0.886667	0.008266	0.777317	0.880000	0.004068
0.777317	0.880000	0.006457	0.798067	0.900000	0.096433	0.805754	0.906667	0.008382	0.766057	0.900000	0.004316
0.790781	0.893333	0.006120	0.749637	0.893333	0.096680	0.798067	0.900000	0.008197	0.777317	0.880000	0.003506
0.798067	0.900000	0.006262	0.798067	0.900000	0.098045	0.790781	0.893333	0.007369	0.798067	0.900000	0.003989
0.798067	0.900000	0.006244	0.749396	0.846667	0.097505	0.798067	0.900000	0.007700	0.722422	0.840000	0.003754
delta = 0.260000, m = 14
0.798067	0.900000	0.006345	0.777317	0.880000	0.103952	0.798067	0.900000	0.007902	0.777317	0.880000	0.004383
0.798067	0.900000	0.006933	0.798067	0.900000	0.106592	0.798067	0.900000	0.008422	0.777706	0.900000	0.003704
0.783870	0.886667	0.006777	0.783870	0.886667	0.106421	0.798067	0.900000	0.008299	0.757131	0.906667	0.004654
0.790781	0.893333	0.007239	0.750781	0.886667	0.109627	0.783870	0.886667	0.008642	0.783870	0.886667	0.003825
0.732316	0.820000	0.008063	0.805754	0.906667	0.108096	0.783870	0.886667	0.008842	0.798067	0.900000	0.003542
0.777317	0.880000	0.007043	0.798067	0.900000	0.106204	0.798067	0.900000	0.008401	0.758206	0.893333	0.004294
0.777317	0.880000	0.006906	0.777317	0.880000	0.110021	0.798067	0.900000	0.009079	0.798067	0.900000	0.004377
0.790781	0.893333	0.007269	0.777317	0.880000	0.111589	0.783870	0.886667	0.009014	0.798067	0.900000	0.004622
0.740300	0.833333	0.007460	0.798067	0.900000	0.105684	0.798067	0.900000	0.008445	0.777340	0.920000	0.004094
0.777317	0.880000	0.007460	0.798067	0.900000	0.106546	0.798067	0.900000	0.008738	0.798067	0.900000	0.004020
0.798067	0.900000	0.006569	0.732316	0.820000	0.108176	0.783870	0.886667	0.008544	0.783870	0.886667	0.005535
0.777317	0.880000	0.006688	0.766057	0.900000	0.105581	0.798067	0.900000	0.008531	0.807105	0.933333	0.004446
0.790781	0.893333	0.007402	0.798067	0.900000	0.106870	0.798067	0.900000	0.008035	0.741932	0.886667	0.003753
0.777317	0.880000	0.006988	0.783870	0.886667	0.106052	0.798067	0.900000	0.008875	0.774365	0.906667	0.004225
0.790781	0.893333	0.007120	0.777317	0.880000	0.106608	0.798067	0.900000	0.008467	0.798067	0.900000	0.003806
0.777317	0.880000	0.007060	0.798067	0.900000	0.107800	0.798067	0.900000	0.008595	0.802448	0.926667	0.004461
0.777317	0.880000	0.007233	0.783870	0.886667	0.105821	0.777317	0.880000	0.009376	0.783870	0.886667	0.004158
0.777317	0.880000	0.006849	0.798067	0.900000	0.106214	0.798067	0.900000	0.008310	0.758206	0.893333	0.004523
0.777317	0.880000	0.006694	0.798067	0.900000	0.107961	0.783870	0.886667	0.008872	0.790781	0.893333	0.004165
0.777317	0.880000	0.006645	0.777317	0.880000	0.104381	0.798067	0.900000	0.008588	0.747635	0.900000	0.004215
0.732316	0.820000	0.007492	0.794144	0.913333	0.105154	0.798067	0.900000	0.008653	0.813866	0.913333	0.004301
0.744707	0.840000	0.006603	0.783870	0.886667	0.108162	0.798067	0.900000	0.008384	0.749637	0.893333	0.004519
0.777317	0.880000	0.007332	0.798067	0.900000	0.106316	0.798067	0.900000	0.009074	0.749637	0.893333	0.004193
0.777317	0.880000	0.006634	0.777706	0.900000	0.108494	0.790781	0.893333	0.008539	0.798067	0.900000	0.004361
0.798067	0.900000	0.006928	0.777317	0.880000	0.107903	0.790781	0.893333	0.008326	0.798067	0.900000	0.003744
0.777317	0.880000	0.006523	0.798067	0.900000	0.106402	0.798067	0.900000	0.009083	0.750781	0.886667	0.004118
0.790781	0.893333	0.007105	0.758206	0.893333	0.106962	0.783870	0.886667	0.009215	0.750781	0.886667	0.003971
0.790781	0.893333	0.007143	0.783870	0.886667	0.107765	0.790781	0.893333	0.008402	0.785696	0.906667	0.004269
0.798067	0.900000	0.006515	0.770141	0.893333	0.106077	0.798067	0.900000	0.008424	0.783870	0.886667	0.004350
0.777317	0.880000	0.007284	0.770141	0.893333	0.106061	0.783870	0.886667	0.008734	0.766057	0.900000	0.004484
0.777317	0.880000	0.006465	0.777706	0.900000	0.108925	0.790781	0.893333	0.008372	0.770141	0.893333	0.003948
0.798067	0.900000	0.006866	0.777317	0.880000	0.106288	0.798067	0.900000	0.009097	0.732433	0.853333	0.003855
0.777317	0.880000	0.006659	0.766057	0.900000	0.105998	0.798067	0.900000	0.008507	0.777317	0.880000	0.004080
0.790781	0.893333	0.006526	0.759643	0.860000	0.106337	0.783870	0.886667	0.008306	0.798067	0.900000	0.003802
0.790781	0.893333	0.006734	0.798067	0.900000	0.104005	0.758206	0.893333	0.008875	0.783870	0.886667	0.004089
0.777317	0.880000	0.006597	0.777317	0.880000	0.106309	0.777706	0.900000	0.009733	0.819160	0.940000	0.004503
0.777317	0.880000	0.007011	0.798067	0.900000	0.108539	0.798067	0.900000	0.008414	0.728735	0.813333	0.004461
0.783870	0.886667	0.007321	0.777317	0.880000	0.101972	0.798067	0.900000	0.008044	0.798067	0.900000	0.003569
0.798067	0.900000	0.007067	0.798067	0.900000	0.104386	0.798067	0.900000	0.008939	0.798067	0.900000	0.003852
0.783870	0.886667	0.006577	0.798067	0.900000	0.105261	0.777317	0.880000	0.008632	0.798067	0.900000	0.004103
0.798067	0.900000	0.006982	0.805754	0.906667	0.105891	0.798067	0.900000	0.008833	0.798067	0.900000	0.004524
0.783870	0.886667	0.006654	0.770141	0.893333	0.104985	0.798067	0.900000	0.008643	0.749637	0.893333	0.004109
0.798067	0.900000	0.007389	0.798067	0.900000	0.104725	0.798067	0.900000	0.008273	0.785450	0.920000	0.004772
0.740300	0.833333	0.006471	0.777706	0.900000	0.106502	0.798067	0.900000	0.008247	0.741932	0.886667	0.004895
0.790781	0.893333	0.006642	0.777317	0.880000	0.102182	0.798067	0.900000	0.008052	0.771104	0.873333	0.004204
0.777317	0.880000	0.006020	0.777706	0.900000	0.107482	0.777317	0.880000	0.008410	0.766057	0.900000	0.003875
0.777317	0.880000	0.007111	0.777317	0.880000	0.106813	0.783870	0.886667	0.008860	0.766057	0.900000	0.004966
0.777317	0.880000	0.006471	0.798067	0.900000	0.103999	0.777317	0.880000	0.008426	0.798067	0.900000	0.004270
0.777317	0.880000	0.006519	0.777706	0.900000	0.103612	0.783870	0.886667	0.008814	0.770141	0.893333	0.004323
0.777317	0.880000	0.006658	0.777317	0.880000	0.104479	0.777317	0.880000	0.008384	0.708864	0.746667	0.004173
delta = 0.260000, m = 15
0.798067	0.900000	0.006944	0.770141	0.893333	0.118799	0.783870	0.886667	0.008595	0.798067	0.900000	0.003778
0.790781	0.893333	0.007755	0.798067	0.900000	0.117162	0.798067	0.900000	0.008602	0.790781	0.893333	0.003849
0.790781	0.893333	0.008179	0.798067	0.900000	0.119102	0.790781	0.893333	0.008948	0.798067	0.900000	0.004335
0.798067	0.900000	0.006570	0.798067	0.900000	0.118861	0.790781	0.893333	0.008766	0.777706	0.900000	0.004434
0.783870	0.886667	0.007569	0.758206	0.893333	0.116996	0.798067	0.900000	0.008293	0.708994	0.733333	0.004155
0.777317	0.880000	0.007022	0.777317	0.880000	0.117167	0.790781	0.893333	0.009573	0.750781	0.886667	0.004241
0.798067	0.900000	0.007673	0.790781	0.893333	0.121043	0.798067	0.900000	0.008613	0.798067	0.900000	0.003727
0.777317	0.880000	0.007468	0.798067	0.900000	0.117153	0.790781	0.893333	0.009002	0.798067	0.900000	0.004126
0.777317	0.880000	0.007092	0.798067	0.900000	0.118313	0.777317	0.880000	0.009289	0.758206	0.893333	0.004411
0.777317	0.880000	0.006988	0.798067	0.900000	0.115888	0.798067	0.900000	0.008895	0.785450	0.920000	0.004312
0.777317	0.880000	0.007110	0.758206	0.893333	0.119092	0.777317	0.880000	0.008282	0.758206	0.893333	0.003821
0.777317	0.880000	0.007109	0.798067	0.900000	0.119914	0.783870	0.886667	0.009056	0.777706	0.900000	0.004070
0.777317	0.880000	0.007185	0.766459	0.906667	0.116351	0.798067	0.900000	0.008967	0.790781	0.893333	0.004271
0.777317	0.880000	0.007027	0.783870	0.886667	0.117766	0.798067	0.900000	0.009315	0.805754	0.906667	0.004229
0.777317	0.880000	0.007424	0.783870	0.886667	0.116104	0.798067	0.900000	0.009528	0.728735	0.813333	0.004951
0.798067	0.900000	0.007048	0.790781	0.893333	0.117704	0.790781	0.893333	0.009706	0.777317	0.880000	0.004561
0.798067	0.900000	0.007343	0.750781	0.886667	0.119332	0.798067	0.900000	0.008784	0.798067	0.900000	0.003843
0.777317	0.880000	0.006844	0.798067	0.900000	0.115142	0.790781	0.893333	0.008217	0.790781	0.893333	0.004266
0.783870	0.886667	0.006915	0.783870	0.886667	0.118482	0.798067	0.900000	0.008527	0.754372	0.853333	0.004429
0.777317	0.880000	0.008138	0.790781	0.893333	0.119938	0.798067	0.900000	0.008997	0.798067	0.900000	0.004609
0.777317	0.880000	0.006989	0.777317	0.880000	0.118650	0.798067	0.900000	0.009444	0.798067	0.900000	0.004211
0.777317	0.880000	0.008044	0.798067	0.900000	0.119282	0.777317	0.880000	0.008863	0.798067	0.900000	0.004571
0.783870	0.886667	0.007264	0.798067	0.900000	0.119060	0.783870	0.886667	0.008862	0.798067	0.900000	0.004348
0.777317	0.880000	0.007317	0.777317	0.880000	0.115780	0.798067	0.900000	0.008983	0.777317	0.880000	0.004008
0.777317	0.880000	0.007809	0.790781	0.893333	0.119157	0.798067	0.900000	0.008507	0.798067	0.900000	0.004170
0.783870	0.886667	0.007253	0.798067	0.900000	0.119419	0.798067	0.900000	0.010060	0.749637	0.893333	0.004664
0.783870	0.886667	0.007704	0.740300	0.833333	0.121944	0.798067	0.900000	0.009109	0.798067	0.900000	0.003847
0.783870	0.886667	0.007616	0.777317	0.880000	0.117538	0.798067	0.900000	0.009122	0.750781	0.886667	0.004347
0.740300	0.833333	0.007876	0.798067	0.900000	0.119523	0.798067	0.900000	0.008908	0.798067	0.900000	0.004484
0.798067	0.900000	0.006773	0.777317	0.880000	0.116901	0.798067	0.900000	0.009250	0.798067	0.900000	0.003746
0.777317	0.880000	0.007247	0.790781	0.893333	0.119453	0.777706	0.900000	0.008750	0.777317	0.880000	0.003642
0.798067	0.900000	0.007050	0.798067	0.900000	0.120555	0.798067	0.900000	0.009018	0.798067	0.900000	0.004050
0.777317	0.880000	0.007304	0.798067	0.900000	0.114688	0.798067	0.900000	0.008725	0.798067	0.900000	0.004122
0.798067	0.900000	0.006834	0.798067	0.900000	0.119134	0.798067	0.900000	0.008394	0.770141	0.893333	0.004574
0.777317	0.880000	0.007380	0.798067	0.900000	0.117621	0.777317	0.880000	0.008429	0.777317	0.880000	0.004214
0.798067	0.900000	0.006993	0.798067	0.900000	0.116640	0.798067	0.900000	0.008497	0.777317	0.880000	0.004312
0.777317	0.880000	0.006752	0.777317	0.880000	0.120710	0.777317	0.880000	0.009037	0.790781	0.893333	0.004189
0.798067	0.900000	0.007668	0.758206	0.893333	0.118428	0.783870	0.886667	0.008887	0.777706	0.900000	0.004588
0.777317	0.880000	0.007203	0.798067	0.900000	0.117776	0.798067	0.900000	0.009527	0.798067	0.900000	0.003666
0.777317	0.880000	0.006913	0.777317	0.880000	0.118659	0.798067	0.900000	0.009472	0.798067	0.900000	0.004035
0.777317	0.880000	0.007137	0.798067	0.900000	0.117611	0.790781	0.893333	0.008234	0.766057	0.900000	0.003940
0.777317	0.880000	0.007103	0.777317	0.880000	0.117589	0.777317	0.880000	0.008481	0.789962	0.926667	0.004936
0.798067	0.900000	0.007355	0.783870	0.886667	0.117109	0.798067	0.900000	0.009072	0.798067	0.900000	0.003877
0.777317	0.880000	0.007094	0.798067	0.900000	0.118193	0.798067	0.900000	0.008434	0.798067	0.900000	0.004086
0.777317	0.880000	0.006929	0.798067	0.900000	0.120465	0.783870	0.886667	0.008948	0.798067	0.900000	0.004556
0.783870	0.886667	0.007369	0.783870	0.886667	0.116208	0.798067	0.900000	0.009178	0.798067	0.900000	0.004116
0.777317	0.880000	0.007046	0.798067	0.900000	0.117917	0.783870	0.886667	0.008950	0.785696	0.906667	0.004619
0.777317	0.880000	0.006925	0.777317	0.880000	0.114240	0.790781	0.893333	0.008793	0.798067	0.900000	0.003803
0.798067	0.900000	0.006990	0.777317	0.880000	0.118466	0.798067	0.900000	0.008908	0.790781	0.893333	0.004104
0.783870	0.886667	0.007442	0.777317	0.880000	0.119464	0.783870	0.886667	0.008403	0.770141	0.893333	0.004077
delta = 0.260000, m = 16
0.783870	0.886667	0.007183	0.790781	0.893333	0.121028	0.798067	0.900000	0.009478	0.758206	0.893333	0.004320
0.777317	0.880000	0.007359	0.749637	0.893333	0.122847	0.798067	0.900000	0.009014	0.798067	0.900000	0.004405
0.783870	0.886667	0.007537	0.798067	0.900000	0.120862	0.783870	0.886667	0.009329	0.785696	0.906667	0.004737
0.798067	0.900000	0.007356	0.783870	0.886667	0.123007	0.798067	0.900000	0.009565	0.774365	0.906667	0.004442
0.777317	0.880000	0.007186	0.777317	0.880000	0.121961	0.798067	0.900000	0.009147	0.777706	0.900000	0.004765
0.777317	0.880000	0.007067	0.790781	0.893333	0.121293	0.777317	0.880000	0.009741	0.783870	0.886667	0.004639
0.798067	0.900000	0.007178	0.790781	0.893333	0.119364	0.790781	0.893333	0.009518	0.798067	0.900000	0.004366
0.790781	0.893333	0.007360	0.777317	0.880000	0.121341	0.798067	0.900000	0.009411	0.790781	0.893333	0.004656
0.798067	0.900000	0.006643	0.798067	0.900000	0.123397	0.798067	0.900000	0.008951	0.750781	0.886667	0.004245
0.783870	0.886667	0.007882	0.798067	0.900000	0.125355	0.798067	0.900000	0.009145	0.766057	0.900000	0.005069
0.777317	0.880000	0.007750	0.798067	0.900000	0.121067	0.777317	0.880000	0.008958	0.749637	0.893333	0.004486
0.777317	0.880000	0.006971	0.728735	0.813333	0.121166	0.777317	0.880000	0.008852	0.766057	0.900000	0.005043
0.777317	0.880000	0.007456	0.798067	0.900000	0.121498	0.790781	0.893333	0.009208	0.798067	0.900000	0.004088
0.777317	0.880000	0.006705	0.783870	0.886667	0.122798	0.798067	0.900000	0.009353	0.777706	0.900000	0.004593
0.783870	0.886667	0.008154	0.790781	0.893333	0.123509	0.783870	0.886667	0.008987	0.795905	0.926667	0.004070
0.805754	0.906667	0.007064	0.777317	0.880000	0.121265	0.798067	0.900000	0.009849	0.798067	0.900000	0.004648
0.783870	0.886667	0.007785	0.798067	0.900000	0.122878	0.783870	0.886667	0.009683	0.748065	0.873333	0.200330
0.798067	0.900000	0.010389	0.798067	0.900000	0.122604	0.798067	0.900000	0.009620	0.771104	0.873333	0.004932
0.777317	0.880000	0.008012	0.774365	0.906667	0.123261	0.777317	0.880000	0.009658	0.766057	0.900000	0.004878
0.798067	0.900000	0.007006	0.790781	0.893333	0.121765	0.798067	0.900000	0.009417	0.798067	0.900000	0.004196
0.777317	0.880000	0.007389	0.798067	0.900000	0.120344	0.783870	0.886667	0.009501	0.798067	0.900000	0.004446
0.777317	0.880000	0.007410	0.798067	0.900000	0.122342	0.798067	0.900000	0.009824	0.709737	0.726667	0.004754
0.798067	0.900000	0.007555	0.765217	0.866667	0.121468	0.798067	0.900000	0.009298	0.777706	0.900000	0.004722
0.798067	0.900000	0.008138	0.710303	0.760000	0.120426	0.798067	0.900000	0.009304	0.798067	0.900000	0.003859
0.777317	0.880000	0.007620	0.790781	0.893333	0.122159	0.790781	0.893333	0.009521	0.798067	0.900000	0.004145
0.777317	0.880000	0.008614	0.783870	0.886667	0.120975	0.790781	0.893333	0.009847	0.798067	0.900000	0.004214
0.798067	0.900000	0.007182	0.805754	0.906667	0.119237	0.798067	0.900000	0.009462	0.766057	0.900000	0.003945
0.783870	0.886667	0.006828	0.777317	0.880000	0.120622	0.777317	0.880000	0.009729	0.766057	0.900000	0.003653
0.798067	0.900000	0.007103	0.777317	0.880000	0.121381	0.777317	0.880000	0.009540	0.777317	0.880000	0.004293
0.783870	0.886667	0.007516	0.790781	0.893333	0.122325	0.790781	0.893333	0.009489	0.798067	0.900000	0.004631
0.783870	0.886667	0.008153	0.798067	0.900000	0.120731	0.777317	0.880000	0.008945	0.798067	0.900000	0.004356
0.783870	0.886667	0.007292	0.790781	0.893333	0.121156	0.798067	0.900000	0.009312	0.758206	0.893333	0.004339
0.777317	0.880000	0.007127	0.798067	0.900000	0.123814	0.798067	0.900000	0.008830	0.785696	0.906667	0.004082
0.777317	0.880000	0.007342	0.790781	0.893333	0.119812	0.777317	0.880000	0.009551	0.798067	0.900000	0.004079
0.798067	0.900000	0.006987	0.798067	0.900000	0.122681	0.798067	0.900000	0.008931	0.777317	0.880000	0.004674
0.798067	0.900000	0.007229	0.758206	0.893333	0.119505	0.783870	0.886667	0.009425	0.705815	0.813333	0.003978
0.783870	0.886667	0.007190	0.783870	0.886667	0.121836	0.798067	0.900000	0.009485	0.758206	0.893333	0.004353
0.777317	0.880000	0.006778	0.783870	0.886667	0.123436	0.790781	0.893333	0.009335	0.789962	0.926667	0.003999
0.777317	0.880000	0.007487	0.798067	0.900000	0.121351	0.798067	0.900000	0.009235	0.766057	0.900000	0.004024
0.777317	0.880000	0.007894	0.798067	0.900000	0.122767	0.798067	0.900000	0.009150	0.777317	0.880000	0.004594
0.798067	0.900000	0.007572	0.790781	0.893333	0.119911	0.798067	0.900000	0.009213	0.758206	0.893333	0.004337
0.777317	0.880000	0.007434	0.777317	0.880000	0.119628	0.798067	0.900000	0.008831	0.805754	0.906667	0.005357
0.790781	0.893333	0.007087	0.777317	0.880000	0.120032	0.798067	0.900000	0.009264	0.790781	0.893333	0.003777
0.798067	0.900000	0.007986	0.777317	0.880000	0.122113	0.798067	0.900000	0.009620	0.750781	0.886667	0.004385
0.777317	0.880000	0.007276	0.798067	0.900000	0.123681	0.798067	0.900000	0.009446	0.802448	0.926667	0.004478
0.783870	0.886667	0.007358	0.813045	0.933333	0.120822	0.798067	0.900000	0.009136	0.749637	0.893333	0.005165
0.798067	0.900000	0.006985	0.798067	0.900000	0.123278	0.798067	0.900000	0.008858	0.762975	0.886667	0.003943
0.777317	0.880000	0.007835	0.798067	0.900000	0.119978	0.777317	0.880000	0.009375	0.798067	0.900000	0.004093
0.777317	0.880000	0.007897	0.777317	0.880000	0.122468	0.798067	0.900000	0.009797	0.798067	0.900000	0.003990
0.798067	0.900000	0.007693	0.732316	0.820000	0.121288	0.783870	0.886667	0.009551	0.682866	0.766667	0.004889
delta = 0.260000, m = 17
0.777317	0.880000	0.071575	0.790781	0.893333	0.155179	0.798067	0.900000	0.010179	0.765217	0.866667	0.005089
0.798067	0.900000	0.007799	0.798067	0.900000	0.141034	0.798067	0.900000	0.010281	0.798067	0.900000	0.005412
0.798067	0.900000	0.008646	0.783870	0.886667	0.141632	0.798067	0.900000	0.010180	0.798067	0.900000	0.005673
0.783870	0.886667	0.008408	0.790781	0.893333	0.141704	0.798067	0.900000	0.009768	0.798067	0.900000	0.005457
0.777317	0.880000	0.008026	0.798067	0.900000	0.140946	0.798067	0.900000	0.008985	0.758206	0.893333	0.005459
0.790781	0.893333	0.008483	0.798067	0.900000	0.142009	0.798067	0.900000	0.010395	0.798067	0.900000	0.005208
0.798067	0.900000	0.007970	0.798067	0.900000	0.142436	0.798067	0.900000	0.010204	0.790781	0.893333	0.005114
0.783870	0.886667	0.008337	0.798067	0.900000	0.141475	0.783870	0.886667	0.010412	0.798067	0.900000	0.004983
0.777317	0.880000	0.007930	0.736171	0.826667	0.141520	0.798067	0.900000	0.009634	0.790781	0.893333	0.004819
0.790781	0.893333	0.008007	0.798067	0.900000	0.144324	0.783870	0.886667	0.010604	0.798067	0.900000	0.005800
0.798067	0.900000	0.008313	0.798067	0.900000	0.142249	0.798067	0.900000	0.010354	0.777317	0.880000	0.005337
0.798067	0.900000	0.009154	0.798067	0.900000	0.142451	0.798067	0.900000	0.010506	0.798067	0.900000	0.004667
0.777317	0.880000	0.007841	0.777317	0.880000	0.144536	0.798067	0.900000	0.010461	0.777317	0.880000	0.004806
0.777317	0.880000	0.008451	0.777317	0.880000	0.143889	0.798067	0.900000	0.009953	0.790781	0.893333	0.005010
0.777317	0.880000	0.008801	0.790781	0.893333	0.139831	0.798067	0.900000	0.009663	0.813866	0.913333	0.004974
0.783870	0.886667	0.008570	0.798067	0.900000	0.142857	0.798067	0.900000	0.010162	0.783870	0.886667	0.004874
0.783870	0.886667	0.009020	0.734654	0.880000	0.141733	0.798067	0.900000	0.009588	0.766057	0.900000	0.005141
0.798067	0.900000	0.008717	0.798067	0.900000	0.142202	0.798067	0.900000	0.010203	0.766057	0.900000	0.005497
0.777317	0.880000	0.008186	0.783870	0.886667	0.144547	0.798067	0.900000	0.009818	0.798067	0.900000	0.005155
0.783870	0.886667	0.008189	0.777317	0.880000	0.141091	0.783870	0.886667	0.009489	0.734654	0.880000	0.004874
0.783870	0.886667	0.008501	0.790781	0.893333	0.143736	0.798067	0.900000	0.010596	0.798067	0.900000	0.005447
0.783870	0.886667	0.008511	0.790781	0.893333	0.142841	0.798067	0.900000	0.009744	0.783870	0.886667	0.004929
0.798067	0.900000	0.008283	0.749637	0.893333	0.144073	0.798067	0.900000	0.009693	0.798067	0.900000	0.005513
0.777317	0.880000	0.009188	0.777317	0.880000	0.142817	0.783870	0.886667	0.010005	0.798067	0.900000	0.004658
0.790781	0.893333	0.008001	0.790781	0.893333	0.142756	0.798067	0.900000	0.010515	0.798067	0.900000	0.005370
0.777317	0.880000	0.008948	0.798067	0.900000	0.142533	0.783870	0.886667	0.009781	0.741932	0.886667	0.005426
0.777317	0.880000	0.009089	0.798067	0.900000	0.143162	0.798067	0.900000	0.010070	0.766057	0.900000	0.005185
0.798067	0.900000	0.008509	0.777317	0.880000	0.143000	0.798067	0.900000	0.010455	0.777317	0.880000	0.005182
0.777317	0.880000	0.008369	0.798067	0.900000	0.142033	0.798067	0.900000	0.010032	0.798067	0.900000	0.005332
0.798067	0.900000	0.008056	0.783870	0.886667	0.143553	0.798067	0.900000	0.010346	0.766057	0.900000	0.005053
0.777317	0.880000	0.008262	0.758206	0.893333	0.144979	0.790781	0.893333	0.010099	0.777317	0.880000	0.005311
0.783870	0.886667	0.008538	0.798067	0.900000	0.140806	0.798067	0.900000	0.009835	0.798067	0.900000	0.005118
0.798067	0.900000	0.007925	0.783870	0.886667	0.145194	0.777317	0.880000	0.009867	0.777317	0.880000	0.005769
0.777317	0.880000	0.008326	0.805754	0.906667	0.141348	0.798067	0.900000	0.009649	0.805754	0.906667	0.005401
0.777317	0.880000	0.008204	0.783870	0.886667	0.142984	0.777317	0.880000	0.010429	0.749637	0.893333	0.006039
0.798067	0.900000	0.007531	0.798067	0.900000	0.142341	0.783870	0.886667	0.010894	0.777706	0.900000	0.006199
0.798067	0.900000	0.008630	0.798067	0.900000	0.140999	0.777317	0.880000	0.009563	0.798067	0.900000	0.005222
0.783870	0.886667	0.008535	0.783870	0.886667	0.140691	0.798067	0.900000	0.009733	0.798067	0.900000	0.005116
0.783870	0.886667	0.008455	0.798067	0.900000	0.143109	0.777317	0.880000	0.010806	0.777317	0.880000	0.004957
0.777317	0.880000	0.008642	0.766057	0.900000	0.143154	0.777317	0.880000	0.010206	0.766057	0.900000	0.005194
0.790781	0.893333	0.008661	0.783870	0.886667	0.142779	0.777317	0.880000	0.010671	0.758206	0.893333	0.005529
0.798067	0.900000	0.008696	0.798067	0.900000	0.141860	0.790781	0.893333	0.010306	0.798067	0.900000	0.004616
0.798067	0.900000	0.007863	0.798067	0.900000	0.144399	0.798067	0.900000	0.009718	0.798067	0.900000	0.004884
0.783870	0.886667	0.008753	0.798067	0.900000	0.142031	0.790781	0.893333	0.010025	0.766057	0.900000	0.004818
0.783870	0.886667	0.008480	0.777706	0.900000	0.141664	0.798067	0.900000	0.009707	0.790781	0.893333	0.005591
0.783870	0.886667	0.008335	0.798067	0.900000	0.143029	0.798067	0.900000	0.010429	0.798067	0.900000	0.005826
0.783870	0.886667	0.008832	0.777317	0.880000	0.143366	0.798067	0.900000	0.010061	0.758206	0.893333	0.005276
0.783870	0.886667	0.008201	0.777317	0.880000	0.140662	0.798067	0.900000	0.009153	0.766057	0.900000	0.005481
0.783870	0.886667	0.008914	0.805754	0.906667	0.141238	0.798067	0.900000	0.010295	0.777706	0.900000	0.005158
0.798067	0.900000	0.008815	0.798067	0.900000	0.140812	0.783870	0.886667	0.010522	0.770141	0.893333	0.005195
delta = 0.260000, m = 18
0.798067	0.900000	0.072344	0.783870	0.886667	0.161379	0.783870	0.886667	0.011138	0.766057	0.900000	0.004996
0.798067	0.900000	0.008991	0.777317	0.880000	0.149446	0.798067	0.900000	0.010210	0.798067	0.900000	0.004781
0.798067	0.900000	0.008744	0.790781	0.893333	0.149015	0.790781	0.893333	0.009553	0.728735	0.813333	0.005934
0.783870	0.886667	0.009302	0.798067	0.900000	0.149405	0.798067	0.900000	0.010683	0.770141	0.893333	0.005589
0.777317	0.880000	0.008633	0.790781	0.893333	0.150426	0.798067	0.900000	0.010333	0.785696	0.906667	0.005635
0.777317	0.880000	0.009526	0.798067	0.900000	0.148962	0.798067	0.900000	0.010924	0.790781	0.893333	0.005294
0.783870	0.886667	0.009444	0.777317	0.880000	0.148568	0.783870	0.886667	0.010286	0.777317	0.880000	0.005824
0.783870	0.886667	0.009224	0.798067	0.900000	0.149765	0.798067	0.900000	0.010581	0.770141	0.893333	0.005213
0.790781	0.893333	0.009022	0.783870	0.886667	0.148944	0.777317	0.880000	0.010423	0.770141	0.893333	0.005710
0.783870	0.886667	0.009752	0.783870	0.886667	0.150242	0.798067	0.900000	0.010767	0.766057	0.900000	0.005546
0.798067	0.900000	0.009370	0.783870	0.886667	0.149043	0.798067	0.900000	0.010705	0.777340	0.920000	0.005241
0.783870	0.886667	0.009472	0.798067	0.900000	0.149147	0.798067	0.900000	0.010655	0.783870	0.886667	0.005498
0.783870	0.886667	0.008986	0.790781	0.893333	0.149010	0.798067	0.900000	0.009673	0.774365	0.906667	0.004572
0.777317	0.880000	0.008868	0.783870	0.886667	0.148508	0.777317	0.880000	0.010869	0.750781	0.886667	0.005413
0.798067	0.900000	0.008696	0.777317	0.880000	0.147633	0.790781	0.893333	0.010406	0.798067	0.900000	0.004777
0.798067	0.900000	0.009104	0.798067	0.900000	0.148621	0.798067	0.900000	0.010933	0.798067	0.900000	0.005587
0.783870	0.886667	0.009811	0.790781	0.893333	0.148239	0.798067	0.900000	0.010704	0.777317	0.880000	0.005231
0.783870	0.886667	0.008906	0.798067	0.900000	0.147868	0.777317	0.880000	0.010891	0.758206	0.893333	0.005944
0.798067	0.900000	0.009131	0.798067	0.900000	0.146927	0.783870	0.886667	0.011092	0.798067	0.900000	0.005810
0.777317	0.880000	0.009816	0.798067	0.900000	0.150887	0.798067	0.900000	0.011161	0.758206	0.893333	0.004925
0.777317	0.880000	0.009237	0.798067	0.900000	0.147826	0.777317	0.880000	0.009989	0.798067	0.900000	0.005365
0.790781	0.893333	0.009277	0.798067	0.900000	0.150262	0.798067	0.900000	0.010469	0.777706	0.900000	0.004795
0.783870	0.886667	0.010070	0.798067	0.900000	0.150537	0.783870	0.886667	0.010324	0.770141	0.893333	0.005240
0.777317	0.880000	0.009162	0.798067	0.900000	0.147473	0.790781	0.893333	0.010631	0.777340	0.920000	0.005862
0.798067	0.900000	0.009427	0.798067	0.900000	0.150617	0.777317	0.880000	0.010358	0.766057	0.900000	0.005783
0.790781	0.893333	0.009146	0.798067	0.900000	0.147861	0.777317	0.880000	0.010649	0.758206	0.893333	0.005131
0.777317	0.880000	0.009092	0.758206	0.893333	0.149373	0.798067	0.900000	0.010124	0.798067	0.900000	0.005612
0.798067	0.900000	0.008518	0.750781	0.886667	0.149179	0.798067	0.900000	0.010796	0.777317	0.880000	0.005689
0.798067	0.900000	0.009224	0.798067	0.900000	0.149134	0.798067	0.900000	0.010260	0.758206	0.893333	0.005292
0.783870	0.886667	0.009200	0.798067	0.900000	0.152689	0.798067	0.900000	0.010307	0.783870	0.886667	0.005267
0.777317	0.880000	0.008954	0.777706	0.900000	0.150513	0.798067	0.900000	0.010787	0.758206	0.893333	0.006442
0.783870	0.886667	0.009256	0.798067	0.900000	0.148571	0.777317	0.880000	0.009493	0.777317	0.880000	0.005071
0.783870	0.886667	0.009215	0.798067	0.900000	0.149957	0.798067	0.900000	0.010752	0.785696	0.906667	0.005353
0.783870	0.886667	0.009683	0.798067	0.900000	0.151454	0.798067	0.900000	0.011019	0.777317	0.880000	0.005903
0.783870	0.886667	0.008972	0.750781	0.886667	0.148314	0.798067	0.900000	0.010570	0.798067	0.900000	0.004752
0.777317	0.880000	0.009097	0.798067	0.900000	0.151779	0.798067	0.900000	0.011140	0.766057	0.900000	0.005313
0.783870	0.886667	0.009728	0.798067	0.900000	0.148819	0.798067	0.900000	0.010190	0.766057	0.900000	0.004873
0.798067	0.900000	0.008864	0.798067	0.900000	0.148671	0.798067	0.900000	0.010885	0.798067	0.900000	0.005475
0.790781	0.893333	0.008469	0.777317	0.880000	0.150256	0.790781	0.893333	0.009850	0.798067	0.900000	0.005411
0.777317	0.880000	0.009187	0.777317	0.880000	0.152968	0.798067	0.900000	0.010358	0.758206	0.893333	0.004715
0.798067	0.900000	0.008674	0.783870	0.886667	0.149764	0.798067	0.900000	0.010677	0.798067	0.900000	0.005327
0.798067	0.900000	0.008750	0.798067	0.900000	0.148216	0.798067	0.900000	0.011105	0.783870	0.886667	0.005378
0.777317	0.880000	0.009591	0.798067	0.900000	0.150483	0.790781	0.893333	0.010972	0.770141	0.893333	0.005203
0.777317	0.880000	0.009672	0.777317	0.880000	0.150090	0.783870	0.886667	0.011200	0.777317	0.880000	0.007122
0.798067	0.900000	0.008601	0.790781	0.893333	0.149677	0.798067	0.900000	0.010545	0.758206	0.893333	0.005402
0.798067	0.900000	0.009200	0.798067	0.900000	0.149285	0.783870	0.886667	0.010965	0.750781	0.886667	0.005890
0.777317	0.880000	0.009169	0.777706	0.900000	0.146829	0.798067	0.900000	0.010390	0.798067	0.900000	0.005011
0.798067	0.900000	0.008893	0.777317	0.880000	0.151396	0.798067	0.900000	0.010760	0.798067	0.900000	0.005259
0.777317	0.880000	0.009196	0.798067	0.900000	0.149402	0.798067	0.900000	0.012023	0.798067	0.900000	0.005441
0.790781	0.893333	0.009001	0.798067	0.900000	0.150749	0.798067	0.900000	0.010485	0.798067	0.900000	0.005143
delta = 0.260000, m = 19
0.777317	0.880000	0.009526	0.798067	0.900000	0.181364	0.777317	0.880000	0.010260	0.777317	0.880000	0.005371
0.790781	0.893333	0.009489	0.790781	0.893333	0.180715	0.798067	0.900000	0.011174	0.777317	0.880000	0.005707
0.790781	0.893333	0.009102	0.798067	0.900000	0.177482	0.798067	0.900000	0.011030	0.798067	0.900000	0.006191
0.777317	0.880000	0.009725	0.798067	0.900000	0.180211	0.798067	0.900000	0.010965	0.766057	0.900000	0.004793
0.783870	0.886667	0.009105	0.777317	0.880000	0.185393	0.798067	0.900000	0.011029	0.750781	0.886667	0.006250
0.783870	0.886667	0.009247	0.798067	0.900000	0.179527	0.777317	0.880000	0.011188	0.777317	0.880000	0.005469
0.777317	0.880000	0.009444	0.798067	0.900000	0.182430	0.798067	0.900000	0.011155	0.741932	0.886667	0.005224
0.777317	0.880000	0.009561	0.777317	0.880000	0.182616	0.798067	0.900000	0.010610	0.795905	0.926667	0.005915
0.777317	0.880000	0.009299	0.783870	0.886667	0.180901	0.777317	0.880000	0.011102	0.798067	0.900000	0.005971
0.783870	0.886667	0.009619	0.798067	0.900000	0.181967	0.798067	0.900000	0.010144	0.785696	0.906667	0.005786
0.777317	0.880000	0.009492	0.777317	0.880000	0.180890	0.798067	0.900000	0.011842	0.770141	0.893333	0.006425
0.783870	0.886667	0.009623	0.758206	0.893333	0.180898	0.798067	0.900000	0.011178	0.766057	0.900000	0.009609
0.777317	0.880000	0.009586	0.777317	0.880000	0.184835	0.790781	0.893333	0.010955	0.798067	0.900000	0.005670
0.798067	0.900000	0.009830	0.790781	0.893333	0.178711	0.798067	0.900000	0.011286	0.798067	0.900000	0.005116
0.798067	0.900000	0.009282	0.798067	0.900000	0.181902	0.790781	0.893333	0.010590	0.770141	0.893333	0.004769
0.783870	0.886667	0.009585	0.798067	0.900000	0.187083	0.798067	0.900000	0.010518	0.805754	0.906667	0.005414
0.798067	0.900000	0.008470	0.798067	0.900000	0.182380	0.777317	0.880000	0.011580	0.790781	0.893333	0.005680
0.790781	0.893333	0.009767	0.790781	0.893333	0.184742	0.798067	0.900000	0.010765	0.798067	0.900000	0.005429
0.798067	0.900000	0.009630	0.770141	0.893333	0.187669	0.777317	0.880000	0.010713	0.798067	0.900000	0.005518
0.798067	0.900000	0.009487	0.783870	0.886667	0.188516	0.798067	0.900000	0.010727	0.777317	0.880000	0.005571
0.790781	0.893333	0.009679	0.798067	0.900000	0.188904	0.798067	0.900000	0.010934	0.798067	0.900000	0.005140
0.798067	0.900000	0.008984	0.798067	0.900000	0.186737	0.777317	0.880000	0.011737	0.777706	0.900000	0.005700
0.798067	0.900000	0.009002	0.736171	0.826667	0.186375	0.777317	0.880000	0.011429	0.783870	0.886667	0.005473
0.783870	0.886667	0.009803	0.798067	0.900000	0.185097	0.783870	0.886667	0.010876	0.798067	0.900000	0.005648
0.783870	0.886667	0.009747	0.783870	0.886667	0.187725	0.777317	0.880000	0.010808	0.770141	0.893333	0.005174
0.790781	0.893333	0.009411	0.765217	0.866667	0.186295	0.758206	0.893333	0.010667	0.805754	0.906667	0.006545
0.798067	0.900000	0.009141	0.798067	0.900000	0.187440	0.777317	0.880000	0.011497	0.798067	0.900000	0.005497
0.798067	0.900000	0.009662	0.798067	0.900000	0.183490	0.798067	0.900000	0.010188	0.798067	0.900000	0.005085
0.790781	0.893333	0.009317	0.798067	0.900000	0.183071	0.790781	0.893333	0.010820	0.798067	0.900000	0.006499
0.777317	0.880000	0.009406	0.798067	0.900000	0.182780	0.777317	0.880000	0.010669	0.758206	0.893333	0.005672
0.798067	0.900000	0.009463	0.798067	0.900000	0.184429	0.790781	0.893333	0.011391	0.758206	0.893333	0.005785
0.790781	0.893333	0.009584	0.798067	0.900000	0.180637	0.790781	0.893333	0.011080	0.798067	0.900000	0.005068
0.783870	0.886667	0.009733	0.798067	0.900000	0.181402	0.798067	0.900000	0.010680	0.777706	0.900000	0.005024
0.790781	0.893333	0.008749	0.798067	0.900000	0.181372	0.798067	0.900000	0.010839	0.727280	0.846667	0.005349
0.783870	0.886667	0.009417	0.790781	0.893333	0.182309	0.798067	0.900000	0.011333	0.798067	0.900000	0.005254
0.790781	0.893333	0.009471	0.770141	0.893333	0.182708	0.798067	0.900000	0.010425	0.805754	0.906667	0.005607
0.777317	0.880000	0.009741	0.777317	0.880000	0.183685	0.783870	0.886667	0.011111	0.766057	0.900000	0.005564
0.777317	0.880000	0.009847	0.798067	0.900000	0.181605	0.777317	0.880000	0.010847	0.798067	0.900000	0.005658
0.777317	0.880000	0.010112	0.777317	0.880000	0.183546	0.798067	0.900000	0.010893	0.798067	0.900000	0.005508
0.783870	0.886667	0.009650	0.777317	0.880000	0.186314	0.798067	0.900000	0.010885	0.790781	0.893333	0.005598
0.777317	0.880000	0.008899	0.798067	0.900000	0.181676	0.798067	0.900000	0.011543	0.798067	0.900000	0.005764
0.798067	0.900000	0.009122	0.798067	0.900000	0.186379	0.798067	0.900000	0.011054	0.766057	0.900000	0.005803
0.777317	0.880000	0.009373	0.766057	0.900000	0.190023	0.798067	0.900000	0.010643	0.798067	0.900000	0.004920
0.777317	0.880000	0.008493	0.790781	0.893333	0.191287	0.798067	0.900000	0.011161	0.758206	0.893333	0.004992
0.777317	0.880000	0.009333	0.798067	0.900000	0.186614	0.798067	0.900000	0.011185	0.783870	0.886667	0.005710
0.783870	0.886667	0.009466	0.783870	0.886667	0.188361	0.783870	0.886667	0.012023	0.758206	0.893333	0.005281
0.777317	0.880000	0.009227	0.798067	0.900000	0.185316	0.798067	0.900000	0.010879	0.798067	0.900000	0.005396
0.783870	0.886667	0.009392	0.777317	0.880000	0.185530	0.798067	0.900000	0.010624	0.798067	0.900000	0.005397
0.783870	0.886667	0.009521	0.798067	0.900000	0.184323	0.777317	0.880000	0.011114	0.798067	0.900000	0.005437
0.777317	0.880000	0.009913	0.777317	0.880000	0.185298	0.798067	0.900000	0.010981	0.783870	0.886667	0.005781
delta = 0.260000, m = 20
0.783870	0.886667	0.018035	0.798067	0.900000	0.185588	0.790781	0.893333	0.011043	0.758206	0.893333	0.005972
0.790781	0.893333	0.009944	0.777317	0.880000	0.183917	0.798067	0.900000	0.011607	0.790781	0.893333	0.005584
0.783870	0.886667	0.009675	0.798067	0.900000	0.187548	0.783870	0.886667	0.010692	0.798067	0.900000	0.006370
0.798067	0.900000	0.009664	0.798067	0.900000	0.184025	0.798067	0.900000	0.011248	0.777317	0.880000	0.005422
0.783870	0.886667	0.009607	0.790781	0.893333	0.183511	0.790781	0.893333	0.011697	0.750781	0.886667	0.005751
0.798067	0.900000	0.009472	0.798067	0.900000	0.184649	0.798067	0.900000	0.010904	0.798067	0.900000	0.006769
0.783870	0.886667	0.010117	0.798067	0.900000	0.183725	0.777317	0.880000	0.011554	0.798067	0.900000	0.005786
0.777317	0.880000	0.010529	0.790781	0.893333	0.181501	0.783870	0.886667	0.011215	0.766057	0.900000	0.005842
0.783870	0.886667	0.009787	0.798067	0.900000	0.185236	0.798067	0.900000	0.011019	0.798067	0.900000	0.005409
0.790781	0.893333	0.009785	0.798067	0.900000	0.184585	0.798067	0.900000	0.011233	0.783870	0.886667	0.005500
0.798067	0.900000	0.009019	0.783870	0.886667	0.187118	0.790781	0.893333	0.011176	0.758206	0.893333	0.005755
0.798067	0.900000	0.009001	0.798067	0.900000	0.185491	0.798067	0.900000	0.010793	0.798067	0.900000	0.005538
0.790781	0.893333	0.009379	0.798067	0.900000	0.186570	0.777317	0.880000	0.010851	0.766057	0.900000	0.005551
0.798067	0.900000	0.009159	0.798067	0.900000	0.183505	0.790781	0.893333	0.011151	0.770141	0.893333	0.005957
0.790781	0.893333	0.009467	0.790781	0.893333	0.184615	0.798067	0.900000	0.011329	0.770141	0.893333	0.005844
0.798067	0.900000	0.009038	0.798067	0.900000	0.184575	0.798067	0.900000	0.011803	0.798067	0.900000	0.006163
0.783870	0.886667	0.010109	0.790781	0.893333	0.183562	0.798067	0.900000	0.011463	0.790781	0.893333	0.005552
0.777317	0.880000	0.010190	0.798067	0.900000	0.184174	0.790781	0.893333	0.010874	0.766057	0.900000	0.005162
0.783870	0.886667	0.010073	0.798067	0.900000	0.180527	0.783870	0.886667	0.011463	0.777317	0.880000	0.005877
0.798067	0.900000	0.010304	0.798067	0.900000	0.186588	0.798067	0.900000	0.010838	0.798067	0.900000	0.004949
0.798067	0.900000	0.009778	0.798067	0.900000	0.184739	0.783870	0.886667	0.012280	0.774365	0.906667	0.005934
0.783870	0.886667	0.010511	0.798067	0.900000	0.181366	0.798067	0.900000	0.010804	0.758206	0.893333	0.005919
0.798067	0.900000	0.009679	0.798067	0.900000	0.182775	0.798067	0.900000	0.011694	0.798067	0.900000	0.005910
0.777317	0.880000	0.009801	0.783870	0.886667	0.183025	0.783870	0.886667	0.010904	0.805754	0.906667	0.006324
0.790781	0.893333	0.010058	0.777317	0.880000	0.183569	0.798067	0.900000	0.010394	0.783870	0.886667	0.005717
0.783870	0.886667	0.009702	0.783870	0.886667	0.181779	0.798067	0.900000	0.011734	0.798067	0.900000	0.006159
0.777317	0.880000	0.009645	0.798067	0.900000	0.183021	0.798067	0.900000	0.010773	0.766057	0.900000	0.005207
0.777317	0.880000	0.009810	0.783870	0.886667	0.182384	0.798067	0.900000	0.010780	0.777317	0.880000	0.005233
0.777317	0.880000	0.009558	0.798067	0.900000	0.187319	0.777317	0.880000	0.011850	0.758206	0.893333	0.005559
0.777317	0.880000	0.009368	0.798067	0.900000	0.184051	0.798067	0.900000	0.011912	0.777706	0.900000	0.005551
0.783870	0.886667	0.009761	0.798067	0.900000	0.185043	0.798067	0.900000	0.011697	0.766057	0.900000	0.006460
0.790781	0.893333	0.009407	0.783870	0.886667	0.183878	0.790781	0.893333	0.011507	0.758206	0.893333	0.005817
0.783870	0.886667	0.009572	0.798067	0.900000	0.181490	0.783870	0.886667	0.010939	0.777706	0.900000	0.006005
0.783870	0.886667	0.009902	0.790781	0.893333	0.182703	0.783870	0.886667	0.011845	0.758206	0.893333	0.005913
0.777317	0.880000	0.010373	0.798067	0.900000	0.181358	0.798067	0.900000	0.011164	0.783870	0.886667	0.005871
0.783870	0.886667	0.009755	0.798067	0.900000	0.186331	0.798067	0.900000	0.011679	0.798067	0.900000	0.006534
0.783870	0.886667	0.010192	0.798067	0.900000	0.186567	0.798067	0.900000	0.011300	0.783870	0.886667	0.005452
0.798067	0.900000	0.009464	0.798067	0.900000	0.182987	0.798067	0.900000	0.011014	0.798067	0.900000	0.005921
0.798067	0.900000	0.009809	0.798067	0.900000	0.184007	0.798067	0.900000	0.010985	0.798067	0.900000	0.005715
0.783870	0.886667	0.010209	0.798067	0.900000	0.187445	0.777317	0.880000	0.012144	0.783870	0.886667	0.005753
0.783870	0.886667	0.009744	0.777317	0.880000	0.183331	0.783870	0.886667	0.011878	0.798067	0.900000	0.005029
0.777317	0.880000	0.010199	0.798067	0.900000	0.182547	0.777317	0.880000	0.011644	0.770141	0.893333	0.006177
0.783870	0.886667	0.009325	0.798067	0.900000	0.182217	0.798067	0.900000	0.011225	0.766057	0.900000	0.005996
0.783870	0.886667	0.010190	0.790781	0.893333	0.184320	0.798067	0.900000	0.010911	0.798067	0.900000	0.004930
0.777317	0.880000	0.010198	0.777317	0.880000	0.185108	0.777317	0.880000	0.011409	0.783870	0.886667	0.005829
0.777317	0.880000	0.010406	0.798067	0.900000	0.187223	0.790781	0.893333	0.012196	0.766057	0.900000	0.005656
0.798067	0.900000	0.009330	0.798067	0.900000	0.184321	0.798067	0.900000	0.011099	0.766057	0.900000	0.005702
0.783870	0.886667	0.009783	0.798067	0.900000	0.183552	0.790781	0.893333	0.010924	0.732316	0.820000	0.006480
0.798067	0.900000	0.009563	0.798067	0.900000	0.182496	0.783870	0.886667	0.011757	0.798067	0.900000	0.005937
0.790781	0.893333	0.009647	0.798067	0.900000	0.183031	0.777317	0.880000	0.011571	0.783870	0.886667	0.006385
