delta = 0.060000, m = 6
0.660878	0.005317	0.268384	0.003691	0.123149	0.006031	0.548236	0.032607	0.605757	0.002865
0.760234	0.022103
0.664961	0.031721
0.763956	0.004141	0.763956	0.003522	0.767775	0.004478	0.034003	0.031692	0.041643	0.003383
0.802291	0.014348
0.479468	0.027635
0.096418	0.004157	0.732687	0.003454	0.486434	0.004745	0.636820	0.032737	0.469433	0.003183
0.775720	0.016863
0.664961	0.037315
0.117658	0.004355	0.158407	0.003847	0.763956	0.004568	0.172369	0.032923	0.297871	0.003307
1.000000	0.020055
0.661124	0.033650
0.661544	0.003737	0.255621	0.003918	0.719630	0.004510	0.549555	0.031845	0.169501	0.003344
0.931426	0.014371
0.664961	0.041286
0.255047	0.003960	0.145175	0.004710	0.760234	0.005137	0.477026	0.031667	0.181519	0.003706
0.966121	0.017450
0.484497	0.044908
0.674099	0.003876	0.117658	0.004459	0.696664	0.004977	0.382315	0.032717	0.518737	0.003808
0.921560	0.016899
0.485969	0.036437
0.104118	0.004834	0.598451	0.003593	0.490960	0.004491	0.704816	0.031909	0.105249	0.002940
0.797551	0.019673
0.552674	0.045848
0.687518	0.003705	0.522693	0.003357	0.619631	0.004508	0.482159	0.030850	0.041643	0.003400
1.000000	0.015545
0.664637	0.037097
0.665055	0.004143	0.763956	0.003539	0.556979	0.004716	0.195734	0.032980	0.236154	0.003126
0.747853	0.015034
0.479468	0.031992
0.092808	0.004195	0.101261	0.004540	0.763956	0.005041	0.217002	0.033203	0.539925	0.002654
0.802291	0.013780
0.494384	0.037956
0.539562	0.004774	0.626871	0.003823	0.619631	0.004938	0.172852	0.032348	0.613905	0.003417
0.980624	0.016773
0.552674	0.037740
0.181275	0.003855	0.570262	0.003503	0.181275	0.004888	0.113919	0.032583	0.186433	0.003217
0.966121	0.014619
0.665055	0.036758
0.625522	0.004357	0.622956	0.003602	0.661246	0.004556	0.533996	0.032196	0.235967	0.003469
0.911379	0.018408
0.263414	0.037907
0.498094	0.004094	0.573027	0.003447	0.498203	0.004802	0.160723	0.031660	0.496650	0.002909
1.000000	0.017408
0.254973	0.037848
0.561192	0.004042	0.113919	0.003843	0.245499	0.005680	0.540950	0.031745	0.034003	0.003077
1.000000	0.015059
0.665055	0.037491
0.665055	0.003963	0.160276	0.004025	0.515128	0.004732	0.499110	0.032210	0.508459	0.002704
1.000000	0.017995
0.492895	0.034929
0.141117	0.004946	0.429880	0.004066	0.887206	0.005083	0.637560	0.032577	0.211200	0.002698
0.830995	0.019215
0.664637	0.032558
0.535873	0.003511	0.133279	0.003575	0.763956	0.004553	0.675973	0.031796	0.184395	0.003663
0.980624	0.017042
0.702881	0.027264
0.387819	0.003922	0.122470	0.004390	0.258456	0.005456	0.573408	0.032615	0.040606	0.003295
1.000000	0.018709
0.694034	0.033036
0.370547	0.004027	0.934065	0.003492	0.508257	0.004809	0.508274	0.033411	0.136273	0.003538
1.000000	0.018340
0.492128	0.034705
0.475391	0.004016	0.556885	0.003386	0.495192	0.004605	0.441078	0.031536	0.185504	0.002769
0.980624	0.014822
0.481083	0.038128
0.120478	0.004163	0.797551	0.003156	0.661246	0.004831	0.077931	0.031650	0.235165	0.002901
0.980624	0.011976
0.575448	0.031224
0.634298	0.003850	0.526675	0.003606	0.157908	0.004663	0.637534	0.032645	0.595518	0.003230
0.966121	0.017355
0.267520	0.032769
0.632206	0.003789	0.522693	0.003507	0.525824	0.004584	0.111606	0.032319	0.532148	0.002615
0.497002	0.018010
0.575448	0.035964
0.695537	0.003841	0.622956	0.003611	0.525824	0.004465	0.154998	0.032505	0.309074	0.003036
1.000000	0.015270
0.661246	0.030618
0.120478	0.003785	0.572700	0.004040	0.182900	0.004981	0.648981	0.032197	0.071966	0.003206
0.980624	0.016164
0.583249	0.038448
0.671630	0.003790	0.521672	0.003573	0.548236	0.004750	0.476231	0.032636	0.346878	0.003012
0.807168	0.018766
0.483846	0.041969
0.531089	0.003921	0.108400	0.003769	0.887206	0.005430	0.078024	0.032906	0.225740	0.003123
0.612190	0.017199
0.664961	0.048327
0.817361	0.004172	0.701073	0.003928	0.493391	0.005384	0.178711	0.032601	0.034003	0.003195
1.000000	0.013655
0.485560	0.029299
0.980624	0.003756	0.429880	0.003565	0.135149	0.004920	0.090826	0.032641	0.026688	0.003196
1.000000	0.013329
0.775720	0.033736
0.663311	0.003863	0.429880	0.004004	0.756608	0.004614	0.177287	0.032576	0.088461	0.003881
0.779853	0.015548
0.490181	0.036850
0.068270	0.004024	0.147727	0.003719	0.493530	0.004495	0.246922	0.033365	0.274647	0.003125
1.000000	0.014755
0.485943	0.040258
0.678504	0.003818	0.108400	0.003920	0.767775	0.004387	0.462930	0.032500	0.674796	0.002728
0.966121	0.018353
0.552529	0.038953
0.101336	0.005078	0.661124	0.003606	0.487345	0.004587	0.767775	0.031966	0.340530	0.002933
0.739807	0.014534
0.583200	0.045918
0.980576	0.003759	0.797551	0.003380	0.493780	0.004887	0.721929	0.031528	0.500305	0.003395
0.980624	0.018663
0.560454	0.033371
0.232229	0.004456	0.122470	0.004074	0.041643	0.005161	0.224320	0.031539	0.681365	0.003155
1.000000	0.015317
0.661246	0.044368
0.141335	0.003899	0.661246	0.003545	0.760234	0.004649	0.363814	0.033373	0.045993	0.003962
1.000000	0.015690
0.664637	0.032868
0.730711	0.003965	0.811108	0.003542	0.120478	0.005433	0.674172	0.033178	0.578573	0.003098
0.865298	0.015718
0.485560	0.042221
0.666842	0.003667	0.448670	0.004248	0.756608	0.004721	0.026688	0.032430	0.670903	0.002692
1.000000	0.014374
0.665055	0.035906
0.678504	0.003683	0.264069	0.003381	0.521230	0.005311	0.463491	0.031402	0.090826	0.003323
0.760234	0.018662
0.575448	0.033042
0.763956	0.003879	0.613734	0.003716	0.082500	0.005189	0.144773	0.031843	0.122470	0.003192
0.980624	0.014597
0.583249	0.028353
0.693543	0.003771	0.788459	0.003638	0.493780	0.004996	0.662039	0.031987	0.451022	0.002727
0.966121	0.015973
0.692825	0.031699
0.604233	0.003889	0.522280	0.003427	0.518003	0.004382	0.443651	0.031181	0.115304	0.003743
0.839725	0.022568
0.485560	0.033756
0.191319	0.004135	0.730711	0.003465	0.128857	0.004983	0.606056	0.031443	0.151910	0.002739
1.000000	0.013853
0.665055	0.035700
0.336226	0.004148	0.545690	0.003580	0.184999	0.004838	0.156873	0.032264	0.534624	0.002864
1.000000	0.017103
0.485969	0.039800
0.385794	0.003669	0.311879	0.003547	0.554419	0.004837	0.163394	0.031876	0.237669	0.002957
1.000000	0.013745
0.484530	0.030311
0.107749	0.004025	0.604233	0.003684	0.271494	0.004965	0.139083	0.032123	0.314781	0.002746
0.980624	0.015966
0.660813	0.038011
0.094723	0.003853	0.509347	0.003894	0.760234	0.004581	0.444594	0.032113	0.080325	0.003176
0.700746	0.013557
0.494384	0.039582
0.071966	0.004032	0.604233	0.003565	0.483846	0.004419	0.124872	0.031721	0.211840	0.003267
1.000000	0.012107
0.267520	0.037050
delta = 0.060000, m = 10
1.000000	0.005698	1.000000	0.004752	0.763956	0.006162	0.668276	0.056600	0.445041	0.003083
0.667189	0.010369
0.539140	0.037246
0.679562	0.004888	0.788459	0.004476	1.000000	0.007109	0.391993	0.056362	0.637560	0.003082
0.527542	0.015921
0.714513	0.034382
1.000000	0.004542	0.671630	0.004447	1.000000	0.005899	0.684277	0.057418	0.941805	0.002949
0.579295	0.014020
0.579657	0.036698
0.671741	0.004923	0.812189	0.004216	0.685868	0.006263	0.709717	0.055868	0.589443	0.003045
0.272992	0.012119
0.720124	0.030301
1.000000	0.004443	1.000000	0.003757	1.000000	0.006077	0.666985	0.058183	0.531307	0.003487
0.481280	0.013187
0.533619	0.034005
1.000000	0.005031	1.000000	0.004272	1.000000	0.005900	0.784098	0.056318	0.509651	0.003030
0.627331	0.014021
0.666985	0.036749
1.000000	0.004571	1.000000	0.004150	1.000000	0.006114	0.085793	0.057823	0.562184	0.003021
0.767775	0.014381
0.666842	0.032849
1.000000	0.004711	0.678504	0.004257	1.000000	0.005630	0.695899	0.058171	0.666985	0.003349
0.475463	0.012601
0.672824	0.036625
0.744451	0.005902	1.000000	0.004145	1.000000	0.006428	0.892819	0.057366	0.732687	0.003579
0.595546	0.011843
0.566056	0.030955
1.000000	0.004846	1.000000	0.004533	1.000000	0.006142	0.462265	0.055697	0.118207	0.003441
0.675971	0.014406
0.700746	0.036477
0.706051	0.005125	1.000000	0.004220	0.665055	0.006163	0.698199	0.057613	0.714783	0.002999
0.680409	0.014188
0.350288	0.035599
1.000000	0.004544	1.000000	0.003822	0.763956	0.005807	0.792942	0.055605	0.143541	0.003202
0.283417	0.010294
0.709717	0.030780
0.674648	0.004599	1.000000	0.004175	0.696664	0.006416	0.717037	0.056223	0.872304	0.003166
0.638554	0.016976
0.604964	0.029909
0.719630	0.004649	0.678504	0.004252	0.763956	0.006104	0.730711	0.057661	0.665222	0.003044
0.629158	0.013413
1.000000	0.032825
1.000000	0.004714	0.845785	0.004014	1.000000	0.006065	0.560529	0.056939	0.665637	0.002789
0.604767	0.012786
1.000000	0.032716
1.000000	0.004751	1.000000	0.004676	1.000000	0.006279	0.719630	0.056213	0.228743	0.003467
0.435425	0.015656
1.000000	0.036603
1.000000	0.004927	1.000000	0.004108	1.000000	0.006329	0.436561	0.056651	0.109601	0.003046
0.562022	0.013313
0.689417	0.032845
1.000000	0.004767	1.000000	0.004327	1.000000	0.006120	0.663322	0.056818	0.455312	0.003224
0.244766	0.013240
0.524729	0.039112
1.000000	0.004873	1.000000	0.003802	1.000000	0.006004	0.444616	0.056502	0.266514	0.003485
0.655673	0.013663
1.000000	0.032156
1.000000	0.004377	0.678113	0.004347	1.000000	0.005955	0.142589	0.057711	0.118207	0.004213
0.457981	0.015856
0.508629	0.032289
1.000000	0.004658	0.742998	0.004279	0.466524	0.005944	0.610117	0.057345	0.026688	0.003364
0.704816	0.014933
0.694034	0.030001
1.000000	0.004424	0.852056	0.004125	0.728039	0.006503	0.865298	0.056413	0.103560	0.003571
0.529118	0.012574
0.497472	0.029905
1.000000	0.005142	1.000000	0.003890	0.686874	0.006196	0.698424	0.056407	0.225583	0.003381
0.623268	0.013786
0.566878	0.034502
1.000000	0.004789	1.000000	0.003845	1.000000	0.005493	0.788459	0.057317	0.575754	0.003143
0.451159	0.011148
0.497520	0.033741
1.000000	0.004539	1.000000	0.003852	0.676317	0.006367	0.528524	0.055658	0.464599	0.003310
0.261298	0.012305
1.000000	0.032248
1.000000	0.004590	1.000000	0.003868	1.000000	0.006017	0.730711	0.058247	0.478888	0.004365
0.402899	0.014182
1.000000	0.033475
0.845785	0.004618	1.000000	0.004199	0.487345	0.006011	1.000000	0.056985	0.464599	0.003127
0.448222	0.015011
1.000000	0.032251
1.000000	0.004868	1.000000	0.003819	1.000000	0.005969	0.658079	0.056292	0.142545	0.003443
0.629675	0.014118
0.488110	0.035866
1.000000	0.005097	0.557711	0.004398	1.000000	0.006114	0.931426	0.055898	0.572532	0.002937
0.497546	0.014600
0.453612	0.033552
0.684277	0.005139	1.000000	0.003764	1.000000	0.005772	0.887206	0.055907	0.665373	0.002997
0.529332	0.012817
0.788459	0.033072
0.673104	0.004899	0.845785	0.004110	0.767775	0.006290	1.000000	0.056927	0.586067	0.003046
0.698678	0.011689
0.722293	0.033548
1.000000	0.004800	0.845785	0.004282	0.740242	0.006463	0.893117	0.056581	0.617874	0.003165
0.592252	0.015382
0.666842	0.038337
1.000000	0.004751	0.664961	0.004094	1.000000	0.006277	0.661078	0.055751	0.281443	0.003508
0.360221	0.013980
0.449383	0.033254
1.000000	0.004585	1.000000	0.003873	0.698674	0.006548	0.632775	0.058668	0.642228	0.003280
0.536585	0.013317
0.516193	0.034804
1.000000	0.004817	1.000000	0.003843	0.648453	0.006400	0.666298	0.056004	0.674172	0.003289
0.760234	0.017288
1.000000	0.036696
1.000000	0.004649	0.654274	0.004388	0.493780	0.006008	0.839725	0.056631	0.176793	0.003365
0.662306	0.015738
0.497520	0.031371
1.000000	0.004545	0.557711	0.004085	1.000000	0.006120	1.000000	0.055870	0.664775	0.003250
0.574469	0.015457
0.203981	0.033211
0.845785	0.005651	1.000000	0.004316	1.000000	0.006614	0.573360	0.058217	0.521224	0.003331
0.409111	0.014928
0.223201	0.041844
0.732550	0.005502	1.000000	0.004200	0.483846	0.006006	0.073207	0.058686	0.756172	0.003020
0.309188	0.015584
0.552741	0.037341
1.000000	0.004418	0.852056	0.004211	1.000000	0.006378	0.760234	0.055546	0.722293	0.003176
0.539644	0.013851
0.677209	0.033023
1.000000	0.004568	1.000000	0.003914	1.000000	0.005970	0.444616	0.056341	0.085129	0.003287
0.561530	0.013760
0.807168	0.035859
1.000000	0.004896	0.671741	0.004276	1.000000	0.006210	1.000000	0.056298	0.724314	0.003033
0.767775	0.013937
0.458561	0.035273
1.000000	0.005432	0.719630	0.004095	1.000000	0.006536	1.000000	0.057813	0.791671	0.003262
0.591646	0.014823
0.664105	0.038153
1.000000	0.004759	1.000000	0.004055	0.719446	0.006703	1.000000	0.056468	0.647875	0.003322
0.407201	0.013831
0.278282	0.036321
1.000000	0.004545	0.665055	0.004067	1.000000	0.006220	0.717903	0.056238	0.429906	0.003196
0.609703	0.013423
0.742998	0.036049
0.702881	0.004666	1.000000	0.003946	1.000000	0.006339	0.156058	0.056997	0.741133	0.003102
0.587313	0.014710
0.661124	0.031271
1.000000	0.004677	1.000000	0.003911	0.719446	0.005873	0.509674	0.056893	0.532477	0.003051
0.582142	0.012647
1.000000	0.032238
1.000000	0.004978	1.000000	0.004014	1.000000	0.005767	0.616877	0.055689	0.494142	0.002836
0.788459	0.015548
0.665188	0.035927
0.852056	0.005006	1.000000	0.004037	1.000000	0.006159	0.681273	0.056767	0.784098	0.002902
0.594158	0.014668
0.665055	0.030535
1.000000	0.004761	1.000000	0.004114	1.000000	0.006085	0.289133	0.056755	0.042537	0.003384
0.372889	0.014473
0.673076	0.032456
delta = 0.060000, m = 14
1.000000	0.006463	1.000000	0.005669	1.000000	0.007838	0.660933	0.099499	0.300309	0.004066
0.570844	0.012055
1.000000	0.032999
1.000000	0.006416	1.000000	0.005540	0.663262	0.007992	1.000000	0.099227	0.718073	0.004039
0.668846	0.010680
0.670521	0.030653
1.000000	0.006540	1.000000	0.005698	1.000000	0.007773	0.760234	0.096634	0.574980	0.003807
0.725026	0.011056
1.000000	0.035335
1.000000	0.006298	1.000000	0.006083	1.000000	0.007892	0.609560	0.096727	0.444616	0.003931
0.775720	0.013562
0.498399	0.030086
1.000000	0.006290	1.000000	0.005463	1.000000	0.008005	0.443953	0.098702	0.710407	0.004090
0.606509	0.014737
1.000000	0.031992
1.000000	0.006168	1.000000	0.005764	1.000000	0.007667	0.736697	0.096342	0.644536	0.004827
0.749629	0.012901
1.000000	0.035215
1.000000	0.006464	1.000000	0.005745	1.000000	0.007773	0.513245	0.097332	0.591724	0.003756
0.746395	0.011230
1.000000	0.032604
1.000000	0.006458	1.000000	0.005877	1.000000	0.007358	0.664829	0.099501	0.679790	0.003901
0.652320	0.013520
1.000000	0.030169
1.000000	0.006220	1.000000	0.005849	0.771695	0.008182	0.698674	0.099767	0.479923	0.003664
0.659891	0.013962
0.666298	0.031437
1.000000	0.006572	1.000000	0.005589	1.000000	0.007925	0.657988	0.098944	1.000000	0.003853
0.749233	0.012902
0.760234	0.031801
1.000000	0.006194	1.000000	0.005943	1.000000	0.007965	1.000000	0.101511	0.447900	0.003883
0.563330	0.012872
1.000000	0.030559
1.000000	0.006347	1.000000	0.005373	1.000000	0.007890	0.698674	0.099854	0.664666	0.003944
0.625694	0.015165
1.000000	0.034985
1.000000	0.006803	1.000000	0.005797	0.657436	0.007740	0.788459	0.103755	0.575420	0.004061
0.808428	0.012951
1.000000	0.035697
1.000000	0.006448	1.000000	0.005849	1.000000	0.007869	0.664690	0.096204	0.523393	0.003792
0.632035	0.014350
0.756608	0.032327
1.000000	0.006148	1.000000	0.005478	1.000000	0.007634	0.686436	0.100059	1.000000	0.003880
0.640889	0.012736
1.000000	0.037209
1.000000	0.006265	1.000000	0.005577	1.000000	0.007470	0.615223	0.097719	0.064123	0.004668
0.582251	0.013289
1.000000	0.036233
1.000000	0.006141	1.000000	0.005767	0.679562	0.007872	0.966121	0.097817	0.788459	0.004014
0.720124	0.015062
1.000000	0.035302
1.000000	0.006352	1.000000	0.005452	1.000000	0.007666	1.000000	0.100702	0.484239	0.004170
0.742998	0.009748
0.670521	0.031398
1.000000	0.006416	1.000000	0.005775	1.000000	0.007685	0.335145	0.098584	0.516701	0.003894
0.673545	0.011754
0.822692	0.038582
1.000000	0.006982	1.000000	0.006160	0.694714	0.007669	0.665055	0.100486	0.054250	0.005131
0.693377	0.012236
1.000000	0.033349
1.000000	0.006230	1.000000	0.005358	1.000000	0.007642	0.702881	0.098057	0.666985	0.004378
0.692922	0.011043
1.000000	0.035796
1.000000	0.006482	1.000000	0.005377	1.000000	0.008017	0.662359	0.097295	0.650299	0.003865
0.754923	0.012641
0.670521	0.039891
1.000000	0.006304	1.000000	0.006051	1.000000	0.007605	0.714513	0.096613	0.694714	0.004005
0.668014	0.010965
1.000000	0.030809
1.000000	0.006421	1.000000	0.005590	1.000000	0.007679	0.671630	0.097867	0.722293	0.003573
0.710897	0.012278
0.812189	0.033809
1.000000	0.006329	1.000000	0.005812	1.000000	0.007619	1.000000	0.099194	0.652853	0.003899
0.615865	0.015422
1.000000	0.035583
1.000000	0.008163	1.000000	0.005666	1.000000	0.008267	0.779853	0.099823	0.688245	0.004116
0.646768	0.014716
1.000000	0.029493
1.000000	0.006314	1.000000	0.005813	1.000000	0.008070	0.444264	0.100310	0.763956	0.004014
0.782733	0.013116
1.000000	0.031643
1.000000	0.006937	1.000000	0.006154	1.000000	0.007944	0.448866	0.096864	1.000000	0.004147
0.567396	0.012529
1.000000	0.036516
1.000000	0.006289	1.000000	0.005887	1.000000	0.007666	1.000000	0.097765	0.659769	0.003833
0.760234	0.012299
1.000000	0.031330
1.000000	0.006421	1.000000	0.005799	1.000000	0.007880	0.742998	0.098923	0.931426	0.003814
0.593687	0.011740
1.000000	0.036496
1.000000	0.006875	1.000000	0.005908	1.000000	0.008014	1.000000	0.097705	0.041643	0.004625
0.697893	0.014252
1.000000	0.035453
1.000000	0.006424	1.000000	0.005554	1.000000	0.007989	0.865298	0.099390	0.509123	0.003819
0.639937	0.011901
1.000000	0.031657
1.000000	0.006334	1.000000	0.005361	1.000000	0.007638	0.647317	0.096951	0.666985	0.003775
0.615791	0.016518
1.000000	0.029823
1.000000	0.006259	1.000000	0.005787	0.665055	0.008195	0.485534	0.099808	0.714783	0.003945
0.668395	0.016461
1.000000	0.040129
1.000000	0.006974	1.000000	0.005604	1.000000	0.007688	0.675973	0.097583	0.084738	0.004169
0.726881	0.010520
1.000000	0.032085
1.000000	0.006156	1.000000	0.005417	1.000000	0.007690	0.678504	0.098092	0.733752	0.003908
0.689331	0.011820
0.827253	0.034205
0.681365	0.006342	1.000000	0.005343	1.000000	0.007698	0.666298	0.100195	0.691200	0.004148
0.792335	0.012393
1.000000	0.031610
0.812189	0.006220	1.000000	0.005337	0.665055	0.007764	0.664961	0.097862	0.741569	0.003644
0.641574	0.012253
1.000000	0.033518
1.000000	0.006654	1.000000	0.005622	1.000000	0.007873	0.737899	0.098433	0.712093	0.003973
0.756608	0.012519
1.000000	0.034124
1.000000	0.006306	1.000000	0.005759	1.000000	0.007721	0.845785	0.101046	1.000000	0.003879
0.565471	0.013244
0.678504	0.033648
1.000000	0.006633	1.000000	0.005621	1.000000	0.007536	0.531098	0.100753	0.675559	0.004178
0.767775	0.014270
1.000000	0.036944
1.000000	0.006519	1.000000	0.005757	1.000000	0.007745	0.665055	0.099277	0.593087	0.004607
0.610232	0.015727
1.000000	0.033689
1.000000	0.007193	0.788459	0.005839	1.000000	0.007988	0.356512	0.098438	0.304502	0.004679
0.767775	0.011731
1.000000	0.038072
1.000000	0.006882	1.000000	0.005769	1.000000	0.008081	0.345481	0.099511	0.299009	0.004158
0.624649	0.012897
0.760234	0.034399
1.000000	0.006647	1.000000	0.005979	1.000000	0.007747	0.807168	0.100701	0.730711	0.004439
0.782733	0.011366
1.000000	0.034683
1.000000	0.006982	1.000000	0.005798	1.000000	0.007890	0.887206	0.098551	1.000000	0.003984
0.633449	0.012247
1.000000	0.035816
1.000000	0.006616	1.000000	0.005642	0.719446	0.008165	0.668355	0.098264	0.793377	0.003885
0.706409	0.013078
1.000000	0.034073
1.000000	0.006296	1.000000	0.005846	1.000000	0.007527	1.000000	0.098656	0.656978	0.004462
0.687685	0.014193
1.000000	0.034171
1.000000	0.006459	1.000000	0.005883	1.000000	0.007595	0.598849	0.100785	0.640355	0.004341
0.791671	0.012970
1.000000	0.030651
1.000000	0.006481	1.000000	0.005966	0.493780	0.008092	0.871711	0.098929	0.679859	0.004623
0.624649	0.015765
1.000000	0.033558
delta = 0.060000, m = 18
0.667920	0.009470	1.000000	0.007515	1.000000	0.010677	0.698674	0.140617	0.966121	0.004450
0.760234	0.013729
1.000000	0.034141
1.000000	0.008758	1.000000	0.007768	0.664690	0.010148	0.719630	0.141686	0.604321	0.004652
0.828190	0.013862
1.000000	0.035248
1.000000	0.008299	1.000000	0.007098	1.000000	0.009393	0.664961	0.140343	0.529390	0.004962
0.628722	0.013799
1.000000	0.037317
1.000000	0.008270	1.000000	0.008199	1.000000	0.009243	0.828190	0.144242	0.666914	0.005010
0.760234	0.011884
1.000000	0.035345
1.000000	0.008787	1.000000	0.007638	1.000000	0.009877	0.696664	0.142594	0.730711	0.004806
0.879598	0.013975
1.000000	0.037381
1.000000	0.008578	1.000000	0.007644	1.000000	0.009944	1.000000	0.142026	1.000000	0.004516
0.707877	0.014148
1.000000	0.041684
1.000000	0.008556	1.000000	0.007932	1.000000	0.009765	1.000000	0.142370	0.730086	0.004215
0.746271	0.013773
1.000000	0.037146
1.000000	0.008909	1.000000	0.007488	1.000000	0.009643	0.760234	0.143898	0.677415	0.004458
0.858555	0.010925
1.000000	0.035577
1.000000	0.008518	1.000000	0.007566	1.000000	0.010125	0.742998	0.142853	0.728142	0.004561
0.787141	0.015954
1.000000	0.035342
1.000000	0.007981	1.000000	0.007564	1.000000	0.009257	0.670521	0.141490	0.912281	0.004660
1.000000	0.012357
1.000000	0.037747
1.000000	0.008694	1.000000	0.007876	0.655768	0.009812	0.665373	0.142089	0.714374	0.004597
0.812749	0.010867
1.000000	0.035313
1.000000	0.008164	1.000000	0.007113	1.000000	0.009456	1.000000	0.143717	0.833864	0.004992
0.887206	0.012209
1.000000	0.042818
1.000000	0.008209	1.000000	0.007391	0.667920	0.009684	0.656197	0.139604	0.730985	0.004812
0.699115	0.012266
1.000000	0.038556
1.000000	0.008863	1.000000	0.007527	1.000000	0.009868	0.894716	0.142830	0.449856	0.004742
0.744451	0.012108
1.000000	0.039489
1.000000	0.009280	1.000000	0.007784	1.000000	0.010025	0.787141	0.142861	0.455168	0.004759
1.000000	0.012305
1.000000	0.035120
1.000000	0.008688	1.000000	0.007176	1.000000	0.009543	1.000000	0.142392	0.503577	0.004572
0.681549	0.013621
1.000000	0.040868
1.000000	0.008853	1.000000	0.008047	1.000000	0.009721	1.000000	0.141561	0.479410	0.004363
0.814131	0.013301
1.000000	0.036890
1.000000	0.008580	1.000000	0.007167	1.000000	0.009361	1.000000	0.143000	0.681365	0.005242
0.822692	0.013542
1.000000	0.033631
1.000000	0.008600	1.000000	0.007205	1.000000	0.009841	0.725749	0.144549	0.542333	0.004757
0.839089	0.012774
1.000000	0.037329
1.000000	0.008155	1.000000	0.007500	1.000000	0.010138	0.679562	0.142666	0.717037	0.004488
0.655684	0.012017
1.000000	0.035267
1.000000	0.008618	1.000000	0.007167	1.000000	0.009383	0.753074	0.143097	0.666985	0.005212
0.803844	0.011936
1.000000	0.037777
1.000000	0.008436	1.000000	0.007845	0.493780	0.009867	0.508824	0.141856	0.091611	0.004802
0.784098	0.012600
1.000000	0.033831
0.673309	0.008301	1.000000	0.007518	1.000000	0.009493	1.000000	0.140889	0.807168	0.004468
0.872304	0.011371
1.000000	0.035225
1.000000	0.007997	0.676317	0.007589	1.000000	0.009198	0.687518	0.143206	0.650163	0.004466
0.762361	0.012554
1.000000	0.039085
1.000000	0.008428	1.000000	0.006992	1.000000	0.009460	0.679859	0.141184	0.767775	0.004460
0.827253	0.013339
1.000000	0.038119
1.000000	0.008204	1.000000	0.007301	1.000000	0.009770	0.074679	0.143636	0.510821	0.005112
0.746271	0.013089
1.000000	0.037496
1.000000	0.009041	1.000000	0.007828	1.000000	0.009952	1.000000	0.141848	0.827253	0.004611
0.844994	0.011539
1.000000	0.041516
1.000000	0.009035	1.000000	0.007686	1.000000	0.009863	0.666440	0.143502	0.631771	0.004976
0.912281	0.012876
1.000000	0.037472
1.000000	0.008626	1.000000	0.007748	1.000000	0.010000	1.000000	0.141569	0.671972	0.004887
0.679312	0.013855
0.812189	0.033058
1.000000	0.008294	1.000000	0.007413	1.000000	0.009254	1.000000	0.142724	0.719630	0.004882
0.816328	0.014619
1.000000	0.033410
1.000000	0.008117	1.000000	0.007585	1.000000	0.009586	1.000000	0.140246	0.719630	0.004433
0.827253	0.013371
1.000000	0.040491
1.000000	0.008391	1.000000	0.006931	1.000000	0.009416	0.664961	0.142499	0.474271	0.005079
0.788459	0.011035
1.000000	0.034600
1.000000	0.008452	1.000000	0.007904	1.000000	0.010107	0.832975	0.142866	0.797551	0.004287
0.787141	0.013430
1.000000	0.036659
1.000000	0.008164	1.000000	0.007529	1.000000	0.009552	1.000000	0.143763	0.583877	0.005226
0.770192	0.013225
1.000000	0.032606
1.000000	0.008771	1.000000	0.007901	1.000000	0.009431	0.730711	0.142502	0.671630	0.005029
0.672701	0.015973
1.000000	0.033340
1.000000	0.008690	1.000000	0.007868	1.000000	0.010073	1.000000	0.141168	0.665557	0.004544
0.800108	0.011530
1.000000	0.033520
1.000000	0.009711	1.000000	0.007760	1.000000	0.009735	0.745282	0.141142	1.000000	0.004319
0.797551	0.011918
1.000000	0.034781
1.000000	0.008448	1.000000	0.007439	1.000000	0.009313	0.656025	0.143020	1.000000	0.004759
0.766708	0.013252
1.000000	0.036414
1.000000	0.008431	1.000000	0.006865	1.000000	0.009458	0.787141	0.145894	0.722502	0.005037
0.755596	0.013902
0.742998	0.035309
1.000000	0.008103	1.000000	0.007617	1.000000	0.009263	1.000000	0.141780	0.698674	0.004674
0.832975	0.011810
1.000000	0.035341
1.000000	0.008342	1.000000	0.007534	1.000000	0.009426	1.000000	0.140012	0.698674	0.004798
0.714167	0.014894
1.000000	0.038298
1.000000	0.008763	1.000000	0.007515	1.000000	0.010323	0.719630	0.141806	0.693377	0.004233
0.760234	0.013075
1.000000	0.037280
0.719446	0.008562	1.000000	0.007475	1.000000	0.009675	0.746271	0.142556	0.832975	0.004631
0.819778	0.011309
0.679294	0.038721
1.000000	0.008534	1.000000	0.007390	1.000000	0.009603	1.000000	0.143096	0.742998	0.004751
0.720124	0.010817
1.000000	0.038385
1.000000	0.008156	1.000000	0.007371	1.000000	0.009426	0.443651	0.142129	1.000000	0.004641
0.808816	0.011783
1.000000	0.039557
1.000000	0.008412	1.000000	0.007105	1.000000	0.009808	1.000000	0.143330	0.508008	0.004692
0.876057	0.014032
1.000000	0.036537
1.000000	0.008823	1.000000	0.007348	1.000000	0.009661	1.000000	0.142240	0.675973	0.005356
0.754557	0.011816
1.000000	0.034713
1.000000	0.008498	1.000000	0.007825	1.000000	0.009301	0.941805	0.142118	0.664961	0.005324
0.784098	0.011764
1.000000	0.039344
1.000000	0.009177	1.000000	0.007101	1.000000	0.009956	0.788459	0.143710	0.548236	0.004709
0.616009	0.012376
1.000000	0.035626
1.000000	0.008332	1.000000	0.007388	1.000000	0.009507	1.000000	0.141528	1.000000	0.004315
0.791671	0.014698
1.000000	0.040467
delta = 0.060000, m = 22
1.000000	0.010621	1.000000	0.008501	1.000000	0.011122	0.931426	0.207246	0.471654	0.005725
0.779098	0.013435
1.000000	0.040846
1.000000	0.010762	1.000000	0.008865	1.000000	0.011784	0.763956	0.201757	1.000000	0.005787
0.775720	0.012448
1.000000	0.035400
1.000000	0.010042	1.000000	0.009336	1.000000	0.011304	0.851315	0.204614	1.000000	0.005392
0.611143	0.014137
1.000000	0.044881
1.000000	0.010119	1.000000	0.009047	1.000000	0.011360	0.966025	0.205017	0.681273	0.005351
0.827253	0.014741
1.000000	0.035630
1.000000	0.010283	1.000000	0.009059	1.000000	0.011472	0.661298	0.206256	0.812189	0.005619
0.691948	0.012517
1.000000	0.032984
1.000000	0.009923	1.000000	0.009072	1.000000	0.011725	0.980576	0.206290	0.827709	0.005556
0.941805	0.011751
1.000000	0.039233
1.000000	0.010505	1.000000	0.009328	1.000000	0.011509	1.000000	0.205513	0.767775	0.005454
0.712056	0.011760
1.000000	0.034682
1.000000	0.010430	1.000000	0.009070	1.000000	0.011460	1.000000	0.204405	0.501201	0.005143
0.886712	0.015004
1.000000	0.032577
1.000000	0.010166	1.000000	0.009279	1.000000	0.011022	0.865298	0.206226	0.687745	0.005332
0.812189	0.011859
1.000000	0.034661
1.000000	0.010509	1.000000	0.008898	1.000000	0.011532	0.676317	0.205781	0.555755	0.005872
0.827253	0.012949
1.000000	0.038132
1.000000	0.010307	1.000000	0.009195	1.000000	0.011350	1.000000	0.205791	0.687518	0.005306
0.827253	0.014522
1.000000	0.032049
1.000000	0.009759	1.000000	0.008679	1.000000	0.011307	1.000000	0.203552	0.756608	0.004862
0.707877	0.012266
1.000000	0.044305
1.000000	0.010026	1.000000	0.009196	1.000000	0.011936	0.666985	0.203361	0.911936	0.004918
0.721553	0.011933
1.000000	0.043259
1.000000	0.010512	1.000000	0.009095	1.000000	0.011579	1.000000	0.205136	0.980576	0.005543
0.775720	0.017254
1.000000	0.036868
1.000000	0.010741	1.000000	0.008815	1.000000	0.011633	0.702881	0.203921	0.714513	0.005390
0.756608	0.015991
1.000000	0.036977
1.000000	0.010319	1.000000	0.008842	0.676317	0.011791	0.677209	0.203127	0.687518	0.005377
0.762361	0.012544
1.000000	0.036434
1.000000	0.011053	1.000000	0.008944	1.000000	0.011334	1.000000	0.204737	0.664637	0.005421
0.827253	0.014632
1.000000	0.036838
1.000000	0.009739	1.000000	0.009303	1.000000	0.011743	0.931426	0.207017	0.832975	0.005305
0.827506	0.012448
1.000000	0.034876
1.000000	0.010430	1.000000	0.008899	1.000000	0.011638	0.489514	0.203385	1.000000	0.005854
0.788459	0.012251
1.000000	0.039932
1.000000	0.010536	1.000000	0.009116	0.700518	0.011163	0.802291	0.204012	0.046714	0.005816
0.763956	0.010897
1.000000	0.036748
1.000000	0.010617	1.000000	0.009103	1.000000	0.011437	0.812189	0.206522	0.742998	0.005683
0.600214	0.014503
1.000000	0.039974
1.000000	0.010748	1.000000	0.008642	1.000000	0.011564	1.000000	0.205706	0.707339	0.005821
0.921560	0.010420
1.000000	0.038790
1.000000	0.010418	1.000000	0.009279	1.000000	0.011460	0.600353	0.202559	0.678504	0.005725
0.762361	0.012777
1.000000	0.035557
1.000000	0.010559	1.000000	0.009057	1.000000	0.011438	1.000000	0.206700	0.700746	0.005347
0.857863	0.011467
1.000000	0.039444
1.000000	0.010521	1.000000	0.009287	1.000000	0.011624	0.676067	0.204353	0.675973	0.005440
0.980576	0.011259
1.000000	0.034779
1.000000	0.010076	1.000000	0.009248	1.000000	0.011588	1.000000	0.202313	0.519264	0.005372
0.903108	0.011117
1.000000	0.035720
1.000000	0.010273	1.000000	0.009291	1.000000	0.011284	1.000000	0.205550	0.289133	0.005135
0.775720	0.012698
1.000000	0.035568
1.000000	0.010079	1.000000	0.008825	1.000000	0.011055	0.730711	0.203122	0.788459	0.005836
0.719630	0.012242
1.000000	0.036767
1.000000	0.010138	1.000000	0.009458	1.000000	0.011133	1.000000	0.204494	1.000000	0.004975
0.744451	0.013722
1.000000	0.040203
1.000000	0.010178	1.000000	0.009356	1.000000	0.011355	1.000000	0.203446	0.966121	0.005281
0.832975	0.012533
1.000000	0.036471
1.000000	0.010223	1.000000	0.009685	1.000000	0.011552	1.000000	0.203006	0.792942	0.005432
0.741133	0.012681
1.000000	0.036781
1.000000	0.010469	1.000000	0.008786	1.000000	0.011324	1.000000	0.204112	0.812189	0.005240
0.806039	0.012817
1.000000	0.037572
1.000000	0.010673	1.000000	0.009448	1.000000	0.011543	0.664829	0.203980	0.542538	0.005370
0.670648	0.012403
1.000000	0.041541
1.000000	0.010891	1.000000	0.009090	1.000000	0.011630	1.000000	0.207046	1.000000	0.004826
0.775720	0.011071
1.000000	0.038597
1.000000	0.010471	1.000000	0.008830	1.000000	0.011510	0.671741	0.205247	0.921265	0.005524
0.894716	0.013005
1.000000	0.035995
1.000000	0.010378	1.000000	0.009057	1.000000	0.011720	1.000000	0.203157	0.789342	0.005169
0.719630	0.012061
1.000000	0.037925
1.000000	0.010274	1.000000	0.008974	1.000000	0.011464	0.554407	0.203857	1.000000	0.005202
0.827253	0.011078
1.000000	0.032076
1.000000	0.009778	1.000000	0.009076	1.000000	0.011483	0.763956	0.204838	0.671630	0.005568
0.801114	0.012896
1.000000	0.038805
1.000000	0.010402	1.000000	0.008961	1.000000	0.011267	1.000000	0.207611	0.746271	0.005452
0.827253	0.011387
1.000000	0.037760
1.000000	0.010178	1.000000	0.008422	1.000000	0.011045	0.665373	0.205900	0.692825	0.005240
0.894716	0.014762
1.000000	0.038284
1.000000	0.009863	1.000000	0.009273	0.679562	0.011994	1.000000	0.202280	0.670521	0.005369
0.833864	0.012985
1.000000	0.036564
1.000000	0.010104	1.000000	0.008990	1.000000	0.011845	1.000000	0.207408	0.661974	0.005764
0.784098	0.014627
1.000000	0.035437
1.000000	0.009990	1.000000	0.009749	1.000000	0.011477	1.000000	0.206447	0.704943	0.005476
0.784098	0.011456
1.000000	0.036464
1.000000	0.010799	1.000000	0.008898	1.000000	0.011417	1.000000	0.204384	0.120466	0.006500
0.756608	0.014754
1.000000	0.038381
1.000000	0.010633	1.000000	0.008946	1.000000	0.011412	1.000000	0.206156	0.677209	0.005192
0.903108	0.011883
1.000000	0.039011
1.000000	0.010357	1.000000	0.008882	1.000000	0.011418	1.000000	0.206406	0.443651	0.005160
0.747578	0.012549
1.000000	0.045292
1.000000	0.010072	1.000000	0.009453	1.000000	0.011516	1.000000	0.206498	0.558547	0.005322
0.921560	0.011078
1.000000	0.038032
1.000000	0.010608	1.000000	0.009324	1.000000	0.011741	0.685868	0.205857	0.730711	0.005263
0.966121	0.011868
1.000000	0.042126
1.000000	0.009783	1.000000	0.008687	1.000000	0.011309	0.852056	0.205946	0.727832	0.005598
0.710897	0.011919
1.000000	0.035863
1.000000	0.010778	1.000000	0.009150	1.000000	0.011536	1.000000	0.219793	0.666298	0.006077
0.762361	0.012652
1.000000	0.037626
1.000000	0.036877
