delta = 0.060000, m = 10
0.623177	0.005867	0.654141	0.003877	0.099685	0.008070	0.608572	0.061418	0.640390	0.003125
0.736502	0.014446
0.516735	0.037788
0.665233	0.004214	0.669709	0.003239	0.188495	0.005876	0.208479	0.060854	0.132415	0.003597
0.559861	0.010586
0.213453	0.035621
0.614084	0.004088	0.639093	0.003451	0.619238	0.005899	0.111802	0.059328	0.073911	0.003609
0.557091	0.012088
0.677352	0.040176
0.616466	0.004316	0.639761	0.003570	0.064963	0.006070	0.631506	0.058966	0.122252	0.003222
0.688301	0.010809
0.680393	0.038648
0.658584	0.004344	0.643159	0.003429	0.132415	0.006292	0.462327	0.062435	0.246589	0.003059
0.711196	0.013731
0.679295	0.035686
0.678856	0.003872	0.639093	0.003420	0.621055	0.005945	0.030392	0.061721	0.145814	0.003713
0.378924	0.012947
0.180418	0.037932
0.621262	0.004626	0.643094	0.003675	0.665602	0.005519	0.623779	0.059137	0.639902	0.003238
0.588533	0.011574
0.266074	0.034483
0.654337	0.004673	0.618450	0.003450	0.030392	0.006359	0.676977	0.060196	0.152112	0.003080
0.552473	0.012685
0.640899	0.036496
0.625445	0.004198	0.654141	0.003614	0.116076	0.006107	0.616406	0.060240	0.132415	0.003352
0.692562	0.014493
0.662615	0.041058
0.615619	0.004372	0.639093	0.003791	0.665233	0.006168	0.071875	0.060843	0.161727	0.002992
0.362320	0.010893
0.411321	0.036412
0.635017	0.004578	0.639093	0.003915	0.658307	0.006149	0.073911	0.059742	0.038766	0.003466
0.806370	0.012537
0.275994	0.043028
0.656957	0.004371	0.650721	0.003763	0.657712	0.005963	0.077775	0.060975	0.046343	0.004044
0.523208	0.011823
0.704217	0.041447
0.705328	0.004950	0.622873	0.003783	0.077775	0.005738	0.645186	0.059559	0.082418	0.003539
0.706203	0.010623
0.263183	0.035238
0.631463	0.004304	0.618450	0.004027	0.655730	0.006577	0.652765	0.059592	0.635020	0.003260
0.519987	0.017135
0.738073	0.037875
0.615667	0.004856	0.639093	0.003552	0.621055	0.006402	0.077775	0.059075	0.099249	0.003527
0.700014	0.011970
0.642263	0.037890
0.681005	0.004376	0.639093	0.003951	0.089700	0.006069	0.030392	0.060399	0.142353	0.003410
0.562304	0.012675
0.669733	0.036154
0.638998	0.004317	0.678844	0.005577	0.677146	0.006140	0.639902	0.063180	0.152112	0.003512
0.413771	0.012236
0.679689	0.037175
0.669733	0.004329	0.639269	0.003683	0.647715	0.006220	0.080929	0.061413	0.611385	0.003806
0.564443	0.011250
0.663044	0.038696
0.196871	0.004367	0.643239	0.004053	0.077775	0.006132	0.030392	0.059680	0.316233	0.003115
0.494099	0.010872
0.645224	0.034805
0.642176	0.004400	0.626379	0.004093	0.656190	0.006568	0.180523	0.058296	0.631506	0.002992
0.664512	0.014989
0.674137	0.040540
0.685057	0.004680	0.643213	0.003713	0.637430	0.006092	0.164373	0.058595	0.038766	0.003342
0.765810	0.012390
0.351489	0.036552
0.687834	0.004451	0.654141	0.003882	0.643094	0.006125	0.634437	0.059799	0.623358	0.003418
0.580393	0.011510
0.678782	0.036411
0.614175	0.004244	0.654180	0.003656	0.660142	0.006241	0.612757	0.060878	0.648183	0.003403
0.659171	0.012910
0.622873	0.035953
0.636025	0.004171	0.654141	0.003664	0.660142	0.006250	0.638163	0.060434	0.658574	0.003284
0.639598	0.010417
0.618189	0.035201
0.616849	0.004432	0.643213	0.003501	0.625445	0.005923	0.640577	0.058589	0.570781	0.003568
0.503591	0.012043
0.265541	0.037335
0.635113	0.004417	0.641888	0.003494	0.665233	0.006232	0.645233	0.059910	0.132415	0.003156
0.712303	0.011250
0.660142	0.036882
0.634949	0.004618	0.635279	0.004388	0.681244	0.006565	0.142353	0.060735	0.627907	0.002966
0.441675	0.011741
0.679295	0.036460
0.653333	0.004107	0.639093	0.003829	0.649223	0.006109	0.636285	0.060191	0.152112	0.003433
0.692071	0.012421
0.389778	0.038984
0.636025	0.004509	0.643213	0.003543	0.064963	0.006272	0.643690	0.058909	0.635020	0.003066
0.548873	0.013330
0.525407	0.033707
0.626379	0.004536	0.626379	0.003544	0.142353	0.005674	0.647655	0.058682	0.149235	0.002989
0.493261	0.013243
0.137399	0.035123
0.616849	0.004205	0.626379	0.003673	0.652315	0.005946	0.152112	0.059832	0.640019	0.003000
0.729814	0.012172
0.695517	0.040110
0.647655	0.004445	0.639902	0.003640	0.625445	0.005703	0.639355	0.061914	0.161727	0.003192
0.575274	0.013319
0.618157	0.036438
0.647655	0.004411	0.643213	0.003683	0.657508	0.006253	0.669107	0.059085	0.037378	0.003668
0.547674	0.012818
0.544616	0.035665
0.634028	0.004267	0.639093	0.003534	0.666500	0.006335	0.171665	0.058680	0.644321	0.003091
0.583476	0.012589
0.699324	0.038170
0.635017	0.004718	0.643213	0.003925	0.645186	0.005960	0.612757	0.060582	0.609001	0.003056
0.707347	0.011810
0.623912	0.035950
0.657508	0.004852	0.651511	0.004533	0.180157	0.006232	0.638998	0.061250	0.030392	0.004049
0.503611	0.012846
0.649467	0.032544
0.628347	0.004463	0.650721	0.003761	0.111802	0.006052	0.648378	0.060377	0.627729	0.003171
0.449905	0.013277
0.529422	0.039817
0.628347	0.004522	0.639093	0.003509	0.663530	0.006131	0.046343	0.058228	0.064963	0.003729
0.577024	0.013602
0.795160	0.042696
0.656957	0.004718	0.639761	0.003677	0.089700	0.006000	0.171229	0.059007	0.627617	0.003142
0.799698	0.011409
0.674810	0.032012
0.631463	0.004256	0.669709	0.003698	0.625218	0.006275	0.612757	0.059804	0.161727	0.003128
0.700291	0.013295
0.711263	0.038079
0.639269	0.004365	0.671795	0.003593	0.645224	0.005514	0.082406	0.060236	0.100989	0.003430
0.748714	0.011714
0.675229	0.045139
0.618157	0.004393	0.669709	0.004123	0.103704	0.007352	0.038766	0.058781	0.627907	0.003086
0.434897	0.009699
0.555571	0.036786
0.625445	0.004361	0.639093	0.003674	0.288677	0.006736	0.650940	0.059698	0.152112	0.003128
0.549345	0.012162
0.656957	0.037659
0.617944	0.004170	0.639902	0.003913	0.064963	0.006200	0.084017	0.062458	0.080929	0.004661
0.743999	0.013054
0.363432	0.034048
0.222929	0.004677	0.639093	0.003423	0.240280	0.005707	0.127806	0.060903	0.120085	0.003857
0.526270	0.012622
0.188495	0.036792
0.666842	0.004460	0.639093	0.003697	0.633359	0.005769	0.100989	0.058656	0.640390	0.003341
0.662078	0.013960
0.652494	0.031441
0.624804	0.004538	0.654141	0.003603	0.645036	0.005575	0.645215	0.061181	0.637066	0.002935
0.708699	0.010057
0.258015	0.039938
0.619238	0.004475	0.654141	0.003673	0.646110	0.005714	0.142353	0.059506	0.196826	0.003028
0.556492	0.011480
0.674900	0.037202
0.638820	0.004406	0.635113	0.003703	0.631376	0.006338	0.351770	0.060199	0.128510	0.002747
0.700014	0.011430
0.623358	0.035895
0.674192	0.004039	0.639093	0.003364	0.650767	0.005743	0.635165	0.060003	0.609001	0.003127
0.791131	0.011315
0.521253	0.037761
delta = 0.060000, m = 15
0.624478	0.006919	0.616466	0.005699	0.643997	0.008227	0.627076	0.113829	0.659702	0.004664
0.780963	0.012049
0.627401	0.037479
0.656190	0.006400	0.662780	0.005373	0.659715	0.008352	0.625412	0.115660	0.639093	0.004303
0.805981	0.011986
0.657507	0.037219
0.687478	0.005957	0.728706	0.005294	0.626379	0.008688	0.636119	0.115130	0.196871	0.004232
0.849599	0.015361
0.149343	0.040925
0.615170	0.006006	0.678856	0.005278	0.615619	0.008095	0.667674	0.114084	0.619360	0.004195
0.837980	0.011463
0.333184	0.040823
0.616466	0.005929	0.615619	0.005358	0.618189	0.007806	0.622873	0.115570	0.647281	0.004043
0.848348	0.012631
0.662049	0.042579
0.653042	0.006353	0.615170	0.005317	0.621803	0.008450	0.643997	0.116763	0.612784	0.004880
0.593204	0.011085
0.525516	0.039222
0.652598	0.006278	0.635566	0.005903	0.641888	0.008322	0.651511	0.112503	0.643221	0.004011
0.826183	0.014891
0.657507	0.037975
0.629696	0.006271	0.653860	0.005405	0.641030	0.008319	0.658983	0.116179	0.267929	0.004494
0.798238	0.013403
0.657318	0.037595
0.635627	0.006214	0.693516	0.005636	0.647795	0.008143	0.659592	0.114312	0.634437	0.004023
0.666449	0.011765
0.258916	0.041211
0.656721	0.006024	0.621103	0.004949	0.639761	0.008563	0.624594	0.116237	0.132415	0.004352
0.715020	0.014194
0.671664	0.033531
0.647655	0.006415	0.610546	0.006059	0.630619	0.008540	0.164508	0.111502	0.565787	0.004970
0.851713	0.018570
0.713289	0.037337
0.673636	0.006375	0.770032	0.005075	0.621103	0.008203	0.659715	0.114294	0.621180	0.003822
0.919264	0.012430
0.643901	0.040855
0.629371	0.006371	0.642263	0.005309	0.638998	0.008399	0.654179	0.112987	0.611385	0.004111
0.910015	0.013897
0.424555	0.037147
0.629696	0.006192	0.666461	0.005055	0.643901	0.008119	0.662780	0.116276	0.643371	0.004143
0.496250	0.012434
0.711196	0.041973
0.629696	0.005927	0.611758	0.005446	0.621554	0.008083	0.699887	0.114978	0.609582	0.004229
0.885360	0.014713
0.355845	0.045677
0.635165	0.006141	0.662049	0.005974	0.618450	0.008306	0.037378	0.113690	0.509701	0.004816
0.868363	0.015010
0.642656	0.040832
0.643159	0.006317	0.611758	0.005467	0.641030	0.008581	0.155456	0.115618	0.574366	0.003910
0.790316	0.011648
0.680326	0.038471
0.673654	0.006475	0.662780	0.005196	0.622684	0.008538	0.654801	0.114353	0.097736	0.004703
0.808919	0.011576
0.661938	0.036751
0.635279	0.006048	0.667273	0.004960	0.658983	0.008178	0.135031	0.113337	0.635165	0.004213
0.744677	0.013203
0.163190	0.039965
0.643120	0.006086	0.653860	0.005292	0.647281	0.008324	0.648466	0.116143	0.621276	0.004173
0.751823	0.010677
0.647493	0.040330
0.661938	0.005678	0.636025	0.005159	0.643213	0.007959	0.208557	0.115405	0.142353	0.004170
0.750917	0.016146
0.648502	0.035549
0.610546	0.005847	0.660604	0.005123	0.643094	0.008265	0.617944	0.111992	0.638263	0.004148
0.767894	0.014645
0.520081	0.038259
0.664153	0.006106	0.673416	0.005073	0.652782	0.007656	0.650940	0.112968	0.161727	0.004246
0.831503	0.014122
0.171861	0.051257
0.669107	0.006146	0.669709	0.005293	0.188495	0.007824	0.665752	0.114717	0.640390	0.004446
0.702481	0.013329
0.379617	0.040449
0.639555	0.006244	0.616466	0.005525	0.621276	0.008685	0.640390	0.115824	0.615619	0.004070
0.817390	0.013731
0.171861	0.043534
0.621276	0.006106	0.684847	0.004905	0.647795	0.008238	0.641606	0.113299	0.632502	0.004591
0.742380	0.012993
0.319671	0.036418
0.635866	0.006038	0.661489	0.005073	0.622873	0.008094	0.650154	0.113369	0.637066	0.004476
0.827014	0.014150
0.656261	0.041740
0.163190	0.006422	0.662780	0.005285	0.638246	0.008479	0.669733	0.115541	0.619232	0.004205
0.778513	0.010423
0.206520	0.037387
0.706973	0.006111	0.638263	0.005827	0.050857	0.008430	0.686761	0.112567	0.637066	0.004153
0.555246	0.012476
0.657689	0.037790
0.632133	0.006543	0.653860	0.005529	0.623177	0.007943	0.646558	0.113239	0.623779	0.004731
0.827014	0.014646
0.613188	0.040069
0.659592	0.006150	0.684847	0.004895	0.618450	0.008212	0.672564	0.115566	0.618683	0.004255
0.795390	0.011672
0.658584	0.038718
0.654180	0.006167	0.678856	0.005337	0.632675	0.007790	0.171665	0.114711	0.089700	0.004500
0.798881	0.011500
0.198864	0.038684
0.640131	0.006397	0.615619	0.005394	0.629696	0.008602	0.609632	0.114444	0.307509	0.004043
0.494354	0.012175
0.643997	0.039689
0.653860	0.006527	0.662780	0.006360	0.618189	0.008442	0.163619	0.114123	0.651983	0.004198
0.707994	0.012453
0.700655	0.041343
0.611758	0.006259	0.667273	0.005360	0.618450	0.008729	0.639175	0.113958	0.556066	0.005011
0.849599	0.012974
0.738118	0.035734
0.643159	0.005937	0.624199	0.005394	0.639761	0.008136	0.652315	0.115622	0.670620	0.004113
0.636081	0.013795
0.717688	0.037651
0.637066	0.006431	0.649237	0.005399	0.637728	0.008776	0.064963	0.115511	0.635902	0.004048
0.851824	0.011781
0.691639	0.041945
0.656789	0.006086	0.660604	0.005749	0.623358	0.007873	0.635566	0.115121	0.684184	0.004573
0.793432	0.011905
0.213738	0.034249
0.642948	0.006653	0.647493	0.005264	0.616849	0.008297	0.623358	0.113422	0.699594	0.004815
0.775733	0.014415
0.296592	0.042236
0.652598	0.005983	0.667273	0.005373	0.632774	0.008413	0.672058	0.112601	0.638163	0.003962
0.825655	0.011634
0.695106	0.040430
0.643213	0.006146	0.662780	0.005064	0.618450	0.007841	0.189990	0.113848	0.233969	0.004940
0.828052	0.011528
0.737919	0.034194
0.647493	0.006255	0.618726	0.005058	0.630762	0.008324	0.632319	0.112433	0.038766	0.004740
0.801462	0.011109
0.653860	0.043610
0.647493	0.006210	0.642263	0.005672	0.618117	0.008163	0.640390	0.113039	0.688960	0.004496
0.637844	0.012439
0.656613	0.037811
0.626729	0.006288	0.639555	0.005405	0.627076	0.008167	0.634216	0.114755	0.609619	0.004578
0.833300	0.010489
0.332671	0.039556
0.613471	0.006192	0.684847	0.005274	0.619068	0.008401	0.647493	0.113996	0.639064	0.004355
0.655627	0.011713
0.663530	0.039302
0.642263	0.006117	0.638246	0.005605	0.645224	0.007631	0.651236	0.115194	0.154242	0.006202
0.853927	0.012282
0.695833	0.043632
0.640131	0.006392	0.667273	0.005684	0.624981	0.008664	0.628977	0.114023	0.154739	0.004475
0.868363	0.015023
0.673654	0.036050
0.670414	0.006265	0.649467	0.005468	0.619704	0.008237	0.650525	0.114108	0.132415	0.004345
0.602789	0.012279
0.713289	0.038440
0.611155	0.006269	0.690480	0.004988	0.622873	0.008264	0.639366	0.113654	0.180643	0.004003
0.796391	0.011248
0.252884	0.040486
0.618726	0.006446	0.642263	0.005571	0.643094	0.008449	0.630656	0.111355	0.609582	0.004010
0.806370	0.015552
0.341122	0.042591
delta = 0.060000, m = 20
0.618157	0.008078	0.630256	0.006848	0.621103	0.010731	0.676977	0.179180	0.644750	0.005205
0.782999	0.013483
0.229998	0.040174
0.658584	0.007745	0.644513	0.007067	0.619238	0.010215	0.649189	0.175417	0.640577	0.004919
0.799698	0.013902
0.343078	0.045282
0.672819	0.007852	0.659673	0.007315	0.629696	0.010297	0.618845	0.176722	0.652044	0.004473
0.775326	0.012418
0.181275	0.038109
0.645036	0.007937	0.644127	0.007232	0.642656	0.010637	0.647737	0.174726	0.122252	0.005007
0.830941	0.013875
0.663871	0.041232
0.619238	0.008631	0.666865	0.007300	0.613471	0.010754	0.050857	0.176439	0.628120	0.004962
0.821409	0.013605
0.613471	0.043659
0.613602	0.008712	0.632675	0.007270	0.618548	0.010774	0.627441	0.177243	0.646110	0.005140
0.810210	0.014165
0.163190	0.041432
0.647655	0.009412	0.657062	0.007301	0.639761	0.010865	0.633359	0.179289	0.135031	0.005562
0.800607	0.015908
0.620009	0.040781
0.660410	0.007828	0.639355	0.006533	0.638163	0.010440	0.625149	0.179019	0.661489	0.004550
0.491843	0.011904
0.668353	0.045655
0.648183	0.008422	0.619238	0.007903	0.635902	0.010392	0.622684	0.179392	0.630656	0.005223
0.800607	0.011911
0.660661	0.046287
0.616295	0.008410	0.652947	0.008376	0.629696	0.010580	0.643221	0.179806	0.640899	0.005472
0.802808	0.014438
0.621636	0.038190
0.635627	0.007695	0.666865	0.006952	0.623177	0.010419	0.680670	0.177837	0.611385	0.004784
0.775326	0.012371
0.618189	0.040120
0.618450	0.008353	0.213738	0.007734	0.619068	0.010668	0.655204	0.178234	0.657507	0.004652
0.759948	0.013482
0.163190	0.047119
0.667794	0.008236	0.636895	0.007728	0.628347	0.010498	0.638998	0.179159	0.161727	0.005693
0.817390	0.012605
0.389606	0.039924
0.680335	0.008409	0.630256	0.007553	0.639269	0.010590	0.655204	0.178593	0.624527	0.004852
0.513617	0.016986
0.674176	0.037706
0.689462	0.008090	0.652947	0.006743	0.629696	0.010364	0.650767	0.178606	0.637497	0.004674
0.831503	0.014603
0.191660	0.049936
0.647281	0.008210	0.647655	0.007225	0.628347	0.010467	0.672685	0.173233	0.663623	0.005221
0.776565	0.015292
0.639366	0.046654
0.644127	0.008661	0.679143	0.007495	0.620265	0.010732	0.124270	0.177650	0.124270	0.006214
0.748228	0.017715
0.689779	0.043329
0.676977	0.008282	0.619238	0.007242	0.627907	0.010367	0.657860	0.176494	0.638998	0.004764
0.502196	0.013348
0.454862	0.047264
0.625445	0.008382	0.647477	0.006814	0.619238	0.010591	0.674103	0.177085	0.609582	0.005351
0.783867	0.017152
0.666865	0.040506
0.616961	0.008269	0.679143	0.006471	0.627907	0.010562	0.643215	0.179749	0.105862	0.005515
0.802808	0.012297
0.615012	0.038145
0.618726	0.008466	0.679143	0.006753	0.618450	0.010928	0.666461	0.178579	0.636895	0.005271
0.796391	0.014065
0.617819	0.041735
0.669733	0.008167	0.652947	0.007356	0.624804	0.011256	0.064963	0.180292	0.644750	0.005156
0.821673	0.011428
0.513935	0.042572
0.616961	0.008526	0.614364	0.007008	0.620265	0.010956	0.037378	0.175226	0.636060	0.005658
0.783009	0.011965
0.666377	0.038458
0.687660	0.008026	0.639093	0.007563	0.619238	0.010110	0.637430	0.177985	0.637066	0.004591
0.812731	0.014318
0.628348	0.044444
0.628430	0.009117	0.644448	0.008273	0.621636	0.010167	0.164508	0.178003	0.640956	0.004674
0.759948	0.014490
0.636374	0.045138
0.619360	0.007817	0.616961	0.007028	0.620118	0.010326	0.727852	0.181032	0.137121	0.004950
0.774997	0.014629
0.399241	0.045730
0.619360	0.008352	0.647655	0.007012	0.629696	0.010830	0.633647	0.179650	0.656863	0.005012
0.810898	0.014871
0.472771	0.039782
0.648235	0.007710	0.763732	0.006552	0.638163	0.010573	0.654180	0.180045	0.142353	0.005267
0.768038	0.011823
0.740190	0.052971
0.640131	0.008438	0.648845	0.007171	0.638163	0.010408	0.650787	0.175941	0.639064	0.004795
0.823760	0.012355
0.197191	0.043130
0.660410	0.008394	0.616961	0.007172	0.656957	0.010937	0.645036	0.180483	0.645244	0.004847
0.808323	0.014715
0.614084	0.041675
0.665179	0.008434	0.643159	0.007192	0.622873	0.010571	0.656959	0.174393	0.645708	0.004620
0.768038	0.015140
0.311325	0.043532
0.631298	0.008776	0.666865	0.006615	0.619692	0.010375	0.672587	0.176188	0.625149	0.004697
0.769622	0.012474
0.658557	0.042316
0.648502	0.008157	0.621081	0.006787	0.616075	0.010154	0.623533	0.181928	0.142353	0.005383
0.491835	0.012350
0.629371	0.041775
0.647655	0.008457	0.644513	0.007157	0.622873	0.010911	0.759527	0.174699	0.643371	0.004920
0.799744	0.013722
0.658285	0.040857
0.626803	0.008177	0.666865	0.007389	0.613521	0.009957	0.658219	0.178938	0.643094	0.005139
0.834735	0.012121
0.703038	0.041226
0.677646	0.008369	0.729165	0.007418	0.613521	0.010698	0.671733	0.180290	0.631506	0.005200
0.795160	0.013650
0.624291	0.041498
0.631376	0.008732	0.643159	0.007246	0.628348	0.010486	0.621635	0.179784	0.637539	0.005029
0.819525	0.012963
0.223935	0.041575
0.630922	0.008691	0.684934	0.007797	0.650804	0.010549	0.705020	0.174928	0.626494	0.004881
0.791564	0.014193
0.640577	0.042299
0.618726	0.008105	0.644513	0.007283	0.627366	0.010376	0.627933	0.176290	0.161727	0.005123
0.816409	0.017400
0.648915	0.043343
0.647655	0.007854	0.616961	0.006870	0.628347	0.010284	0.638263	0.178035	0.632675	0.005268
0.783867	0.013006
0.664857	0.042197
0.652947	0.008496	0.669733	0.007300	0.619704	0.010513	0.639555	0.173730	0.631228	0.005282
0.759948	0.014759
0.511115	0.042201
0.613602	0.008362	0.647281	0.007080	0.619068	0.010802	0.639659	0.175808	0.632502	0.005332
0.785592	0.015370
0.613719	0.042046
0.671535	0.008388	0.182461	0.007680	0.619238	0.010998	0.628182	0.183117	0.161727	0.005112
0.795160	0.014491
0.639093	0.043620
0.619360	0.008260	0.618548	0.007132	0.628348	0.010441	0.662049	0.181183	0.611385	0.006096
0.753749	0.015350
0.666842	0.038271
0.632675	0.008354	0.679143	0.007195	0.619360	0.010651	0.644448	0.184835	0.640956	0.004958
0.851713	0.016910
0.311586	0.041640
0.635627	0.008121	0.652947	0.006946	0.619704	0.010964	0.629765	0.178219	0.623533	0.005014
0.798409	0.015183
0.672819	0.035648
0.645036	0.007847	0.175077	0.007434	0.615483	0.010091	0.660846	0.176419	0.651733	0.005367
0.815578	0.013704
0.646110	0.043693
0.630192	0.008225	0.614364	0.007290	0.645186	0.010167	0.132789	0.181745	0.640019	0.005712
0.771999	0.012993
0.239499	0.041327
0.678782	0.008155	0.647281	0.007653	0.619238	0.010760	0.646558	0.178243	0.646558	0.006028
0.768038	0.013276
0.249759	0.040999
0.615619	0.008018	0.656613	0.008257	0.624981	0.010670	0.616478	0.178820	0.550834	0.007058
0.805391	0.015869
0.707168	0.039588
delta = 0.060000, m = 25
0.627849	0.011059	0.667864	0.009298	0.640577	0.012434	0.652598	0.281533	0.643094	0.005825
0.511966	0.016194
0.647614	0.042374
0.653044	0.010307	0.631506	0.009483	0.618117	0.013117	0.634437	0.279866	0.635902	0.006078
0.791131	0.013208
0.618726	0.041361
0.611799	0.010715	0.660661	0.009039	0.622481	0.013058	0.636285	0.273022	0.610375	0.006959
0.573040	0.012381
0.163190	0.046267
0.640019	0.011055	0.625149	0.009197	0.619704	0.012639	0.632483	0.285196	0.644448	0.006176
0.823760	0.012535
0.342865	0.042272
0.639269	0.010650	0.622684	0.008883	0.649237	0.012661	0.654801	0.282681	0.638998	0.006503
0.821194	0.015953
0.665752	0.041260
0.674176	0.010533	0.657318	0.008226	0.616175	0.012516	0.658983	0.275359	0.631228	0.006251
0.818367	0.013425
0.647281	0.041694
0.639093	0.010311	0.647655	0.008944	0.205740	0.012548	0.638263	0.284901	0.681456	0.006206
0.794538	0.014160
0.657712	0.043873
0.652044	0.009934	0.631506	0.008319	0.620265	0.011975	0.624241	0.278571	0.674485	0.005853
0.508997	0.014300
0.623533	0.040479
0.246589	0.010412	0.680326	0.008723	0.614992	0.013007	0.626494	0.278296	0.626494	0.007032
0.846507	0.014040
0.643239	0.038146
0.666560	0.009940	0.645186	0.009026	0.622873	0.013131	0.679082	0.275915	0.643198	0.006360
0.710953	0.013995
0.617011	0.040426
0.652494	0.010243	0.622419	0.008857	0.619238	0.012401	0.658557	0.283143	0.612784	0.006499
0.808313	0.012547
0.243043	0.041041
0.628977	0.010339	0.665179	0.008695	0.632319	0.011967	0.654141	0.276541	0.634216	0.006003
0.820464	0.013128
0.652315	0.041845
0.657388	0.011321	0.665179	0.009222	0.616466	0.012299	0.642640	0.277772	0.647715	0.005772
0.812731	0.011849
0.306619	0.044304
0.652598	0.010488	0.640390	0.009052	0.624470	0.012486	0.632774	0.278257	0.695833	0.006348
0.795160	0.011044
0.613172	0.044664
0.708149	0.010939	0.684157	0.008995	0.665432	0.013415	0.766184	0.279595	0.621278	0.005935
0.496705	0.011572
0.611758	0.042964
0.660661	0.010538	0.645186	0.009279	0.616466	0.012539	0.675948	0.283313	0.645224	0.006311
0.500094	0.014311
0.664744	0.039899
0.643094	0.010152	0.628430	0.008826	0.621276	0.012107	0.635279	0.279642	0.639136	0.006741
0.523337	0.013964
0.618548	0.044093
0.645186	0.010785	0.618450	0.009803	0.652315	0.013040	0.639355	0.277756	0.630115	0.006514
0.835773	0.014531
0.635017	0.038738
0.611000	0.010668	0.644513	0.008976	0.620265	0.012295	0.657512	0.279612	0.634504	0.005480
0.544318	0.014205
0.519841	0.045767
0.638186	0.010573	0.636374	0.009003	0.615619	0.012474	0.654337	0.277919	0.621276	0.005890
0.791599	0.012277
0.163190	0.038852
0.657507	0.011308	0.639555	0.009671	0.629696	0.013343	0.696540	0.274899	0.727852	0.006585
0.800607	0.014403
0.222234	0.038124
0.643454	0.010616	0.665179	0.009755	0.613471	0.013666	0.628430	0.268969	0.638998	0.006155
0.535377	0.014673
0.656959	0.043996
0.651511	0.010838	0.669709	0.009263	0.618450	0.012937	0.100989	0.283446	0.058931	0.006635
0.836222	0.012800
0.631506	0.042140
0.639366	0.011263	0.642656	0.008878	0.618189	0.013464	0.632502	0.275698	0.627933	0.006643
0.808323	0.012546
0.630115	0.044351
0.636895	0.010289	0.628430	0.008905	0.621554	0.013156	0.646558	0.282770	0.679295	0.007212
0.799698	0.014643
0.617819	0.045883
0.626767	0.010916	0.628430	0.009342	0.619704	0.011732	0.624241	0.289528	0.056923	0.007788
0.525659	0.013420
0.644448	0.041740
0.654789	0.010031	0.643239	0.009131	0.620265	0.012269	0.688786	0.289657	0.631228	0.005243
0.800607	0.015435
0.197191	0.054109
0.667171	0.011149	0.657318	0.009258	0.618189	0.013502	0.675923	0.278316	0.658397	0.005493
0.492580	0.012504
0.634364	0.041401
0.652315	0.009991	0.669733	0.010061	0.629363	0.012795	0.639093	0.289463	0.625412	0.006100
0.542852	0.015153
0.635627	0.046444
0.662796	0.009821	0.676892	0.008825	0.624470	0.013080	0.660395	0.278041	0.628120	0.005824
0.808323	0.011808
0.652005	0.042326
0.636374	0.010595	0.636374	0.008995	0.619704	0.012397	0.644809	0.276221	0.640923	0.006037
0.827014	0.014818
0.634240	0.043175
0.649237	0.010393	0.631722	0.008663	0.644448	0.012023	0.635017	0.274261	0.642656	0.006110
0.492079	0.016385
0.647493	0.037798
0.636374	0.010583	0.673416	0.009433	0.619704	0.012943	0.681244	0.274821	0.634437	0.006441
0.827350	0.014545
0.635627	0.043694
0.673316	0.010368	0.643159	0.008884	0.616075	0.012832	0.647493	0.273348	0.634437	0.007190
0.791564	0.013298
0.661873	0.042242
0.627849	0.010964	0.660661	0.008864	0.616175	0.012887	0.619238	0.277959	0.624680	0.005964
0.504761	0.013385
0.253185	0.047962
0.654141	0.011046	0.665179	0.009779	0.656261	0.012460	0.627076	0.283574	0.627401	0.005893
0.836222	0.014194
0.226185	0.045048
0.707347	0.010481	0.660661	0.008815	0.622873	0.012420	0.694781	0.277763	0.619021	0.006779
0.795160	0.013672
0.662057	0.044122
0.652044	0.010339	0.645186	0.009111	0.622873	0.013071	0.656957	0.276411	0.639064	0.006011
0.493437	0.013076
0.634949	0.044037
0.619068	0.010784	0.643159	0.009228	0.613188	0.012710	0.643221	0.272634	0.614650	0.006287
0.505299	0.011902
0.259338	0.043445
0.676892	0.010551	0.670620	0.009081	0.627366	0.012819	0.650154	0.286422	0.634437	0.005519
0.514573	0.013704
0.668216	0.039192
0.638998	0.009910	0.667864	0.008688	0.630619	0.012910	0.658560	0.273396	0.653483	0.006399
0.828052	0.014349
0.255547	0.041540
0.647281	0.010418	0.622419	0.009297	0.613521	0.012435	0.644750	0.279901	0.625445	0.006443
0.817390	0.012847
0.627849	0.040606
0.669416	0.010700	0.643239	0.009278	0.616075	0.012705	0.628430	0.281827	0.651733	0.005837
0.802488	0.014191
0.682433	0.045334
0.643454	0.010266	0.636374	0.008782	0.621103	0.012882	0.614452	0.278642	0.634364	0.006168
0.817390	0.015447
0.624241	0.044529
0.711307	0.010381	0.647655	0.008827	0.623358	0.012856	0.707913	0.278050	0.687478	0.005669
0.516374	0.013811
0.189182	0.049484
0.639902	0.011014	0.666377	0.008764	0.615667	0.012528	0.189990	0.273151	0.618845	0.006246
0.548928	0.016364
0.624680	0.047821
0.662780	0.009537	0.628430	0.008933	0.630619	0.012377	0.667393	0.281576	0.633109	0.006468
0.828413	0.012636
0.197845	0.042162
0.639093	0.010549	0.665179	0.009125	0.619068	0.012785	0.623779	0.277937	0.627907	0.005879
0.792898	0.012710
0.503104	0.044359
0.668216	0.010674	0.645186	0.008791	0.622873	0.012918	0.654563	0.279443	0.650804	0.007236
0.498980	0.014174
0.613602	0.040179
0.650804	0.010457	0.643239	0.009066	0.619704	0.012710	0.611155	0.280389	0.643213	0.006240
0.878673	0.013169
0.241488	0.047309
delta = 0.060000, m = 30
0.648183	0.012185	0.645186	0.010365	0.623779	0.014248	0.617944	0.379865	0.651983	0.007406
0.498076	0.012845
0.647281	0.040441
0.647281	0.012281	0.650787	0.011416	0.644448	0.014577	0.651585	0.391490	0.654563	0.007748
0.810210	0.013540
0.617819	0.039102
0.631722	0.012906	0.652044	0.010498	0.619238	0.015331	0.656707	0.384312	0.654337	0.007562
0.548173	0.012332
0.621180	0.043006
0.644448	0.011471	0.652044	0.010867	0.643690	0.014956	0.676892	0.388744	0.246824	0.006769
0.848348	0.014167
0.628430	0.045382
0.631600	0.012417	0.652044	0.010325	0.628347	0.014168	0.627401	0.388810	0.643213	0.007817
0.837290	0.012912
0.656190	0.043772
0.656613	0.012151	0.653044	0.011224	0.643094	0.013995	0.621554	0.382440	0.630115	0.006619
0.615182	0.013651
0.643221	0.042795
0.652044	0.012996	0.631925	0.011003	0.622873	0.014383	0.676697	0.392136	0.650767	0.007191
0.836222	0.012752
0.618726	0.041170
0.631722	0.012831	0.687646	0.010803	0.649237	0.014971	0.663871	0.380323	0.635902	0.006898
0.846082	0.015100
0.630619	0.041059
0.657318	0.011958	0.657318	0.009987	0.622873	0.014535	0.627617	0.384446	0.102600	0.007504
0.783009	0.012124
0.626106	0.039211
0.653044	0.012287	0.643454	0.010604	0.621103	0.014302	0.619238	0.379768	0.078283	0.007960
0.785592	0.012262
0.181275	0.044845
0.667273	0.011861	0.677779	0.010774	0.617944	0.013979	0.628977	0.397393	0.621180	0.007023
0.495740	0.013284
0.439162	0.046734
0.660661	0.012258	0.682350	0.010662	0.627366	0.014766	0.626494	0.390158	0.631722	0.007690
0.826587	0.014452
0.650154	0.043734
0.622873	0.012144	0.633435	0.010875	0.665179	0.014720	0.639269	0.379912	0.654563	0.007135
0.873754	0.014645
0.358429	0.045942
0.653044	0.011901	0.657318	0.010549	0.644448	0.014739	0.677052	0.382452	0.620009	0.007177
0.499886	0.015963
0.189182	0.059515
0.653044	0.012357	0.652044	0.009813	0.621103	0.014105	0.654337	0.380566	0.628430	0.007278
0.791564	0.015393
0.611799	0.046408
0.643454	0.012460	0.657507	0.011065	0.638186	0.014469	0.629765	0.383929	0.647762	0.007567
0.837980	0.014193
0.145814	0.043790
0.653044	0.012151	0.615483	0.010262	0.617819	0.014694	0.626803	0.383084	0.654100	0.007144
0.532792	0.015155
0.154739	0.040798
0.652044	0.011911	0.648915	0.010985	0.619238	0.014564	0.132415	0.389698	0.614452	0.007715
0.791599	0.013898
0.154507	0.044143
0.624241	0.012804	0.652044	0.010405	0.629696	0.014815	0.617944	0.380287	0.626729	0.007393
0.823760	0.012630
0.163190	0.044520
0.660661	0.012231	0.648915	0.009979	0.619101	0.014323	0.629739	0.387267	0.653333	0.006862
0.502346	0.013123
0.624241	0.043004
0.650154	0.012262	0.643239	0.011084	0.619704	0.014857	0.672848	0.383626	0.631228	0.007202
0.497768	0.012318
0.627747	0.043884
0.649237	0.012140	0.652044	0.010453	0.631506	0.014599	0.642948	0.395070	0.627076	0.007424
0.857574	0.012243
0.652345	0.042182
0.655730	0.012017	0.657507	0.010295	0.619360	0.014137	0.643371	0.377551	0.221691	0.006989
0.857133	0.014361
0.645036	0.042482
0.660661	0.012072	0.652044	0.010284	0.627933	0.014494	0.640019	0.388730	0.624241	0.007482
0.767165	0.014242
0.635165	0.046479
0.660661	0.011956	0.628430	0.010071	0.616256	0.014440	0.652315	0.391552	0.639064	0.007003
0.504755	0.014884
0.154739	0.050039
0.680326	0.011396	0.660661	0.010224	0.646110	0.014006	0.670977	0.395912	0.645870	0.007706
0.791599	0.011997
0.611302	0.041497
0.662615	0.011924	0.616037	0.010642	0.613471	0.014018	0.670383	0.388877	0.652044	0.006943
0.799744	0.011412
0.652005	0.044767
0.645186	0.012457	0.652494	0.010908	0.621103	0.014250	0.631925	0.382713	0.652598	0.006953
0.500426	0.015720
0.181275	0.045820
0.635165	0.012439	0.636374	0.010276	0.616175	0.014954	0.625589	0.387157	0.635279	0.007401
0.501510	0.014975
0.198864	0.046687
0.619238	0.012045	0.635165	0.010803	0.657507	0.014276	0.614084	0.385269	0.656190	0.006963
0.823760	0.013451
0.630656	0.042392
0.650154	0.012109	0.652044	0.010419	0.618450	0.014895	0.651511	0.387097	0.611429	0.007090
0.792898	0.012379
0.627747	0.041499
0.631298	0.011937	0.635165	0.009885	0.643901	0.014285	0.651236	0.388705	0.635279	0.007310
0.783867	0.012572
0.643159	0.042683
0.622873	0.011939	0.657318	0.010184	0.619704	0.014550	0.634240	0.396440	0.661489	0.006674
0.816507	0.014086
0.298995	0.043294
0.652494	0.012076	0.653044	0.010413	0.619068	0.013968	0.645708	0.379163	0.649237	0.007213
0.791131	0.012510
0.635627	0.041869
0.652494	0.012111	0.687646	0.010779	0.617819	0.014889	0.667396	0.385422	0.667794	0.007349
0.808323	0.013561
0.614084	0.042332
0.663530	0.012304	0.660661	0.010386	0.619704	0.014793	0.669733	0.381065	0.635017	0.007025
0.535370	0.013274
0.635902	0.041934
0.622873	0.012512	0.609937	0.010728	0.621103	0.014919	0.627617	0.378812	0.145978	0.008094
0.496754	0.015746
0.618450	0.041024
0.341751	0.012427	0.660661	0.010696	0.619238	0.015250	0.659592	0.382766	0.609141	0.007217
0.535725	0.013136
0.624981	0.040615
0.657512	0.012205	0.655730	0.010951	0.617819	0.014332	0.631600	0.372951	0.254896	0.007529
0.860389	0.014836
0.628347	0.043708
0.738118	0.012057	0.652044	0.010735	0.619068	0.014705	0.653333	0.384098	0.263298	0.007958
0.774891	0.013020
0.627747	0.045947
0.666615	0.013503	0.350999	0.010459	0.619068	0.014422	0.634028	0.385357	0.640899	0.007841
0.526086	0.015928
0.630115	0.038803
0.662615	0.011898	0.655730	0.011062	0.631600	0.014345	0.634949	0.390905	0.623912	0.007328
0.500130	0.015838
0.640577	0.040229
0.635165	0.012150	0.645186	0.010828	0.618189	0.014518	0.658574	0.395514	0.654180	0.007392
0.826587	0.011457
0.632133	0.039820
0.635627	0.012069	0.652494	0.010184	0.640911	0.014621	0.627366	0.384109	0.647762	0.006854
0.802488	0.013894
0.628182	0.037795
0.653044	0.012514	0.636374	0.010687	0.615012	0.014645	0.647477	0.381508	0.660395	0.007816
0.519870	0.015550
0.154507	0.040372
0.625445	0.012778	0.657318	0.010447	0.643901	0.014315	0.643221	0.389046	0.064963	0.006929
0.518405	0.012892
0.628347	0.046372
0.654563	0.012431	0.653044	0.010569	0.621103	0.014904	0.663623	0.379426	0.645870	0.007035
0.791599	0.012429
0.650841	0.043319
0.668216	0.011972	0.660661	0.010570	0.628430	0.014904	0.651733	0.377372	0.066311	0.008772
0.494881	0.014643
0.627849	0.041967
0.631600	0.012105	0.660661	0.010580	0.632675	0.014797	0.665179	0.392755	0.631925	0.007357
0.818750	0.013215
0.631925	0.041808
0.650297	0.012981	0.763011	0.010137	0.627366	0.014471	0.622481	0.382223	0.621636	0.007561
0.501500	0.014256
0.611155	0.038730
delta = 0.060000, m = 35
0.670620	0.015092	0.670620	0.013338	0.630115	0.016905	0.631889	0.557685	0.642263	0.007902
0.799698	0.012029
0.623912	0.041923
0.645224	0.015506	0.621276	0.013611	0.616075	0.018332	0.637066	0.568876	0.631722	0.008602
0.497963	0.015282
0.136835	0.050810
0.764301	0.014686	0.687007	0.012960	0.613521	0.018131	0.628896	0.560239	0.631600	0.008577
0.508457	0.013775
0.658557	0.040505
0.653044	0.014369	0.783858	0.013397	0.643221	0.017412	0.647477	0.551433	0.654180	0.009423
0.817509	0.013331
0.621215	0.040159
0.653044	0.014801	0.657507	0.013307	0.639366	0.017370	0.643690	0.562090	0.644127	0.008461
0.517548	0.017017
0.662057	0.040106
0.645224	0.015697	0.619068	0.012640	0.613471	0.017181	0.682704	0.531555	0.631722	0.008587
0.646980	0.013720
0.613172	0.039800
0.643690	0.015204	0.670620	0.012618	0.663871	0.017115	0.659770	0.548053	0.688186	0.008494
0.858703	0.015907
0.651983	0.047445
0.619068	0.014943	0.622873	0.013154	0.624291	0.018010	0.620118	0.537683	0.161727	0.008698
0.496567	0.014378
0.640131	0.039267
0.657507	0.014602	0.670620	0.013074	0.622481	0.017442	0.654826	0.545751	0.635279	0.008419
0.497167	0.015217
0.645186	0.044639
0.660661	0.015161	0.645186	0.013210	0.615012	0.017523	0.622419	0.563036	0.132415	0.008483
0.508473	0.014548
0.145814	0.041815
0.660661	0.014866	0.660661	0.013485	0.628182	0.017646	0.611799	0.569693	0.622419	0.008216
0.504846	0.015366
0.630619	0.045521
0.654563	0.014960	0.680988	0.012663	0.620265	0.016763	0.622419	0.548040	0.636060	0.009071
0.839681	0.014539
0.625149	0.040637
0.643239	0.014622	0.670620	0.013064	0.622873	0.016947	0.615170	0.550831	0.632319	0.008654
0.546887	0.015562
0.634504	0.039125
0.622873	0.014861	0.661497	0.012095	0.628347	0.017308	0.619704	0.559771	0.654563	0.008659
0.554240	0.013933
0.653044	0.045433
0.649237	0.015405	0.670620	0.013132	0.621276	0.017833	0.633647	0.542756	0.658574	0.008400
0.499886	0.016129
0.618181	0.044237
0.645186	0.015593	0.622873	0.013195	0.619704	0.017264	0.628430	0.575875	0.631722	0.008392
0.565133	0.015634
0.182461	0.041248
0.609937	0.015819	0.622873	0.013458	0.663871	0.017197	0.664744	0.565602	0.625412	0.008841
0.820464	0.014351
0.609632	0.042194
0.643120	0.014640	0.645186	0.012568	0.616175	0.017336	0.688516	0.537626	0.643690	0.008251
0.799698	0.013190
0.628430	0.042496
0.666842	0.014799	0.656190	0.012958	0.651511	0.018240	0.683364	0.560832	0.630656	0.007975
0.500735	0.014295
0.611799	0.042870
0.622873	0.014944	0.645186	0.014095	0.614084	0.018182	0.639555	0.534078	0.670025	0.008130
0.495740	0.013439
0.190073	0.049908
0.670620	0.014661	0.687007	0.012726	0.615667	0.017212	0.643454	0.574464	0.196871	0.008264
0.502090	0.016693
0.621215	0.045702
0.622873	0.014990	0.643159	0.012817	0.640911	0.016624	0.670620	0.570742	0.122252	0.008915
0.549144	0.014243
0.613172	0.042362
0.645186	0.015510	0.077775	0.013221	0.644448	0.017765	0.643213	0.566457	0.629038	0.008414
0.500790	0.013375
0.670383	0.041019
0.645186	0.014870	0.652044	0.012395	0.643997	0.017074	0.636895	0.563551	0.641606	0.008007
0.493256	0.015957
0.639366	0.041512
0.661497	0.015870	0.661497	0.013334	0.669733	0.017828	0.660410	0.542753	0.649467	0.008747
0.498216	0.014170
0.611320	0.044143
0.674103	0.015692	0.660661	0.013057	0.620265	0.017792	0.684157	0.549369	0.626767	0.009518
0.493128	0.014350
0.146332	0.037965
0.691726	0.014958	0.687007	0.012798	0.625412	0.017073	0.635113	0.559957	0.644083	0.008816
0.510868	0.014224
0.634504	0.041530
0.653044	0.014723	0.660661	0.012494	0.616256	0.017176	0.658660	0.538337	0.663530	0.008656
0.497609	0.013911
0.145814	0.042020
0.649237	0.015270	0.670620	0.013823	0.635627	0.017767	0.666526	0.556176	0.621055	0.008566
0.513004	0.017964
0.625589	0.042807
0.621276	0.015347	0.660661	0.012928	0.627366	0.016942	0.633109	0.554030	0.637539	0.008390
0.496705	0.013814
0.667794	0.040725
0.670620	0.014684	0.648378	0.013588	0.639902	0.017253	0.652947	0.568536	0.631600	0.008106
0.791564	0.012591
0.154739	0.043156
0.651511	0.016343	0.660661	0.012619	0.617819	0.017641	0.650804	0.562203	0.661873	0.007940
0.795160	0.012622
0.628430	0.042463
0.643159	0.014779	0.678782	0.012974	0.619704	0.017315	0.661497	0.540392	0.634028	0.009069
0.492843	0.014718
0.619101	0.038978
0.635165	0.014833	0.660661	0.012924	0.625445	0.016577	0.618157	0.577630	0.632133	0.008438
0.498867	0.015048
0.613719	0.041972
0.645186	0.014942	0.622873	0.012774	0.638186	0.018116	0.613188	0.543808	0.635627	0.008307
0.528066	0.013272
0.627849	0.041428
0.589576	0.015653	0.645186	0.012978	0.613172	0.016077	0.631298	0.548469	0.653044	0.008937
0.506700	0.014665
0.137121	0.041808
0.619068	0.014629	0.652044	0.013386	0.628430	0.017905	0.643901	0.555038	0.652494	0.008612
0.495965	0.014009
0.612772	0.040515
0.609937	0.014915	0.687007	0.013127	0.656959	0.017406	0.692071	0.562512	0.047697	0.009120
0.545981	0.012602
0.617011	0.042476
0.660661	0.014843	0.630115	0.012857	0.628348	0.016577	0.631022	0.570183	0.639269	0.008056
0.504810	0.013428
0.616256	0.042824
0.645224	0.014774	0.622873	0.014150	0.647477	0.017939	0.630115	0.558053	0.635165	0.008149
0.503087	0.014203
0.635627	0.041068
0.660661	0.014949	0.643198	0.012903	0.621919	0.017224	0.622873	0.547090	0.663316	0.009099
0.500561	0.015227
0.618726	0.041063
0.657507	0.015108	0.645186	0.012565	0.621919	0.017167	0.639659	0.571734	0.632502	0.008106
0.502604	0.015004
0.616175	0.042154
0.670620	0.014962	0.640899	0.013617	0.616175	0.016711	0.618117	0.563430	0.631506	0.008705
0.501167	0.015802
0.171861	0.041774
0.620265	0.015251	0.643159	0.012444	0.628347	0.017732	0.659770	0.554302	0.621564	0.007878
0.634236	0.015360
0.625412	0.042557
0.650154	0.014897	0.670620	0.012763	0.628348	0.016976	0.293848	0.551990	0.639093	0.008238
0.494621	0.014185
0.624478	0.040208
0.625445	0.014685	0.643690	0.013450	0.619238	0.016903	0.630115	0.550350	0.639269	0.008710
0.505573	0.015481
0.615155	0.038365
0.653044	0.014903	0.655730	0.013021	0.171861	0.017064	0.673654	0.558835	0.650297	0.008147
0.820464	0.015566
0.628347	0.043369
0.645186	0.015458	0.647477	0.012596	0.652372	0.016948	0.667794	0.548041	0.645186	0.008184
0.545772	0.013013
0.613172	0.041443
0.647477	0.015112	0.649399	0.013101	0.613172	0.016788	0.660604	0.544805	0.636119	0.008666
0.598957	0.016179
0.145814	0.052774
0.632133	0.015142	0.670620	0.013031	0.272112	0.018141	0.624199	0.563813	0.623779	0.008181
0.818367	0.012961
0.180157	0.042917
delta = 0.060000, m = 40
0.763387	0.017301	0.611000	0.014861	0.627849	0.019748	0.636025	0.655348	0.635566	0.009989
0.495024	0.013040
0.627441	0.042720
0.655730	0.017388	0.670620	0.014517	0.634437	0.019922	0.630656	0.650918	0.636119	0.010388
0.527408	0.013773
0.146332	0.058574
0.645186	0.016518	0.645186	0.014517	0.647737	0.019129	0.673654	0.665255	0.657388	0.009559
0.492868	0.014408
0.611758	0.049747
0.677779	0.016977	0.645186	0.014756	0.660661	0.019646	0.628977	0.658910	0.647281	0.009895
0.491783	0.013917
0.145814	0.042214
0.655730	0.017100	0.645186	0.014858	0.630619	0.019699	0.645698	0.638854	0.632502	0.009765
0.505845	0.015143
0.154507	0.044317
0.666865	0.016952	0.670620	0.014455	0.619704	0.019306	0.702588	0.656319	0.635902	0.009985
0.502616	0.019661
0.145814	0.043175
0.655730	0.017351	0.763406	0.014754	0.616175	0.019434	0.630115	0.634628	0.650787	0.009607
0.508470	0.012571
0.672685	0.037275
0.658285	0.017058	0.660661	0.015182	0.613172	0.018895	0.629696	0.639193	0.633435	0.010426
0.542039	0.013879
0.621215	0.041617
0.655730	0.017119	0.670620	0.014869	0.622873	0.020007	0.682653	0.663029	0.643159	0.009381
0.511840	0.013803
0.615170	0.038719
0.645186	0.016741	0.645186	0.015061	0.623779	0.019882	0.673416	0.664078	0.657507	0.010086
0.505272	0.014381
0.614364	0.041682
0.661497	0.016824	0.622873	0.015116	0.618548	0.019728	0.624804	0.658214	0.111802	0.009206
0.823760	0.013994
0.627747	0.043327
0.655730	0.016965	0.746920	0.014782	0.613188	0.019307	0.639269	0.665242	0.654801	0.010092
0.496022	0.015793
0.611320	0.043019
0.660012	0.017436	0.645186	0.014321	0.628430	0.019587	0.652315	0.648759	0.621262	0.009726
0.491293	0.014136
0.615483	0.046634
0.663044	0.017390	0.666842	0.014272	0.622684	0.019387	0.638820	0.665852	0.649399	0.009523
0.491470	0.016496
0.616699	0.039597
0.645186	0.016924	0.674103	0.014336	0.618237	0.019117	0.677946	0.672667	0.645224	0.010025
0.504750	0.016576
0.145814	0.058925
0.759991	0.017218	0.652705	0.015601	0.624241	0.018865	0.670620	0.649907	0.624291	0.009690
0.510868	0.014076
0.643094	0.042209
0.660661	0.017380	0.690531	0.015299	0.627849	0.019248	0.643371	0.656069	0.643239	0.009805
0.550517	0.013683
0.614364	0.042692
0.653044	0.016793	0.645186	0.014292	0.619068	0.019562	0.695230	0.650665	0.637539	0.009774
0.540630	0.014665
0.614221	0.044503
0.619068	0.017318	0.674103	0.014901	0.613602	0.020968	0.621635	0.656384	0.624680	0.009643
0.537498	0.017087
0.653042	0.042084
0.597344	0.018546	0.670620	0.015034	0.616466	0.020629	0.644513	0.651176	0.633435	0.009546
0.561871	0.016335
0.218126	0.040898
0.661497	0.016686	0.670620	0.014037	0.627747	0.019365	0.657388	0.641202	0.621103	0.009725
0.841746	0.012768
0.181275	0.041522
0.670620	0.017287	0.645186	0.014796	0.613188	0.019763	0.639555	0.659054	0.652345	0.010089
0.500797	0.016893
0.181275	0.045380
0.653044	0.017421	0.670620	0.014639	0.622873	0.019689	0.656721	0.660136	0.642263	0.009731
0.502929	0.015041
0.647655	0.040214
0.670620	0.017231	0.670620	0.015212	0.630762	0.019818	0.634028	0.653695	0.626106	0.009906
0.502919	0.013422
0.614992	0.041793
0.661497	0.016946	0.645186	0.014619	0.638186	0.018983	0.670414	0.643191	0.632774	0.009905
0.530403	0.016039
0.621635	0.042766
0.666865	0.016813	0.770032	0.014585	0.616466	0.019012	0.642600	0.649469	0.621180	0.009349
0.791564	0.014111
0.145814	0.046537
0.653044	0.017768	0.670620	0.015466	0.645186	0.019395	0.612784	0.648984	0.627907	0.009755
0.551874	0.012872
0.198864	0.042109
0.685376	0.017775	0.670620	0.015228	0.621919	0.019543	0.634504	0.627395	0.649000	0.009611
0.496996	0.018733
0.171861	0.051318
0.673416	0.016944	0.670620	0.015005	0.621919	0.019326	0.657388	0.644592	0.614452	0.009386
0.550948	0.015317
0.630192	0.043133
0.808364	0.016840	0.670620	0.014559	0.652782	0.019184	0.615667	0.650843	0.621636	0.009529
0.540630	0.013362
0.145814	0.054654
0.655730	0.017725	0.645224	0.015531	0.644448	0.020111	0.634949	0.652538	0.636119	0.009680
0.496455	0.012668
0.616256	0.044587
0.654563	0.017167	0.643690	0.015441	0.620118	0.019305	0.629765	0.651885	0.626106	0.010331
0.525090	0.014305
0.611320	0.040801
0.653044	0.016756	0.225291	0.015314	0.649237	0.020030	0.636119	0.674474	0.646698	0.009651
0.495258	0.012167
0.145814	0.044467
0.673416	0.017254	0.645186	0.014750	0.615483	0.019914	0.645708	0.650734	0.649000	0.009471
0.847076	0.015521
0.154507	0.057000
0.661497	0.017904	0.660012	0.015619	0.624291	0.020271	0.648183	0.657727	0.643159	0.010070
0.817390	0.014231
0.621215	0.042601
0.654563	0.016963	0.661497	0.014732	0.627747	0.019465	0.619238	0.648159	0.624804	0.010253
0.514664	0.016840
0.613719	0.038051
0.663774	0.017363	0.622873	0.014962	0.617011	0.020215	0.631506	0.644742	0.627076	0.010025
0.500010	0.015226
0.642656	0.043795
0.660661	0.017211	0.657507	0.015999	0.619238	0.020380	0.661449	0.662754	0.627076	0.010213
0.509837	0.015725
0.627849	0.042498
0.645224	0.016911	0.645186	0.014117	0.618548	0.018879	0.647477	0.637526	0.625412	0.009545
0.491638	0.017502
0.639136	0.042301
0.645186	0.016935	0.670620	0.014382	0.627076	0.019828	0.622816	0.664616	0.631463	0.010500
0.499672	0.016093
0.650154	0.041446
0.737759	0.017280	0.645186	0.015316	0.644513	0.019977	0.624241	0.666994	0.635902	0.009549
0.494487	0.014262
0.634240	0.047121
0.650787	0.015954	0.670620	0.014480	0.672208	0.019377	0.671477	0.636021	0.664857	0.009515
0.635043	0.015359
0.616295	0.046407
0.674103	0.016548	0.670620	0.014996	0.614175	0.019583	0.622684	0.646357	0.624291	0.009711
0.500561	0.016617
0.611758	0.041090
0.674103	0.017655	0.645186	0.015460	0.642640	0.019196	0.639269	0.652621	0.616782	0.009790
0.566283	0.014106
0.614992	0.042913
0.645224	0.017046	0.645186	0.014604	0.616175	0.019845	0.674103	0.659836	0.625494	0.009865
0.524941	0.017119
0.630192	0.042266
0.747716	0.017749	0.660661	0.015932	0.618189	0.019611	0.613471	0.662793	0.654180	0.009986
0.576681	0.015745
0.611320	0.040916
0.677779	0.017157	0.645186	0.014232	0.613719	0.019243	0.659702	0.628500	0.638263	0.010181
0.528395	0.014580
0.650841	0.042699
0.685376	0.016437	0.645186	0.014076	0.625589	0.019151	0.654563	0.680948	0.627849	0.009990
0.542731	0.013280
0.137121	0.040122
0.674103	0.017179	0.670620	0.015497	0.628348	0.019558	0.678782	0.671507	0.657507	0.009667
0.518432	0.015022
0.609632	0.041541
0.674103	0.016622	0.666865	0.014663	0.616466	0.019065	0.636025	0.661530	0.637066	0.009782
0.521482	0.016265
0.628977	0.043237
delta = 0.060000, m = 45
0.674103	0.020230	0.649237	0.017268	0.644448	0.022715	0.650787	0.941045	0.174798	0.011795
0.818367	0.013121
0.661113	0.046526
0.705454	0.019438	0.657507	0.017670	0.621602	0.021859	0.674891	0.926884	0.632502	0.012044
0.495111	0.015315
0.648915	0.042750
0.752254	0.020073	0.666526	0.017686	0.633109	0.022857	0.666377	0.935215	0.636374	0.011347
0.524358	0.013191
0.616069	0.039093
0.674103	0.019995	0.657507	0.018570	0.619238	0.022191	0.648183	0.947807	0.669780	0.011984
0.535632	0.017099
0.613602	0.042428
0.657507	0.020443	0.747524	0.017222	0.627849	0.022072	0.647737	0.948117	0.639064	0.011235
0.496035	0.014214
0.621215	0.040142
0.655730	0.020085	0.657507	0.016874	0.631228	0.022142	0.627849	0.975831	0.636374	0.011553
0.800607	0.013116
0.614992	0.043810
0.661497	0.019979	0.737919	0.017975	0.617819	0.022564	0.624470	0.976697	0.625149	0.011208
0.847076	0.016180
0.629765	0.040656
0.699636	0.019612	0.645186	0.016929	0.171861	0.021008	0.663871	1.017601	0.644809	0.011294
0.498698	0.017330
0.629696	0.043251
0.663044	0.020196	0.649237	0.017649	0.621919	0.023767	0.618548	0.993063	0.652044	0.011639
0.491805	0.014685
0.635165	0.042743
0.701422	0.020594	0.698216	0.018876	0.619068	0.022786	0.615619	0.944088	0.615155	0.011461
0.504665	0.015411
0.182461	0.039135
0.655730	0.019967	0.666526	0.017227	0.622684	0.022915	0.643997	0.916288	0.630115	0.011967
0.495596	0.014993
0.638092	0.040161
0.677779	0.019597	0.670620	0.018329	0.635627	0.022917	0.648502	0.930214	0.634437	0.011622
0.539568	0.015481
0.615170	0.040922
0.663044	0.020166	0.661113	0.017475	0.627729	0.022406	0.647737	0.972960	0.631506	0.011740
0.864507	0.015346
0.615170	0.039810
0.655730	0.021099	0.666526	0.017423	0.622873	0.022365	0.614992	0.984212	0.649399	0.011620
0.522538	0.014709
0.127806	0.043509
0.721113	0.020161	0.711307	0.017814	0.621215	0.022911	0.642948	0.976263	0.624527	0.011923
0.832797	0.014311
0.154507	0.067067
0.756707	0.019694	0.657507	0.017595	0.613188	0.023224	0.661873	0.963443	0.624527	0.011828
0.611139	0.013780
0.633109	0.045321
0.655730	0.020193	0.657507	0.017168	0.647493	0.022939	0.670414	0.925263	0.645708	0.011225
0.535632	0.013677
0.610546	0.037742
0.748228	0.020333	0.649237	0.017607	0.656959	0.022440	0.693453	0.956644	0.616075	0.011349
0.500107	0.013887
0.172460	0.058830
0.738074	0.019599	0.649237	0.017139	0.658660	0.021800	0.637728	0.949912	0.635902	0.011496
0.505482	0.018025
0.136835	0.057738
0.657507	0.020246	0.666865	0.017823	0.650767	0.023283	0.621180	0.965142	0.629038	0.011550
0.494073	0.017192
0.649237	0.042311
0.661497	0.019770	0.731227	0.017439	0.616699	0.022985	0.707825	0.956428	0.659702	0.011672
0.685102	0.013954
0.647737	0.044113
0.661497	0.019912	0.657507	0.017960	0.616256	0.023024	0.624527	0.957045	0.631022	0.010864
0.500130	0.015795
0.136835	0.041807
0.655730	0.020252	0.731227	0.018013	0.617011	0.023056	0.642600	0.921733	0.637430	0.011293
0.511533	0.017644
0.613719	0.040546
0.677779	0.019460	0.659309	0.016722	0.627729	0.022159	0.659770	0.974789	0.642263	0.012112
0.517327	0.016010
0.614992	0.042022
0.674103	0.020023	0.657507	0.016672	0.618548	0.022582	0.638998	0.919891	0.639902	0.011383
0.509761	0.014625
0.198864	0.043050
0.655730	0.019388	0.649237	0.017656	0.628182	0.022093	0.639136	0.935121	0.652315	0.011569
0.548504	0.015336
0.136835	0.044268
0.663044	0.020587	0.677779	0.016923	0.643159	0.022312	0.652598	0.937388	0.621635	0.011826
0.514654	0.014180
0.615012	0.046539
0.744944	0.019963	0.655730	0.017987	0.616466	0.022998	0.673654	0.944713	0.621180	0.011843
0.498942	0.013639
0.145814	0.042923
0.649237	0.019350	0.657507	0.017976	0.619101	0.023741	0.645870	0.958623	0.631506	0.011782
0.506240	0.015970
0.622684	0.043475
0.693694	0.020417	0.756707	0.017427	0.630115	0.023337	0.613172	0.957103	0.635566	0.011404
0.615422	0.017736
0.624232	0.042102
0.748228	0.019840	0.657507	0.017278	0.622481	0.022692	0.665179	1.028394	0.641606	0.011464
0.505355	0.014443
0.616295	0.040992
0.729516	0.020698	0.645434	0.017895	0.623358	0.023134	0.703038	0.971923	0.622684	0.011711
0.515245	0.016998
0.619238	0.038503
0.690025	0.020723	0.657507	0.018000	0.616466	0.023421	0.679767	0.938506	0.537602	0.011635
0.492857	0.020298
0.613471	0.043446
0.655730	0.020252	0.655730	0.017652	0.658660	0.022782	0.624470	0.983718	0.646558	0.011505
0.494816	0.013303
0.621215	0.048979
0.657507	0.020260	0.674103	0.017792	0.614175	0.022550	0.613521	0.985991	0.643997	0.011754
0.515464	0.015327
0.624478	0.049320
0.655730	0.020495	0.657507	0.017351	0.643159	0.023372	0.655204	0.985422	0.627076	0.011051
0.503612	0.014478
0.647614	0.042832
0.644513	0.021230	0.666526	0.016956	0.647477	0.021812	0.625412	0.928569	0.631298	0.011432
0.517532	0.015286
0.619238	0.040465
0.666865	0.019188	0.674103	0.016691	0.613471	0.022191	0.273405	0.949659	0.625412	0.011743
0.502088	0.013422
0.618189	0.047726
0.705365	0.020832	0.657507	0.017643	0.653860	0.021544	0.649000	0.921923	0.632319	0.011857
0.514957	0.015393
0.645215	0.039991
0.670620	0.019528	0.752254	0.017190	0.620009	0.022139	0.660604	1.000042	0.634216	0.011439
0.502616	0.018059
0.639093	0.043364
0.649237	0.020624	0.645186	0.017835	0.628347	0.022812	0.621262	0.955480	0.632675	0.011423
0.818750	0.015379
0.636895	0.041107
0.663044	0.020093	0.657507	0.017738	0.643690	0.023430	0.631376	0.957224	0.628896	0.011311
0.570499	0.016749
0.621215	0.043976
0.742657	0.019899	0.661497	0.017345	0.618189	0.022841	0.687007	0.942760	0.654180	0.011785
0.791131	0.013293
0.635165	0.039678
0.674103	0.020116	0.663044	0.018714	0.620265	0.022330	0.636060	0.946284	0.626106	0.011049
0.492193	0.014369
0.611320	0.037599
0.746458	0.020094	0.657507	0.018417	0.620265	0.021926	0.666842	0.965513	0.635627	0.011885
0.500322	0.015481
0.638820	0.042519
0.676315	0.020827	0.655730	0.017943	0.619068	0.022454	0.632675	0.954837	0.640019	0.011354
0.502393	0.015841
0.191389	0.067039
0.654337	0.021814	0.657507	0.017239	0.643159	0.022867	0.611510	0.954838	0.639902	0.011012
0.498765	0.014520
0.630619	0.042733
0.655730	0.020188	0.663044	0.018026	0.613188	0.022375	0.685124	0.920961	0.626494	0.011187
0.837980	0.014759
0.145814	0.040715
0.655730	0.020162	0.744944	0.017684	0.631506	0.022190	0.642081	0.954159	0.637066	0.011727
0.501763	0.016069
0.618726	0.042785
0.674103	0.019579	0.744944	0.016966	0.627849	0.022217	0.621276	0.938234	0.666842	0.011495
0.493109	0.013742
0.619704	0.045255
delta = 0.060000, m = 50
0.663044	0.023923	0.663044	0.020072	0.646110	0.027294	0.639366	1.376179	0.652044	0.012281
0.533604	0.019815
0.612772	0.045183
0.655730	0.022059	0.655730	0.020028	0.622684	0.025323	0.647597	1.376660	0.624527	0.012505
0.577116	0.015746
0.621919	0.043175
0.773611	0.023355	0.655730	0.019598	0.649237	0.025289	0.621180	1.408101	0.642176	0.012883
0.529783	0.018568
0.635731	0.044931
0.655730	0.022276	0.666526	0.019369	0.615170	0.025277	0.631298	1.419911	0.644448	0.011974
0.501242	0.017056
0.629739	0.041564
0.671571	0.022237	0.663044	0.019830	0.634437	0.025125	0.665727	1.395316	0.639355	0.013017
0.503005	0.015376
0.635279	0.047195
0.655730	0.021709	0.655730	0.018914	0.613602	0.025748	0.647493	1.375467	0.654563	0.012653
0.548450	0.016564
0.191389	0.045930
0.663044	0.021857	0.661497	0.019885	0.615619	0.025010	0.631722	1.307628	0.670383	0.013369
0.509931	0.014604
0.663871	0.040290
0.655730	0.022389	0.661497	0.019050	0.629038	0.024123	0.673416	1.388599	0.189990	0.012112
0.810584	0.018365
0.624470	0.049056
0.699636	0.021699	0.655730	0.019249	0.621103	0.025996	0.655204	1.363826	0.632502	0.012622
0.507435	0.015007
0.616961	0.046196
0.663044	0.022484	0.655730	0.020031	0.628347	0.026760	0.654563	1.398148	0.653860	0.012697
0.496188	0.021311
0.635731	0.044069
0.666526	0.021892	0.661497	0.019313	0.640577	0.024072	0.616699	1.371587	0.633359	0.012455
0.521387	0.015952
0.611799	0.048202
0.661497	0.022288	0.655730	0.019695	0.613719	0.025362	0.632133	1.431360	0.626106	0.012618
0.497706	0.013454
0.618237	0.048929
0.768011	0.022413	0.655730	0.019628	0.650154	0.024924	0.653860	1.341272	0.643371	0.012439
0.494354	0.016978
0.621602	0.046330
0.663044	0.022248	0.655730	0.019437	0.644513	0.024922	0.635731	1.399331	0.619692	0.013099
0.860389	0.015735
0.611302	0.050670
0.655730	0.021952	0.655730	0.019204	0.664616	0.025501	0.645186	1.381723	0.056027	0.014111
0.510563	0.014504
0.146332	0.043582
0.661497	0.021633	0.661497	0.019294	0.627747	0.024101	0.657860	1.390413	0.641030	0.012787
0.505214	0.015494
0.621215	0.050992
0.663044	0.023046	0.655730	0.019247	0.613471	0.025978	0.616699	1.399327	0.627849	0.013153
0.492318	0.018447
0.640131	0.047187
0.674103	0.022209	0.746458	0.019672	0.623177	0.025293	0.648502	1.342952	0.637539	0.012437
0.534097	0.016887
0.614221	0.045837
0.663044	0.021965	0.389868	0.019670	0.614992	0.024614	0.645186	1.387068	0.635902	0.012555
0.558006	0.016111
0.662057	0.044540
0.655730	0.022079	0.663044	0.019509	0.643371	0.025005	0.705294	1.336133	0.640956	0.012725
0.494273	0.017606
0.619101	0.047687
0.655730	0.022068	0.663044	0.020382	0.634240	0.023936	0.681005	1.393357	0.646558	0.012320
0.500743	0.017736
0.610546	0.046947
0.752254	0.022738	0.661497	0.019804	0.616849	0.025890	0.613602	1.370225	0.695619	0.012856
0.526881	0.015617
0.621215	0.041917
0.693694	0.022282	0.688301	0.019066	0.622684	0.024189	0.651585	1.350353	0.631600	0.012628
0.506279	0.015679
0.145814	0.039706
0.674103	0.022286	0.661497	0.018990	0.616466	0.024947	0.624804	1.376246	0.630115	0.012661
0.839681	0.014683
0.643239	0.040881
0.655730	0.022577	0.655730	0.019544	0.622481	0.025298	0.631298	1.417519	0.650297	0.013038
0.581239	0.015642
0.154507	0.042738
0.674103	0.021909	0.663044	0.019177	0.616256	0.026051	0.669733	1.383386	0.676892	0.012862
0.851713	0.014289
0.630619	0.047070
0.773611	0.022027	0.655730	0.019740	0.628347	0.024959	0.678856	1.356598	0.639366	0.012405
0.509362	0.016356
0.616961	0.042659
0.655730	0.022036	0.655730	0.019269	0.644127	0.025254	0.633435	1.313667	0.633109	0.012228
0.831503	0.014685
0.612525	0.041301
0.731062	0.022259	0.661497	0.019061	0.621276	0.024846	0.656261	1.401764	0.657388	0.012759
0.526010	0.012149
0.145814	0.044071
0.674103	0.021799	0.655730	0.019685	0.631600	0.025619	0.656707	1.358436	0.642081	0.012113
0.524076	0.016516
0.645186	0.044220
0.773611	0.022288	0.655730	0.020151	0.626379	0.025686	0.698111	1.354133	0.616256	0.012428
0.534097	0.014554
0.614175	0.045327
0.731227	0.022572	0.655730	0.019753	0.621276	0.025319	0.613172	1.370056	0.626494	0.012504
0.627056	0.016194
0.137121	0.041169
0.655730	0.021972	0.657712	0.019148	0.642176	0.024136	0.663530	1.387840	0.648183	0.012300
0.498942	0.015314
0.627747	0.040993
0.655730	0.021512	0.666526	0.019150	0.616256	0.025217	0.691413	1.380077	0.205135	0.012675
0.502450	0.014211
0.145814	0.053592
0.674103	0.022088	0.757862	0.019112	0.663623	0.024847	0.647281	1.338971	0.654141	0.013018
0.563101	0.015789
0.624680	0.044113
0.674103	0.022048	0.674103	0.018871	0.642656	0.025400	0.658560	1.332595	0.624241	0.012391
0.846507	0.015481
0.668216	0.043404
0.674103	0.022248	0.655730	0.019564	0.180157	0.025463	0.681373	1.316349	0.651511	0.012290
0.496412	0.019555
0.145814	0.057596
0.674103	0.022408	0.674103	0.018948	0.659715	0.025220	0.669733	1.402447	0.618548	0.012353
0.634458	0.013303
0.189182	0.044377
0.697747	0.022316	0.663044	0.019543	0.619238	0.024282	0.654179	1.424401	0.649223	0.012340
0.492964	0.012454
0.627849	0.043692
0.712368	0.021709	0.661497	0.019060	0.615170	0.025225	0.653514	1.391241	0.670781	0.012111
0.520271	0.014997
0.154739	0.046122
0.731062	0.021894	0.674103	0.019355	0.620265	0.024698	0.658560	1.349595	0.651585	0.012141
0.494806	0.017160
0.622684	0.044211
0.655730	0.022091	0.655730	0.019394	0.623779	0.025180	0.654826	1.309765	0.646558	0.012546
0.642027	0.017045
0.616069	0.050996
0.674103	0.021618	0.666526	0.018947	0.640577	0.024362	0.638998	1.358923	0.630115	0.012772
0.497510	0.015221
0.136835	0.043407
0.746458	0.021672	0.661497	0.019431	0.645708	0.024695	0.635165	1.356289	0.636805	0.012418
0.499159	0.013230
0.614364	0.045914
0.663044	0.021613	0.655730	0.019478	0.617011	0.025156	0.640577	1.306043	0.631298	0.012629
0.787773	0.014332
0.136835	0.043631
0.674103	0.021986	0.674103	0.018714	0.616256	0.023933	0.782999	1.391281	0.658219	0.012839
0.497638	0.017410
0.611799	0.039520
0.655730	0.021949	0.666526	0.019194	0.616256	0.025750	0.684623	1.370275	0.122252	0.013028
0.799744	0.014823
0.611799	0.044749
0.674103	0.021870	0.655730	0.019793	0.622481	0.024927	0.643198	1.350528	0.631600	0.011984
0.511853	0.018033
0.621215	0.040294
0.738799	0.022179	0.655730	0.019250	0.628430	0.024786	0.660410	1.416159	0.720627	0.012826
0.534688	0.015063
0.647597	0.046213
0.661497	0.021752	0.661497	0.019340	0.633109	0.026167	0.680988	1.386731	0.635566	0.012312
0.507750	0.014183
0.616961	0.044892
delta = 0.060000, m = 55
0.661497	0.025611	0.663044	0.022464	0.616175	0.028279	0.626494	1.848337	0.645224	0.014975
0.491816	0.015982
0.624232	0.044849
0.663044	0.025324	0.663044	0.022090	0.616256	0.027683	0.667615	1.734386	0.621180	0.014264
0.506005	0.013706
0.611320	0.044609
0.746458	0.025493	0.663044	0.022604	0.640923	0.028334	0.272112	1.706918	0.624680	0.014492
0.492018	0.016131
0.627441	0.044808
0.717892	0.026334	0.724541	0.022964	0.630619	0.027977	0.656721	1.711004	0.171229	0.014727
0.523863	0.018118
0.639175	0.042445
0.655730	0.025493	0.674103	0.021838	0.643690	0.027617	0.188495	1.847238	0.625218	0.014684
0.520518	0.014313
0.191389	0.044305
0.655730	0.026127	0.674103	0.022292	0.620265	0.027795	0.656721	1.792979	0.622873	0.014385
0.494774	0.016519
0.616256	0.043466
0.674103	0.024848	0.655730	0.022283	0.612525	0.028644	0.626106	1.656845	0.624470	0.014861
0.496169	0.015908
0.663871	0.047126
0.631058	0.025342	0.663044	0.022238	0.669733	0.028069	0.645186	1.800126	0.667794	0.015137
0.501951	0.015190
0.618157	0.044340
0.655730	0.025042	0.655730	0.022693	0.616466	0.028495	0.657318	1.749273	0.626106	0.014498
0.606181	0.013205
0.662615	0.044153
0.666526	0.025156	0.663044	0.022594	0.639136	0.028801	0.666377	1.784467	0.642176	0.014644
0.498591	0.017003
0.614364	0.043617
0.666526	0.024876	0.655730	0.022221	0.647614	0.028472	0.652598	1.785653	0.620009	0.014312
0.511613	0.013798
0.136835	0.052473
0.655730	0.025338	0.663044	0.022191	0.619360	0.028069	0.645186	1.756088	0.636060	0.015022
0.504595	0.017478
0.650154	0.047084
0.663044	0.025416	0.663044	0.022162	0.627849	0.028625	0.657507	1.837679	0.629696	0.014627
0.506248	0.014781
0.610546	0.048023
0.674103	0.025049	0.674103	0.022225	0.673416	0.027857	0.663871	1.801002	0.635113	0.014234
0.547688	0.015548
0.154507	0.061238
0.663044	0.025280	0.389868	0.022071	0.617011	0.028511	0.641122	1.782360	0.658219	0.014647
0.498216	0.013116
0.191389	0.042011
0.731042	0.025600	0.657712	0.022202	0.621215	0.028192	0.619360	1.774212	0.651511	0.014543
0.536347	0.014771
0.616961	0.045188
0.491182	0.026259	0.674103	0.022435	0.622481	0.027983	0.663044	1.818888	0.627617	0.014396
0.515090	0.014196
0.613521	0.046210
0.663044	0.025504	0.655730	0.021786	0.635017	0.027988	0.682229	1.702297	0.661873	0.014447
0.495055	0.016580
0.611758	0.043069
0.663044	0.025435	0.663044	0.023220	0.631722	0.028163	0.674103	1.760456	0.651999	0.014319
0.507350	0.014042
0.136835	0.044898
0.655730	0.024914	0.674103	0.022162	0.645186	0.028824	0.674176	1.791467	0.624651	0.014736
0.604968	0.014412
0.622684	0.043135
0.674103	0.025234	0.655730	0.022543	0.648502	0.028375	0.645036	1.796149	0.664616	0.014795
0.498662	0.016092
0.691851	0.047530
0.663044	0.025671	0.731227	0.022214	0.627366	0.028327	0.638998	1.826665	0.631506	0.015134
0.856729	0.014545
0.658959	0.046240
0.655730	0.025386	0.663044	0.023249	0.650154	0.029151	0.626494	1.743189	0.631925	0.014879
0.511305	0.015867
0.635627	0.043865
0.679295	0.024834	0.674103	0.022206	0.623177	0.028078	0.672208	1.798518	0.648502	0.014502
0.543044	0.018124
0.618450	0.043802
0.655730	0.025045	0.663044	0.022344	0.660012	0.027991	0.645186	1.751176	0.639902	0.014475
0.493348	0.017269
0.613719	0.045228
0.655730	0.025580	0.746458	0.022504	0.633435	0.028374	0.657318	1.858959	0.663931	0.014577
0.808753	0.017318
0.611462	0.039985
0.379847	0.025308	0.661497	0.022987	0.643159	0.028663	0.643159	1.741614	0.696173	0.015331
0.650713	0.017536
0.613719	0.043735
0.717892	0.025455	0.674103	0.022342	0.638092	0.029057	0.674137	1.820232	0.617944	0.014590
0.498315	0.016308
0.611799	0.044719
0.661497	0.025693	0.666526	0.022261	0.620265	0.027482	0.632133	1.819489	0.182461	0.014587
0.686768	0.014538
0.653042	0.043148
0.661497	0.025116	0.663044	0.022888	0.627849	0.027661	0.681187	1.725403	0.618450	0.014262
0.800763	0.016131
0.644448	0.041941
0.740190	0.025188	0.663044	0.022385	0.621215	0.028969	0.650940	1.711177	0.644809	0.015176
0.835773	0.015160
0.647614	0.049469
0.674103	0.024811	0.410603	0.022748	0.628430	0.028065	0.652598	1.958007	0.646641	0.014732
0.502042	0.016538
0.650297	0.047294
0.663044	0.025298	0.663044	0.022819	0.620265	0.028348	0.635165	1.760298	0.640577	0.014019
0.542273	0.015098
0.639136	0.038066
0.663044	0.025259	0.680988	0.022094	0.625412	0.028144	0.657507	1.737707	0.132415	0.014927
0.575424	0.015081
0.631228	0.041277
0.666526	0.025172	0.655730	0.021986	0.627747	0.027429	0.651983	1.849971	0.647597	0.015108
0.599409	0.018718
0.647493	0.044988
0.655730	0.025060	0.663044	0.022541	0.635627	0.028806	0.614175	1.897329	0.672055	0.014469
0.532122	0.016451
0.659770	0.044973
0.663044	0.025497	0.663044	0.022810	0.613602	0.027622	0.691073	1.819874	0.643454	0.014836
0.901326	0.013423
0.666461	0.041280
0.655730	0.025422	0.655730	0.021828	0.642656	0.027213	0.696173	1.829624	0.645186	0.014733
0.896343	0.014869
0.637066	0.046940
0.663044	0.025522	0.663044	0.022363	0.635627	0.028232	0.621055	1.736289	0.638263	0.014625
0.504810	0.016848
0.624478	0.048480
0.661497	0.025126	0.724541	0.022703	0.623177	0.029100	0.628896	1.765370	0.661113	0.014950
0.511328	0.019611
0.127806	0.042564
0.661497	0.024976	0.674103	0.021939	0.613471	0.027187	0.674103	1.761974	0.652372	0.014352
0.500156	0.019448
0.645186	0.047782
0.674103	0.025889	0.731062	0.022131	0.680335	0.028752	0.628977	1.864539	0.636895	0.014830
0.498609	0.013319
0.225291	0.043921
0.657712	0.025076	0.655730	0.022575	0.613188	0.027299	0.654179	1.846633	0.621103	0.014395
0.499079	0.014993
0.642640	0.040963
0.389868	0.025017	0.663044	0.022585	0.640577	0.028801	0.627441	1.788899	0.652765	0.014355
0.491560	0.016599
0.609946	0.046453
0.655730	0.025762	0.663044	0.022407	0.638163	0.027344	0.687834	1.763664	0.625412	0.014306
0.570524	0.015072
0.616961	0.049751
0.655730	0.025195	0.663044	0.022278	0.613172	0.028866	0.680544	1.714119	0.635627	0.015752
0.498604	0.014892
0.613521	0.045358
0.705454	0.025565	0.663044	0.023124	0.657507	0.028166	0.643198	1.776145	0.641606	0.014226
0.527206	0.015548
0.645215	0.050469
0.674103	0.025493	0.663044	0.022543	0.650154	0.028538	0.674103	1.825050	0.623533	0.014623
0.493546	0.018978
0.621215	0.041770
0.663044	0.025219	0.666526	0.022672	0.631463	0.028454	0.656789	1.756145	0.656707	0.014245
0.515221	0.012794
0.661497	0.043159
0.699636	0.026166	0.674103	0.021863	0.627933	0.028090	0.626767	1.767289	0.660410	0.014410
0.497782	0.022304
0.615170	0.044758
delta = 0.060000, m = 60
0.674103	0.027397	0.663044	0.024726	0.635627	0.030804	0.674103	1.904750	0.659770	0.015784
0.501131	0.015341
0.687646	0.042237
0.674103	0.028455	0.655730	0.024675	0.654337	0.031350	0.630656	1.983784	0.646470	0.015643
0.492964	0.013799
0.612686	0.041632
0.674103	0.028185	0.663044	0.024923	0.616466	0.030140	0.674103	2.008634	0.640956	0.015840
0.494774	0.015825
0.657062	0.040553
0.661497	0.028160	0.663044	0.024978	0.639093	0.030516	0.640390	1.931608	0.616466	0.016288
0.506424	0.013766
0.631428	0.043931
0.661497	0.028126	0.674103	0.024717	0.156725	0.031441	0.655730	1.968628	0.625445	0.015996
0.511099	0.017168
0.136835	0.040105
0.674103	0.028415	0.674103	0.024464	0.650804	0.031132	0.686056	1.851011	0.631376	0.016121
0.507775	0.017927
0.629765	0.043317
0.661497	0.028382	0.657712	0.024599	0.616466	0.030419	0.234148	2.119632	0.647597	0.016684
0.506411	0.017967
0.630192	0.042434
0.674103	0.028417	0.655730	0.025205	0.617011	0.031617	0.664153	1.941817	0.615619	0.016135
0.496982	0.017823
0.623770	0.039916
0.351489	0.028517	0.661497	0.024995	0.616961	0.030555	0.647281	1.890283	0.642081	0.016268
0.514472	0.017849
0.674810	0.044719
0.674103	0.027993	0.663044	0.024601	0.616175	0.030617	0.629765	1.909479	0.632675	0.015829
0.614471	0.017431
0.658557	0.042476
0.674103	0.027625	0.666526	0.024717	0.626767	0.031174	0.649237	1.992859	0.630115	0.016066
0.513451	0.014359
0.643120	0.040548
0.655730	0.027959	0.655730	0.025146	0.611799	0.030408	0.667273	2.074523	0.666842	0.015581
0.543614	0.017853
0.652494	0.048942
0.667615	0.028454	0.663044	0.024910	0.642176	0.030232	0.622684	1.887244	0.669733	0.015865
0.634008	0.014856
0.628977	0.042414
0.674103	0.027748	0.661497	0.024685	0.647597	0.030412	0.628430	1.897416	0.624199	0.016353
0.524088	0.015152
0.614992	0.044344
0.674103	0.027563	0.674103	0.024615	0.639064	0.031167	0.645224	1.924224	0.626767	0.016314
0.538024	0.019564
0.614221	0.041801
0.661497	0.027896	0.674103	0.024525	0.613521	0.030971	0.631722	1.979680	0.630656	0.015943
0.500130	0.016940
0.616961	0.041426
0.655730	0.028385	0.661497	0.025263	0.173505	0.030805	0.656613	1.753099	0.652315	0.017038
0.836222	0.016336
0.616699	0.044698
0.655730	0.028264	0.663044	0.024357	0.618181	0.030326	0.654563	1.799538	0.613172	0.016323
0.828632	0.013621
0.616699	0.043763
0.674103	0.028238	0.655730	0.025324	0.625412	0.032172	0.639064	1.904651	0.654141	0.015924
0.618628	0.017138
0.639175	0.040542
0.661497	0.027998	0.655730	0.025023	0.651511	0.030702	0.654789	1.943835	0.639761	0.015834
0.649206	0.014725
0.627747	0.045700
0.661497	0.028637	0.663044	0.025761	0.627642	0.031144	0.645186	1.911849	0.631376	0.016677
0.537388	0.016269
0.627849	0.040502
0.674103	0.027609	0.655730	0.024775	0.640390	0.030761	0.222929	1.961891	0.621554	0.016205
0.599724	0.017310
0.625412	0.042181
0.661497	0.027752	0.655730	0.024867	0.632675	0.031557	0.631506	1.862065	0.646698	0.016343
0.497911	0.016645
0.652598	0.044000
0.655730	0.028288	0.657712	0.025012	0.657507	0.030844	0.649399	1.833861	0.631298	0.017043
0.671664	0.014481
0.610546	0.043417
0.674103	0.028191	0.663044	0.025070	0.643239	0.031174	0.613471	1.885852	0.619238	0.016590
0.493359	0.017451
0.225291	0.041903
0.661497	0.027931	0.661497	0.024897	0.611320	0.030771	0.661497	2.014411	0.661113	0.015416
0.508579	0.015331
0.621215	0.042015
0.674103	0.028364	0.655730	0.024830	0.669733	0.031742	0.666526	1.864221	0.618845	0.016364
0.808323	0.015335
0.611799	0.043196
0.674103	0.027936	0.663044	0.025236	0.621055	0.030930	0.632133	1.949363	0.647477	0.015956
0.516886	0.015730
0.146332	0.045942
0.667615	0.028317	0.663044	0.024858	0.639902	0.031135	0.674103	1.852363	0.631600	0.015893
0.601097	0.017329
0.611320	0.042636
0.667615	0.027710	0.655730	0.025043	0.644513	0.031179	0.673416	1.752978	0.630656	0.015983
0.793673	0.017159
0.611510	0.042128
0.661497	0.028413	0.655730	0.024619	0.684157	0.031479	0.621180	1.866346	0.651585	0.015844
0.502997	0.021395
0.631600	0.045737
0.661497	0.029147	0.655730	0.024854	0.638092	0.031456	0.619238	1.893562	0.624651	0.016199
0.593125	0.014426
0.647597	0.041947
0.674103	0.027862	0.666526	0.025019	0.621919	0.029686	0.652044	1.817365	0.674900	0.016485
0.519957	0.015329
0.616961	0.043313
0.655730	0.028488	0.655730	0.024333	0.627849	0.028890	0.638163	1.836994	0.628430	0.016674
0.492016	0.016005
0.611758	0.045847
0.663044	0.027790	0.655730	0.025476	0.631506	0.031112	0.657318	1.937449	0.661497	0.016455
0.537633	0.015659
0.643159	0.042266
0.674103	0.028082	0.663044	0.024424	0.609170	0.030577	0.622419	1.897770	0.612597	0.016736
0.829370	0.015201
0.667615	0.043722
0.666526	0.027583	0.655730	0.024903	0.613521	0.030890	0.657507	1.880837	0.649399	0.015736
0.609511	0.016732
0.614221	0.043732
0.655730	0.028293	0.655730	0.024580	0.644448	0.031486	0.643690	1.920925	0.641030	0.015777
0.494843	0.017677
0.618189	0.041823
0.661497	0.027383	0.663044	0.024523	0.658574	0.030094	0.613719	1.914982	0.643198	0.016812
0.498216	0.016103
0.613719	0.046224
0.667615	0.028192	0.663044	0.024614	0.621215	0.030412	0.697747	1.893660	0.651511	0.015785
0.494399	0.015000
0.648502	0.053029
0.655730	0.028442	0.663044	0.025751	0.617819	0.030228	0.674103	1.902866	0.625149	0.015800
0.592098	0.016098
0.645036	0.044559
0.655730	0.028293	0.657712	0.025142	0.631722	0.031709	0.638163	1.863358	0.627076	0.015908
0.516544	0.016163
0.675157	0.040831
0.661497	0.028001	0.663044	0.024881	0.646558	0.030014	0.618548	2.001692	0.615619	0.016224
0.526832	0.015923
0.624478	0.040638
0.674103	0.027867	0.666526	0.024745	0.613471	0.031702	0.667615	1.865974	0.618189	0.016005
0.495658	0.015321
0.635627	0.044544
0.674103	0.028235	0.663044	0.025661	0.613188	0.030882	0.644809	1.950873	0.641606	0.016109
0.590651	0.017927
0.650154	0.043935
0.655730	0.027844	0.674103	0.024558	0.619360	0.031000	0.635902	2.042206	0.640899	0.015998
0.506224	0.015239
0.650297	0.041952
0.661497	0.028344	0.663044	0.024887	0.645186	0.030391	0.642656	1.951349	0.650767	0.016142
0.531753	0.015991
0.612525	0.040355
0.661497	0.028661	0.663044	0.025029	0.635627	0.031457	0.633359	1.850920	0.171861	0.016618
0.857574	0.017007
0.669733	0.043313
0.661497	0.029550	0.655730	0.025001	0.624804	0.030238	0.613188	1.897121	0.641122	0.016152
0.502427	0.014907
0.621215	0.044678
0.661497	0.028286	0.655730	0.025097	0.624478	0.031440	0.658285	1.896476	0.643221	0.015868
0.527573	0.014564
0.631298	0.044321
0.785582	0.038902
