delta = 0.100000, m = 6
0.334499	0.119251	0.200788	0.021897	0.601277	0.017700	0.224220	0.101057	0.153729	0.012675
0.012738	0.081017
0.272934	0.378042
0.089046	0.012119	0.188530	0.004587	0.453356	0.006723	0.290625	0.035756	0.107143	0.003463
0.028178	0.016511
0.248279	0.040038
0.117660	0.005140	0.628156	0.005276	0.156256	0.005311	0.107143	0.035457	0.438479	0.003430
0.069260	0.016794
0.253136	0.038589
0.213972	0.004801	0.099229	0.005173	0.117593	0.005750	0.211131	0.035268	0.143915	0.003632
0.194756	0.023882
0.288121	0.031677
0.101707	0.005102	0.143117	0.004695	0.107143	0.005186	0.414076	0.034604	0.223054	0.003668
0.348875	0.022387
0.183703	0.031434
0.171833	0.004797	0.112661	0.004660	0.117660	0.005130	0.509840	0.033190	0.122776	0.003076
0.050997	0.025215
0.267970	0.036522
0.113926	0.005211	0.164799	0.004419	0.112414	0.005438	0.107143	0.035006	0.165882	0.003458
0.317587	0.017918
0.267934	0.034953
0.148661	0.005587	0.109795	0.004546	0.431263	0.005100	0.134510	0.034303	0.427109	0.003612
0.326510	0.022363
0.288121	0.033674
0.172020	0.005264	0.143117	0.005312	0.129335	0.005832	0.361802	0.035160	0.134757	0.005319
0.206000	0.019953
0.243385	0.031209
0.648537	0.005484	0.081081	0.005009	0.381802	0.005669	0.112536	0.033430	0.107143	0.004104
0.081893	0.017036
0.277981	0.031934
0.235198	0.005293	0.133729	0.005490	0.107143	0.006236	0.444589	0.036886	0.458165	0.004268
0.359296	0.021604
0.277946	0.030519
0.661408	0.004905	0.605556	0.005013	0.414938	0.005918	0.389514	0.035763	0.317216	0.003819
0.323660	0.024501
0.243466	0.035515
0.188803	0.005351	0.618169	0.004961	0.123201	0.005954	0.431987	0.034800	0.630640	0.003967
0.047587	0.019848
0.263055	0.033097
0.112536	0.005319	0.157108	0.005110	0.119569	0.006022	0.231158	0.036084	0.138952	0.003516
0.055665	0.019725
0.283008	0.031951
0.208739	0.005193	0.143117	0.005257	0.553687	0.005931	0.140857	0.038335	0.158871	0.004157
0.191008	0.019719
0.362878	0.030830
0.154500	0.005504	0.079279	0.005368	0.529683	0.005733	0.237514	0.034715	0.175419	0.003701
0.095699	0.020099
0.277946	0.029496
0.649679	0.005318	0.524842	0.005045	0.405451	0.005916	0.279079	0.034293	0.241886	0.003545
0.342447	0.024877
0.273005	0.034551
0.128854	0.005242	0.148175	0.005274	0.352399	0.005706	0.472809	0.034010	0.399121	0.003771
0.005402	0.020236
0.267970	0.030849
0.181352	0.005073	0.149334	0.004994	0.450134	0.005561	0.255904	0.034658	0.224220	0.003988
0.074097	0.018507
0.273005	0.033147
0.142199	0.005531	0.151040	0.005420	0.436546	0.005393	0.203838	0.036397	0.128674	0.003709
0.232827	0.019520
0.272934	0.029221
0.117660	0.005360	0.203108	0.005583	0.144145	0.006354	0.140810	0.034988	0.416499	0.003846
0.094417	0.018334
0.253213	0.031570
0.169938	0.005161	0.119312	0.005225	0.153324	0.005927	0.153126	0.034620	0.194899	0.003752
0.003571	0.020336
0.283008	0.032662
0.271465	0.004828	0.143117	0.005089	0.101707	0.005782	0.495625	0.035228	0.222293	0.003789
0.085080	0.022776
0.263055	0.032649
0.181294	0.004862	0.089176	0.005743	0.112536	0.005615	0.662001	0.034717	0.503503	0.003578
0.018679	0.019030
0.272934	0.033875
0.500746	0.004943	0.159654	0.005154	0.117660	0.005626	0.395240	0.034181	0.180580	0.003825
0.100831	0.019762
0.179802	0.031293
0.144152	0.004974	0.148661	0.006424	0.107143	0.005353	0.112536	0.034599	0.441784	0.003940
0.107166	0.018243
0.272934	0.030779
0.153771	0.005021	0.103729	0.005211	0.162152	0.005767	0.167428	0.034314	0.448043	0.003685
0.094823	0.019986
0.288087	0.033490
0.099281	0.004841	0.151626	0.005027	0.546111	0.005627	0.207899	0.034757	0.421243	0.003480
0.063313	0.018215
0.273005	0.031028
0.117660	0.005160	0.117331	0.005551	0.112414	0.005754	0.163964	0.034473	0.251182	0.004296
0.145699	0.014167
0.253213	0.031576
0.138952	0.004785	0.133729	0.005141	0.162173	0.006041	0.149334	0.036459	0.212402	0.004362
0.234605	0.019925
0.283008	0.036598
0.500746	0.004975	0.101707	0.006148	0.112414	0.005460	0.431459	0.034699	0.436903	0.003732
0.143453	0.020311
0.277946	0.031719
0.648247	0.006263	0.143117	0.005532	0.135239	0.006144	0.436052	0.035361	0.507943	0.003624
0.109564	0.017465
0.272934	0.032403
0.215852	0.005301	0.159654	0.006093	0.458469	0.005611	0.436506	0.035127	0.452309	0.004254
0.224950	0.021036
0.267934	0.035421
0.121926	0.005234	0.159654	0.005360	0.408906	0.005580	0.148175	0.035631	0.503342	0.003730
0.005774	0.022912
0.272934	0.033668
0.112536	0.005086	0.589754	0.004828	0.107143	0.005752	0.148661	0.034046	0.256701	0.003608
0.028414	0.019948
0.267934	0.036152
0.188867	0.005538	0.138952	0.005412	0.355262	0.006375	0.101707	0.034387	0.218097	0.003922
0.013171	0.013759
0.267970	0.034205
0.246674	0.005526	0.091639	0.005089	0.410947	0.005661	0.117660	0.034797	0.107143	0.003538
0.316043	0.016798
0.238571	0.033798
0.101707	0.004649	0.163308	0.005869	0.101707	0.005694	0.502338	0.034630	0.570243	0.003965
0.357355	0.018078
0.228937	0.030477
0.153224	0.005079	0.178429	0.004828	0.452893	0.005901	0.458942	0.034719	0.117887	0.003784
0.091629	0.019340
0.176287	0.032568
0.210218	0.005621	0.630637	0.004894	0.557212	0.005852	0.447845	0.035368	0.277037	0.003389
0.321797	0.021645
0.267970	0.029378
0.163308	0.005492	0.184323	0.004913	0.396568	0.005741	0.170693	0.034641	0.158871	0.003433
0.285854	0.024852
0.184082	0.031475
0.219727	0.005402	0.186395	0.006069	0.122881	0.005317	0.194064	0.034342	0.112536	0.003314
0.007083	0.021095
0.238530	0.029493
0.091505	0.004878	0.650547	0.004734	0.122881	0.005623	0.169054	0.033503	0.107143	0.003470
0.070208	0.015869
0.253136	0.031117
0.559176	0.005024	0.138952	0.005347	0.112414	0.005709	0.358329	0.034659	0.554005	0.003867
0.250623	0.019778
0.253213	0.033329
0.498718	0.005046	0.097224	0.005300	0.350044	0.005742	0.234379	0.034605	0.146979	0.003643
0.151390	0.016541
0.283008	0.031268
0.426737	0.004921	0.128480	0.005671	0.419155	0.005645	0.247559	0.034502	0.101707	0.003791
0.348773	0.023733
0.288087	0.031503
0.112536	0.005334	0.569762	0.004986	0.601602	0.005755	0.112536	0.034248	0.621048	0.003625
0.344120	0.022461
0.283008	0.030696
0.176127	0.004784	0.148661	0.005157	0.504026	0.005954	0.424771	0.034979	0.178078	0.003632
0.105792	0.019581
0.283008	0.029956
0.163308	0.005205	0.117660	0.004417	0.101707	0.005239	0.107143	0.034815	0.514611	0.003507
0.008088	0.018584
0.267970	0.031844
0.480086	0.005554	0.138952	0.006112	0.122776	0.005580	0.446039	0.036191	0.169904	0.003476
0.086893	0.018931
0.238571	0.032606
delta = 0.100000, m = 12
0.310910	0.009564	0.425840	0.008620	0.143540	0.008245	0.181819	0.084053	0.138404	0.004577
0.337137	0.013938
0.195550	0.046410
0.324805	0.009216	0.332192	0.007413	0.273611	0.008329	0.107411	0.082822	0.433232	0.004395
0.337933	0.016268
0.200283	0.037794
0.273365	0.007880	0.411169	0.007014	0.179231	0.007686	0.117660	0.083420	0.132972	0.003929
0.390645	0.014995
0.209786	0.036610
0.570698	0.008106	0.376126	0.006893	0.284341	0.008171	0.101707	0.083568	0.414922	0.004124
0.334560	0.016123
0.181294	0.039857
0.464227	0.007781	0.427204	0.006859	0.174142	0.009693	0.169054	0.084884	0.138404	0.004388
0.360758	0.016580
0.195550	0.038738
0.525467	0.008762	0.665140	0.007238	0.277098	0.009146	0.171833	0.083564	0.213766	0.004377
0.335687	0.017144
0.209833	0.034516
0.462780	0.008705	0.431661	0.008012	0.107143	0.008128	0.502165	0.083153	0.693322	0.004362
0.342212	0.020108
0.181352	0.040415
0.354343	0.007930	0.446467	0.007367	0.504324	0.007469	0.372327	0.083322	0.479302	0.004401
0.337541	0.014401
0.190845	0.037453
0.697120	0.008142	0.322023	0.007058	0.262476	0.007869	0.147702	0.086575	0.459344	0.004767
0.382216	0.016800
0.209833	0.037166
0.430855	0.008708	0.416685	0.007574	0.218131	0.008523	0.229989	0.083006	0.226025	0.005240
0.165671	0.013221
0.190791	0.038792
0.314537	0.008371	0.358751	0.008165	0.181294	0.007824	0.226025	0.082984	0.133729	0.004546
0.373536	0.015948
0.195550	0.039958
0.388150	0.008266	0.450789	0.007273	0.211141	0.007741	0.220240	0.081697	0.101707	0.004412
0.339157	0.014255
0.205044	0.043971
0.522980	0.008510	0.595935	0.006948	0.175074	0.009602	0.235885	0.086146	0.583622	0.004633
0.342127	0.017717
0.205044	0.038779
0.559872	0.007944	0.433944	0.007607	0.228389	0.008918	0.221550	0.083846	0.143540	0.005409
0.388702	0.015894
0.205142	0.037369
0.372382	0.008076	0.455187	0.007319	0.107143	0.007840	0.176914	0.083817	0.112536	0.005927
0.388576	0.015369
0.195550	0.039271
0.659019	0.008492	0.605887	0.007199	0.112414	0.007513	0.459810	0.082088	0.366156	0.004350
0.335693	0.012939
0.209786	0.034835
0.319703	0.008821	0.381717	0.007341	0.148175	0.008622	0.262476	0.084241	0.353233	0.005274
0.338847	0.015750
0.190791	0.035125
0.442678	0.008463	0.794278	0.007549	0.117887	0.010213	0.283077	0.084061	0.658748	0.004714
0.383786	0.014145
0.195550	0.041682
0.776808	0.008218	0.552686	0.007200	0.143540	0.008542	0.295510	0.084991	0.275751	0.003865
0.336683	0.014288
0.195550	0.044780
0.683885	0.008228	0.305437	0.008867	0.107143	0.007618	0.143540	0.083228	0.157400	0.004372
0.339987	0.017479
0.195550	0.040524
0.504925	0.008708	0.459666	0.007323	0.288634	0.010143	0.209977	0.082717	0.426181	0.003941
0.391003	0.014616
0.186059	0.037258
0.468439	0.007990	0.250399	0.007011	0.289904	0.008135	0.187795	0.084034	0.138050	0.004097
0.334796	0.014416
0.195550	0.037718
0.363935	0.009102	0.361692	0.007011	0.194527	0.007750	0.292560	0.082232	0.153771	0.004070
0.334355	0.013124
0.162264	0.054839
0.330711	0.008480	0.284058	0.007510	0.219108	0.008815	0.191669	0.082157	0.209977	0.005674
0.335494	0.012652
0.195550	0.039848
0.347176	0.008312	0.324867	0.007498	0.202893	0.008040	0.186395	0.085043	0.148661	0.004677
0.336024	0.014300
0.195550	0.038834
0.320976	0.008490	0.650277	0.007239	0.271841	0.007882	0.117887	0.085204	0.540142	0.004253
0.335799	0.014278
0.186059	0.042663
0.338494	0.008684	0.776808	0.006966	0.200741	0.008387	0.326994	0.083661	0.426515	0.004093
0.340306	0.017197
0.190845	0.037147
0.434348	0.007571	0.424123	0.007296	0.206045	0.008329	0.304232	0.084008	0.143540	0.004348
0.344027	0.013668
0.205142	0.036036
0.470262	0.008945	0.370345	0.007716	0.290942	0.010782	0.461129	0.082832	0.425523	0.004341
0.335435	0.020571
0.195550	0.039579
0.656655	0.008067	0.358751	0.007302	0.523901	0.008676	0.289904	0.082984	0.437627	0.004452
0.349278	0.018530
0.195550	0.037508
0.342122	0.007943	0.435626	0.006978	0.183476	0.007972	0.258669	0.082123	0.447184	0.004736
0.334977	0.017892
0.190791	0.038324
0.342311	0.008681	0.370345	0.007363	0.400059	0.008896	0.321464	0.084962	0.417826	0.004391
0.340792	0.015694
0.209786	0.035306
0.448602	0.008235	0.477424	0.007071	0.243960	0.009385	0.288305	0.084517	0.459104	0.004533
0.335384	0.014203
0.209786	0.041953
0.568775	0.007960	0.540609	0.007609	0.138952	0.008210	0.232033	0.083715	0.511671	0.004414
0.387466	0.014773
0.176672	0.039964
0.398673	0.008556	0.369948	0.007135	0.257098	0.007626	0.117887	0.084377	0.302554	0.004707
0.373920	0.016526
0.209833	0.036870
0.314737	0.009246	0.471410	0.007275	0.257098	0.008210	0.334041	0.082004	0.107143	0.004476
0.334157	0.015427
0.195550	0.037814
0.403814	0.008533	0.623408	0.007493	0.158871	0.007702	0.345771	0.083211	0.465265	0.004489
0.337146	0.015407
0.200283	0.036297
0.636092	0.008247	0.472903	0.007317	0.330799	0.009442	0.153771	0.083549	0.427517	0.004229
0.338630	0.016901
0.205142	0.035827
0.447384	0.008041	0.486145	0.007067	0.326253	0.007976	0.396785	0.082897	0.710295	0.004131
0.342906	0.014675
0.219363	0.035869
0.313698	0.008432	0.605489	0.007050	0.257098	0.008154	0.188530	0.083284	0.163964	0.004260
0.352837	0.017128
0.205044	0.034497
0.553578	0.008002	0.400493	0.007309	0.239194	0.008339	0.235002	0.084263	0.373596	0.004136
0.324998	0.015772
0.214559	0.036477
0.752772	0.007972	0.476344	0.007004	0.180210	0.008270	0.387716	0.084752	0.144152	0.004495
0.333271	0.014142
0.195550	0.037272
0.639953	0.008099	0.549514	0.006969	0.112536	0.008267	0.269532	0.083692	0.411546	0.003879
0.348012	0.016034
0.205044	0.041238
0.440731	0.008060	0.345715	0.007112	0.179231	0.008040	0.461496	0.083429	0.431222	0.003922
0.282893	0.016155
0.200333	0.037913
0.451495	0.008247	0.303968	0.007096	0.279232	0.009675	0.171833	0.082596	0.338105	0.004483
0.348148	0.014501
0.205044	0.037871
0.627678	0.008545	0.513245	0.007115	0.117887	0.008293	0.133729	0.084662	0.134757	0.004375
0.336835	0.016956
0.195550	0.039380
0.514230	0.008215	0.650277	0.007155	0.112414	0.007780	0.436021	0.082785	0.454039	0.004297
0.345473	0.013369
0.195550	0.039153
0.330799	0.008031	0.446467	0.007344	0.112414	0.007829	0.283705	0.083061	0.707442	0.004294
0.297996	0.016790
0.205044	0.047037
0.762049	0.008172	0.450789	0.007402	0.176914	0.007695	0.412878	0.082774	0.225006	0.005665
0.348601	0.016120
0.205044	0.042981
0.370345	0.007683	0.419308	0.007528	0.167007	0.007982	0.459082	0.083312	0.138404	0.004545
0.357898	0.013990
0.205044	0.035239
delta = 0.100000, m = 18
0.488183	0.012700	0.464636	0.010003	0.263204	0.010812	0.190791	0.149557	0.112414	0.006730
0.345276	0.015444
0.243385	0.041934
0.579284	0.011516	0.839529	0.009664	0.293621	0.011018	0.305152	0.148792	0.195654	0.006304
0.492448	0.015635
0.288945	0.040679
0.595751	0.011243	0.537824	0.010258	0.303577	0.010382	0.303022	0.148771	0.138952	0.006775
0.449975	0.014351
0.171833	0.040739
0.815865	0.010971	0.746922	0.009435	0.403814	0.010116	0.382500	0.147599	0.250226	0.004929
0.334318	0.017196
0.162197	0.039693
0.498709	0.011575	0.462460	0.010668	0.324244	0.010490	0.352460	0.147645	0.519660	0.004907
0.106352	0.016944
0.285584	0.041279
0.859291	0.011204	0.455443	0.009599	0.319703	0.010163	0.343699	0.147661	0.157542	0.004732
0.483426	0.017792
0.167007	0.044566
0.841821	0.011634	0.821423	0.008955	0.590469	0.009934	0.312247	0.151433	0.181819	0.006316
0.343849	0.017056
0.241277	0.039367
0.499341	0.011023	0.491654	0.009560	0.236165	0.011137	0.277290	0.148134	0.276303	0.006701
0.333053	0.015123
0.167007	0.040037
0.519507	0.012521	0.446279	0.010382	0.324244	0.010068	0.348445	0.149197	0.209910	0.005925
0.493144	0.015874
0.201104	0.040537
0.440290	0.010603	0.511125	0.009324	0.293324	0.010199	0.288945	0.148191	0.138050	0.005350
0.406315	0.014457
0.256802	0.042991
0.666075	0.010915	0.489547	0.009192	0.335427	0.010310	0.299202	0.148441	0.397837	0.004930
0.446576	0.013640
0.162197	0.041753
0.527220	0.012356	0.680456	0.009115	0.375704	0.010818	0.243466	0.147317	0.149334	0.005046
0.592608	0.014978
0.176672	0.042968
0.735326	0.010723	0.538931	0.009388	0.461177	0.010036	0.322467	0.147754	0.217294	0.007234
0.594203	0.012612
0.210560	0.037836
0.418232	0.012587	0.839529	0.009334	0.324244	0.010812	0.330253	0.147768	0.259939	0.005058
0.595841	0.013571
0.162197	0.041164
0.476646	0.011333	0.461027	0.009650	0.355457	0.011492	0.133251	0.147075	0.224111	0.005029
0.317621	0.014450
0.452493	0.040866
0.459390	0.011163	0.492723	0.009151	0.339855	0.010335	0.298369	0.147735	0.613112	0.005301
0.601072	0.017333
0.243385	0.039314
0.474948	0.011062	0.486062	0.009682	0.194527	0.010436	0.296636	0.145723	0.242607	0.005590
0.335513	0.014851
0.162264	0.035787
0.434457	0.012583	0.528758	0.009696	0.122881	0.010013	0.321464	0.148851	0.149334	0.005226
0.016076	0.013449
0.152620	0.044748
0.810813	0.011609	0.460513	0.009616	0.211141	0.012031	0.379605	0.147752	0.495991	0.005757
0.338040	0.015619
0.162197	0.039930
0.600558	0.011552	0.432596	0.011005	0.397440	0.011658	0.335706	0.146456	0.142869	0.006406
0.592598	0.014345
0.391383	0.042491
0.412998	0.012195	0.486062	0.010533	0.303577	0.011895	0.364971	0.146740	0.169054	0.006574
0.592329	0.012263
0.171833	0.046128
0.476744	0.012111	0.491496	0.009409	0.326117	0.010123	0.341259	0.148079	0.289904	0.005423
0.528471	0.012185
0.205639	0.044631
0.441034	0.012260	0.852500	0.008988	0.474201	0.011855	0.258669	0.148011	0.260544	0.004929
0.423918	0.019384
0.256802	0.043998
0.433653	0.011620	0.492723	0.009430	0.346246	0.011173	0.342707	0.149657	0.325738	0.005559
0.334531	0.014475
0.167007	0.039351
0.549752	0.011435	0.469091	0.009947	0.770275	0.009966	0.303616	0.146865	0.133729	0.006706
0.483208	0.013398
0.370118	0.043006
0.515375	0.011744	0.498936	0.009594	0.250399	0.012359	0.353192	0.149445	0.234223	0.006448
0.351986	0.013796
0.157400	0.044317
0.833324	0.012440	0.651193	0.009466	0.204769	0.010813	0.263428	0.149705	0.702204	0.005812
0.487627	0.012976
0.157400	0.039682
0.440290	0.012368	0.413710	0.010500	0.356542	0.010147	0.345987	0.145794	0.458487	0.005818
0.355847	0.013393
0.257677	0.037016
0.873559	0.010919	0.455804	0.009555	0.784333	0.010295	0.501826	0.146975	0.171770	0.005319
0.515491	0.012211
0.396341	0.043108
0.436098	0.012034	0.815711	0.009599	0.364764	0.010693	0.462860	0.149056	0.128078	0.005120
0.593358	0.013770
0.167007	0.040115
0.458575	0.012136	0.460564	0.010263	0.153224	0.012468	0.225464	0.146419	0.138952	0.005277
0.580280	0.012198
0.522886	0.040285
0.499113	0.011513	0.432859	0.009142	0.315908	0.010241	0.330253	0.149446	0.149334	0.004714
0.595289	0.013385
0.171770	0.042166
0.505455	0.011699	0.427144	0.009773	0.296351	0.009772	0.360552	0.146152	0.432090	0.005281
0.312632	0.014911
0.167007	0.042881
0.502427	0.011701	0.461027	0.010324	0.278819	0.010740	0.232033	0.148200	0.226781	0.006393
0.592598	0.011868
0.162197	0.039067
0.442575	0.013761	0.535461	0.009296	0.332211	0.009977	0.324162	0.149087	0.176552	0.005275
0.397960	0.015603
0.162197	0.042654
0.448396	0.012899	0.484413	0.010101	0.148661	0.010641	0.310862	0.150494	0.152620	0.007071
0.480087	0.012981
0.167007	0.046942
0.881074	0.011587	0.483489	0.011314	0.454732	0.011334	0.208855	0.147306	0.425137	0.005599
0.346744	0.013075
0.277981	0.038558
0.392108	0.013412	0.839529	0.010011	0.268521	0.010564	0.337649	0.146660	0.419962	0.028469
0.484893	0.012614
0.157400	0.040947
0.705948	0.011585	0.493567	0.009693	0.336617	0.011946	0.282777	0.146626	0.152844	0.007243
0.390467	0.015926
0.242052	0.048378
0.643308	0.011285	0.739952	0.009762	0.289904	0.010524	0.347176	0.148683	0.144152	0.006826
0.347246	0.015606
0.167007	0.041299
0.460667	0.013069	0.574942	0.009022	0.220240	0.010295	0.418940	0.147554	0.295510	0.005881
0.335660	0.016099
0.256034	0.041535
0.568362	0.011552	0.419414	0.009281	0.276303	0.010315	0.198667	0.148052	0.117887	0.007076
0.593532	0.012029
0.261244	0.039796
0.551604	0.011501	0.568242	0.009545	0.295704	0.010713	0.257677	0.148696	0.583966	0.005260
0.593060	0.013119
0.201579	0.132980
0.641681	0.011856	0.522239	0.011416	0.366297	0.011016	0.417242	0.146721	0.143117	0.005411
0.400561	0.013486
0.162197	0.045011
0.815865	0.012705	0.686549	0.010294	0.368213	0.010934	0.365787	0.148074	0.157829	0.005993
0.592964	0.013497
0.299573	0.039622
0.491496	0.013246	0.621066	0.009874	0.336104	0.010578	0.335427	0.146534	0.174142	0.005399
0.462444	0.016196
0.196183	0.050124
0.634988	0.011852	0.826727	0.009897	0.356676	0.009902	0.193593	0.146152	0.176552	0.005277
0.605524	0.013301
0.303423	0.038619
0.426077	0.011305	0.633131	0.010032	0.354458	0.010342	0.441731	0.147292	0.435404	0.006054
0.593490	0.014261
0.381825	0.036747
0.491803	0.010975	0.433069	0.009609	0.415521	0.010474	0.326563	0.148985	0.292437	0.005320
0.592554	0.014700
0.542119	0.055638
0.775565	0.011379	0.486062	0.010942	0.399357	0.011310	0.176672	0.149051	0.309047	0.004942
0.347565	0.014628
0.486038	0.041344
delta = 0.100000, m = 24
0.646631	0.013970	0.552006	0.013307	0.425349	0.012528	0.360552	0.228101	0.241146	0.007115
0.055754	0.013870
0.171833	0.041135
0.896988	0.014674	0.982333	0.012315	0.334106	0.013053	0.303772	0.227665	0.455501	0.006409
0.334678	0.019293
0.192177	0.048754
0.586739	0.014198	0.982333	0.012313	0.358524	0.012837	0.261244	0.227796	0.132972	0.006372
0.402731	0.014725
0.683155	0.041184
0.643183	0.014481	0.508312	0.013149	0.332755	0.012497	0.350868	0.228498	0.331724	0.006498
0.254027	0.013712
0.716542	0.040932
0.914175	0.014501	0.607411	0.012913	0.386107	0.013308	0.364305	0.228548	0.313698	0.006166
0.458235	0.016103
0.667944	0.046746
0.647330	0.014256	0.588286	0.012630	0.344297	0.012801	0.512974	0.226908	0.577093	0.006202
0.013061	0.019239
0.669527	0.037787
0.542677	0.014065	0.582359	0.012005	0.405331	0.013362	0.411473	0.226311	0.301160	0.007316
0.336808	0.017424
0.524959	0.049865
0.721721	0.013776	1.000000	0.011634	0.660711	0.012586	0.437795	0.227527	0.261053	0.005842
0.334502	0.017942
0.538601	0.044495
0.955201	0.014014	0.533168	0.012749	0.349535	0.012484	0.375704	0.230112	0.167400	0.006092
0.376315	0.013936
0.477569	0.043026
0.573006	0.014503	0.606180	0.012185	0.434463	0.014640	0.740619	0.227043	0.467440	0.006160
0.339491	0.014256
0.541974	0.046013
0.936460	0.014258	0.631939	0.011901	0.363708	0.013740	0.389497	0.228796	0.181819	0.006930
0.332722	0.012332
0.540600	0.042587
0.582057	0.014391	0.664650	0.012161	0.400007	0.012980	0.765804	0.229301	0.464872	0.006380
0.337090	0.014529
0.162197	0.039090
0.933455	0.014119	0.532792	0.011551	0.476382	0.013670	0.300017	0.227271	0.279232	0.006471
0.461676	0.016210
0.667787	0.036666
0.434027	0.014463	0.949799	0.012836	0.454598	0.012946	0.360552	0.228222	0.190845	0.007155
0.347339	0.016466
0.445082	0.043273
0.629566	0.014310	0.982333	0.012184	0.468878	0.012613	0.396359	0.228121	0.167137	0.006129
0.340216	0.015989
0.201104	0.040651
0.606933	0.014150	0.655081	0.012179	0.365787	0.014317	0.412306	0.225376	0.236905	0.007684
0.336170	0.015337
0.365787	0.044434
0.651776	0.013903	0.949799	0.012121	0.388400	0.013087	0.335887	0.229139	0.292437	0.007171
0.335134	0.014068
0.699797	0.039820
0.914309	0.013861	0.981566	0.012496	0.369948	0.012789	0.364971	0.225181	0.158871	0.006721
0.394477	0.014682
0.462001	0.040506
0.982333	0.015011	0.982333	0.012063	0.344720	0.012863	0.509707	0.232441	0.225433	0.006422
0.389621	0.015751
0.157400	0.044053
0.623628	0.014382	0.638420	0.012256	0.551479	0.013514	0.471607	0.233755	0.364667	0.006148
0.340640	0.016710
0.288830	0.044942
0.534002	0.014303	0.679180	0.012567	0.454598	0.014392	0.388279	0.227582	0.323725	0.007410
0.341316	0.014968
0.335427	0.046267
1.000000	0.014120	0.638420	0.011930	0.320283	0.013261	0.399357	0.229107	0.288945	0.006305
0.343718	0.011906
0.713324	0.041653
0.832180	0.014509	0.949799	0.012139	0.449021	0.012417	0.370632	0.232882	0.681767	0.006610
0.484929	0.016900
0.300977	0.044622
0.551379	0.015153	0.955201	0.012007	0.466406	0.012471	0.377463	0.225595	0.112536	0.008744
0.493030	0.014849
0.147702	0.044202
0.725145	0.014152	0.943928	0.011797	0.369107	0.012460	0.518855	0.229074	0.283008	0.006372
0.238908	0.014050
0.539121	0.039411
0.664767	0.014341	0.705500	0.011738	0.320558	0.012231	0.758859	0.225088	0.515183	0.006094
0.597398	0.014502
0.713324	0.042399
0.923618	0.014022	0.640471	0.011443	0.418360	0.013531	0.341977	0.226754	0.326626	0.006365
0.240958	0.014960
0.713324	0.040871
0.981566	0.014085	0.967552	0.012523	0.344968	0.014105	0.428932	0.230775	0.266429	0.006108
0.348902	0.019012
0.439581	0.044279
0.632708	0.014508	0.609820	0.012432	0.943928	0.012355	0.453556	0.228964	0.365773	0.006352
0.332722	0.015425
0.157400	0.046887
0.726286	0.014532	0.693178	0.011810	0.346246	0.012481	0.265121	0.226893	0.269268	0.006392
0.503691	0.016398
0.546748	0.044036
0.569209	0.014536	0.967552	0.012574	0.388707	0.012568	0.396341	0.224500	0.205961	0.007829
0.333953	0.015482
0.152546	0.041310
0.943928	0.014856	0.620366	0.011998	0.561243	0.013765	0.498218	0.225942	0.354873	0.006531
0.399271	0.017486
0.206045	0.047912
0.955201	0.013684	0.572018	0.011819	0.259939	0.013341	0.474948	0.229041	0.175074	0.008524
0.334877	0.014357
0.707442	0.038026
0.789669	0.014787	0.651776	0.012234	0.358130	0.013037	0.365350	0.224838	0.224199	0.006760
0.333172	0.014621
0.196616	0.046233
0.560927	0.015400	0.648483	0.011593	0.326013	0.012590	0.378550	0.228261	0.479110	0.007544
0.334968	0.015847
0.672493	0.041886
0.532992	0.014455	0.933455	0.012185	0.340203	0.013115	0.397570	0.226774	0.138952	0.006851
0.597774	0.014097
0.713324	0.040218
0.969077	0.013826	0.633953	0.012011	0.425978	0.012458	0.444663	0.228166	0.682097	0.006521
0.347324	0.015737
0.540600	0.041060
0.574471	0.025914	0.967552	0.014218	0.501138	0.012810	0.418232	0.229677	0.101707	0.006501
0.338358	0.015903
0.447745	0.040684
0.663663	0.014838	0.637511	0.012642	0.327079	0.012886	0.406423	0.223919	0.205142	0.005704
0.338945	0.021612
0.196616	0.046743
0.762856	0.014122	0.955201	0.011839	0.361692	0.012655	0.784333	0.228715	0.277981	0.006324
0.481203	0.014094
0.323725	0.041743
0.645496	0.014236	0.618028	0.012927	0.360542	0.012778	0.332514	0.232790	0.143540	0.007523
0.334896	0.019078
0.669527	0.041758
0.967552	0.014680	0.669642	0.011957	0.493043	0.012638	0.324244	0.230860	0.359487	0.006190
0.336939	0.020268
0.157400	0.035958
0.594873	0.014301	0.911494	0.011905	0.293324	0.012873	0.429753	0.229095	0.273655	0.005938
0.334977	0.015981
0.563825	0.049771
0.963853	0.015385	0.682085	0.012164	0.314291	0.013156	0.412758	0.233184	0.261053	0.007021
0.006707	0.017709
0.475816	0.039979
0.509187	0.014748	0.583880	0.011554	0.789245	0.012443	0.429753	0.228490	0.253368	0.006505
0.332939	0.016120
0.201104	0.051810
0.969077	0.014930	0.686726	0.012591	0.431580	0.013203	0.290942	0.232597	0.242607	0.006331
0.391059	0.018765
0.463394	0.051098
0.981566	0.015460	0.617825	0.012660	0.487475	0.013636	0.845917	0.230760	0.219363	0.006158
0.593683	0.015190
0.246420	0.048832
0.955201	0.014271	0.598314	0.012290	0.421194	0.014158	0.417522	0.231973	0.305655	0.006581
0.333994	0.016904
0.719971	0.043164
0.955201	0.014325	0.896988	0.012879	0.487773	0.013749	0.348497	0.223964	0.248875	0.006797
0.482102	0.013801
0.526704	0.040896
0.527220	0.015145	0.644043	0.012156	0.274022	0.013002	0.453735	0.230129	0.186059	0.006696
0.414388	0.015696
0.693322	0.038961
delta = 0.100000, m = 30
0.623675	0.017830	0.634476	0.014751	0.454598	0.015792	0.333370	0.367693	0.305437	0.008644
0.127534	0.017061
0.670006	0.038579
0.982333	0.017232	0.622178	0.014715	0.374140	0.015452	0.389072	0.365976	0.217294	0.007968
0.482000	0.017753
0.670006	0.041207
0.534818	0.018308	1.000000	0.015073	0.804723	0.015564	0.439653	0.371534	0.354343	0.007583
0.334052	0.016206
0.670006	0.042399
0.982333	0.017555	0.618028	0.015238	0.827292	0.015659	0.410719	0.365910	0.244198	0.008087
0.456523	0.014566
0.544357	0.045916
0.924033	0.017348	1.000000	0.015019	0.794278	0.015276	0.429111	0.368997	0.359396	0.007766
0.481601	0.014862
0.674985	0.038676
0.982333	0.017718	0.969077	0.015174	0.515375	0.015504	0.599046	0.366721	0.376126	0.008491
0.467371	0.014054
0.535851	0.043088
0.882674	0.017812	0.631633	0.015329	0.779536	0.016141	0.395848	0.375526	0.282463	0.008280
0.333907	0.016081
0.669527	0.039218
1.000000	0.017967	0.911494	0.014424	0.770275	0.015200	0.488183	0.372075	0.320558	0.007391
0.466740	0.016045
0.667683	0.043420
0.670006	0.017362	0.631786	0.015098	0.509611	0.015313	0.432970	0.366024	0.220050	0.007282
0.338867	0.018986
0.713324	0.039845
1.000000	0.016954	0.911494	0.014504	0.289329	0.015210	0.490657	0.364719	0.190488	0.009262
0.339235	0.016656
0.667787	0.042495
0.647330	0.018340	0.982333	0.015571	0.552612	0.016705	0.439166	0.370486	0.348073	0.007404
0.347341	0.013730
0.699797	0.047969
0.668417	0.018089	0.924033	0.015201	0.804723	0.015627	0.829133	0.368686	0.322023	0.008902
0.364044	0.014557
0.667683	0.039526
1.000000	0.017566	0.982333	0.015786	0.594491	0.015290	0.348885	0.366801	0.697798	0.007295
0.232244	0.015915
0.667631	0.045297
0.738966	0.017710	0.969077	0.014842	0.815711	0.015135	0.491241	0.373219	0.214839	0.007685
0.484686	0.016562
0.695364	0.045317
0.572625	0.017426	0.911494	0.015101	0.833324	0.016029	0.389793	0.370589	0.320589	0.007759
0.334823	0.015339
0.681767	0.043474
0.969077	0.017197	1.000000	0.015054	0.866304	0.015199	0.428010	0.370163	0.330253	0.007373
0.349846	0.017060
0.549306	0.041561
0.911494	0.017638	0.982333	0.014362	0.512533	0.015558	0.482954	0.370477	0.295704	0.010606
0.338227	0.015052
0.681767	0.043119
0.969077	0.017842	0.969077	0.015351	0.859291	0.016081	0.414958	0.368193	0.320558	0.008969
0.347339	0.015636
0.727555	0.043295
1.000000	0.017238	0.648156	0.015307	0.319703	0.017676	0.470430	0.368326	0.219727	0.007802
0.346593	0.013914
0.723632	0.042227
1.000000	0.017836	1.000000	0.015385	0.866304	0.015773	0.429111	0.366654	0.269532	0.008042
0.446745	0.015469
0.716542	0.038647
0.597104	0.017375	0.618028	0.015101	0.443388	0.015885	0.491496	0.366669	0.431069	0.007880
0.333279	0.015192
0.147858	0.047223
0.631786	0.017665	0.593352	0.015777	0.466691	0.015905	0.510752	0.366274	0.228894	0.007791
0.336956	0.021650
0.713324	0.042866
1.000000	0.017700	1.000000	0.014887	0.799436	0.015586	0.490232	0.364771	0.314291	0.007843
0.353035	0.017792
0.693322	0.043163
0.654653	0.017115	0.982333	0.015446	0.484569	0.015325	0.468858	0.368372	0.594410	0.007721
0.333309	0.015865
0.683155	0.046652
0.631633	0.017335	0.697618	0.014697	0.506321	0.015415	0.393410	0.371218	0.256802	0.008733
0.338946	0.016211
0.670542	0.046663
0.982333	0.017568	0.647872	0.014896	0.348201	0.015002	0.481470	0.367172	0.339137	0.007326
0.386868	0.016458
0.529850	0.045555
0.543743	0.019325	0.671475	0.015431	0.338779	0.015359	0.300017	0.365298	0.209977	0.008722
0.157704	0.019879
0.693322	0.041721
1.000000	0.017417	0.633953	0.015589	0.426795	0.015320	0.406531	0.365048	0.187201	0.009122
0.418705	0.014136
0.695364	0.043225
0.667631	0.017601	0.946958	0.015351	0.367878	0.015972	0.420017	0.364979	0.381828	0.007875
0.425585	0.015923
0.695364	0.040958
1.000000	0.017692	0.982333	0.014937	0.839529	0.015090	0.426263	0.369458	0.194527	0.007585
0.332757	0.018492
0.695364	0.041243
0.669642	0.017159	0.667631	0.014545	0.498936	0.015300	0.453608	0.365454	0.269532	0.007562
0.361448	0.016785
0.668733	0.042432
0.981566	0.017670	0.889412	0.015154	0.536184	0.016423	0.412864	0.363435	0.288223	0.009383
0.344719	0.016556
0.719971	0.040066
1.000000	0.018070	1.000000	0.015315	0.873559	0.015919	0.397440	0.365559	0.280906	0.007780
0.481583	0.015485
0.531293	0.044781
0.617825	0.018038	0.667683	0.015357	0.425840	0.015531	0.506942	0.368703	0.283705	0.009297
0.339731	0.016600
0.671134	0.039760
0.982333	0.017300	0.633484	0.015143	0.827292	0.015396	0.490734	0.362480	0.335706	0.008025
0.482756	0.014061
0.713324	0.038307
1.000000	0.017128	0.982333	0.014607	0.299573	0.015396	0.393904	0.367690	0.291694	0.008974
0.447030	0.016545
0.667944	0.040576
0.937236	0.017232	1.000000	0.014579	0.839529	0.015261	0.507043	0.367104	0.220050	0.007748
0.473486	0.016880
0.719971	0.045591
0.969077	0.017714	1.000000	0.014770	0.584857	0.015004	0.737214	0.370518	0.328328	0.007530
0.333183	0.015187
0.675943	0.040522
0.668733	0.017892	0.647227	0.014635	0.366297	0.015816	0.422300	0.370581	0.168347	0.007667
0.332671	0.017974
0.668417	0.040091
0.618028	0.016913	1.000000	0.015291	0.833324	0.015580	0.507954	0.375215	0.306610	0.007650
0.336747	0.016374
0.667944	0.044562
0.981566	0.017063	0.631684	0.015755	0.533395	0.015953	0.371815	0.362199	0.270342	0.007492
0.212001	0.015831
0.719971	0.044806
1.000000	0.018059	0.955201	0.015390	0.427970	0.016283	0.499290	0.362519	0.352352	0.007225
0.439228	0.015600
0.283705	0.043140
1.000000	0.017811	0.982333	0.014982	0.388768	0.017490	0.616324	0.369078	0.191281	0.007817
0.335087	0.018881
0.532970	0.042166
0.643904	0.017802	1.000000	0.014744	0.779536	0.015278	0.459390	0.380670	0.288945	0.007205
0.481165	0.012571
0.568972	0.040553
0.982333	0.017435	0.593352	0.015057	0.491003	0.015598	0.446385	0.380712	0.310910	0.008053
0.342111	0.018472
0.486906	0.046865
1.000000	0.018038	0.982333	0.014693	0.364652	0.015493	0.467931	0.376409	0.341707	0.008103
0.333682	0.017647
0.673262	0.042637
0.969077	0.017709	0.982333	0.015134	0.821423	0.015960	0.338779	0.372165	0.314101	0.007425
0.456261	0.015952
0.668154	0.043991
1.000000	0.017641	0.982333	0.014598	0.447745	0.015612	0.456488	0.372354	0.341977	0.009326
0.034927	0.016553
0.695364	0.045358
0.967552	0.017815	1.000000	0.014942	0.896988	0.015162	0.914309	0.370656	0.371815	0.008853
0.344670	0.013818
0.238530	0.041884
1.000000	0.017817	0.982333	0.015016	0.439166	0.015813	0.393132	0.371617	0.674092	0.007306
0.333970	0.022514
0.462001	0.043084
delta = 0.100000, m = 36
0.647227	0.021776	0.647253	0.018662	0.845917	0.019177	0.612537	0.495403	0.376693	0.008807
0.483443	0.014400
0.670542	0.044451
1.000000	0.022310	0.667787	0.018773	0.535197	0.019020	0.494785	0.499890	0.239866	0.010381
0.335623	0.016489
0.668154	0.044637
1.000000	0.022179	0.946958	0.018718	0.457141	0.019605	0.881074	0.498914	0.340015	0.010539
0.465946	0.014657
0.674092	0.046024
0.982333	0.021603	0.667631	0.019081	0.799436	0.018339	0.521977	0.504949	0.190488	0.009508
0.343216	0.015910
0.681767	0.038905
0.647330	0.021669	0.982333	0.018580	0.833324	0.018556	0.502081	0.490479	0.334829	0.008996
0.333014	0.023052
0.713324	0.041222
0.889412	0.021647	0.969077	0.018795	0.839529	0.018189	0.839529	0.492439	0.342707	0.009651
0.482926	0.015897
0.667683	0.040407
0.946958	0.021245	0.667787	0.018904	0.859291	0.018561	0.507194	0.488769	0.369160	0.009041
0.343450	0.017511
0.667787	0.043458
0.982333	0.022227	0.667631	0.018750	0.784333	0.018506	0.550182	0.486645	0.277946	0.010266
0.484262	0.017650
0.699797	0.043945
1.000000	0.021888	0.982333	0.018324	0.943928	0.018182	0.535307	0.491649	0.394013	0.009659
0.347378	0.018911
0.667683	0.048700
0.667631	0.021872	1.000000	0.018313	0.873559	0.017743	0.458197	0.488856	0.267888	0.010073
0.215182	0.016589
0.716542	0.039033
0.982333	0.022335	0.969077	0.018600	0.618715	0.018116	0.513416	0.495220	0.683155	0.009337
0.482608	0.014351
0.671134	0.044129
0.667787	0.022849	0.969077	0.019413	0.633484	0.018553	0.432544	0.486823	0.310910	0.010283
0.341580	0.014413
0.667683	0.053838
0.982333	0.021132	0.605418	0.019057	0.815711	0.018975	0.524655	0.505650	0.389793	0.009557
0.338066	0.018914
0.668733	0.041800
1.000000	0.022688	0.982333	0.019129	0.981566	0.018947	0.488183	0.486857	0.366830	0.009108
0.480921	0.013160
0.667787	0.039437
1.000000	0.021657	0.969077	0.018661	0.524908	0.017962	0.554457	0.486762	0.298501	0.009503
0.481049	0.013270
0.668417	0.042917
0.667787	0.020225	0.647639	0.018101	0.914309	0.018358	0.416729	0.492431	0.250226	0.009564
0.466450	0.017299
0.667683	0.043307
0.667944	0.022053	0.982333	0.018445	0.533672	0.018268	0.449519	0.486688	0.336104	0.011144
0.333568	0.018976
0.683155	0.039971
1.000000	0.021147	1.000000	0.018251	0.852500	0.018188	0.446331	0.494469	0.413186	0.009965
0.337648	0.020706
0.683155	0.043689
0.648494	0.022330	1.000000	0.018327	0.495483	0.018269	0.567414	0.485989	0.336068	0.009318
0.481399	0.016456
0.697520	0.042115
0.982333	0.022149	1.000000	0.018779	0.463394	0.018299	0.464534	0.492616	0.375788	0.009040
0.465931	0.017276
0.674092	0.044756
0.667631	0.022115	1.000000	0.018176	0.923618	0.018139	0.551404	0.487213	0.299202	0.009702
0.482529	0.018030
0.699797	0.047022
0.667683	0.021835	0.946958	0.018082	0.532792	0.018485	0.476382	0.489690	0.284487	0.009184
0.221799	0.019521
0.667787	0.037718
0.969077	0.021385	1.000000	0.018551	0.436068	0.018145	0.533395	0.488657	0.449019	0.008936
0.413647	0.015496
0.669102	0.043984
0.631786	0.022406	0.605620	0.018962	0.455804	0.018792	0.694623	0.489879	0.288393	0.008488
0.435069	0.014532
0.680456	0.043382
0.647639	0.021564	1.000000	0.018300	0.415521	0.019308	0.490734	0.488759	0.248279	0.009777
0.347735	0.021343
0.719971	0.045419
0.647639	0.021623	1.000000	0.018188	0.502106	0.018198	0.484598	0.492251	0.362943	0.009437
0.397239	0.021091
0.667944	0.041172
0.946958	0.022037	1.000000	0.018955	0.833324	0.018340	0.524202	0.492367	0.364618	0.008710
0.482163	0.013312
0.697520	0.042220
1.000000	0.021573	0.632400	0.018327	0.512041	0.019708	0.468878	0.489947	0.344968	0.009653
0.334404	0.016491
0.687821	0.041201
1.000000	0.021394	1.000000	0.019562	0.395848	0.018398	0.571792	0.490990	0.421688	0.009047
0.350326	0.018934
0.674092	0.041106
0.982333	0.022477	0.669102	0.019474	0.484700	0.018609	0.673262	0.488045	0.244613	0.011177
0.481846	0.015927
0.697520	0.044134
1.000000	0.021423	1.000000	0.018277	0.810146	0.017394	0.537824	0.487187	0.418360	0.009478
0.334559	0.018191
0.667787	0.043520
0.969077	0.021009	1.000000	0.018358	0.914309	0.017911	0.451171	0.490386	0.359396	0.009146
0.341914	0.018968
0.699797	0.043812
1.000000	0.022466	1.000000	0.018302	0.923618	0.017821	0.507194	0.486670	0.271011	0.011743
0.447055	0.016061
0.679221	0.042684
0.667944	0.022054	0.647872	0.018365	0.497885	0.017855	0.542348	0.502758	0.318491	0.009483
0.481785	0.014106
0.723632	0.047368
0.982333	0.021762	1.000000	0.018754	0.387826	0.018875	0.475636	0.493046	0.248240	0.009815
0.368382	0.020720
0.716542	0.037685
0.946958	0.022088	0.638942	0.018596	0.866304	0.019295	0.543456	0.493962	0.313698	0.009368
0.481399	0.014028
0.673262	0.046655
1.000000	0.022444	0.647330	0.018485	0.441343	0.017869	0.401447	0.489065	0.320208	0.010610
0.332758	0.016498
0.697520	0.043349
0.982333	0.021952	0.647459	0.019321	0.516513	0.017985	0.501271	0.489007	0.320283	0.010022
0.433543	0.014070
0.689556	0.045387
0.982333	0.021884	0.631786	0.018716	0.859291	0.018331	0.440290	0.493849	0.594479	0.009558
0.481324	0.014506
0.697520	0.041037
0.919595	0.021845	0.648494	0.019342	1.000000	0.018752	0.469928	0.490598	0.314537	0.009153
0.456688	0.016569
0.675943	0.041930
1.000000	0.021283	1.000000	0.018395	0.967552	0.017685	0.481542	0.488972	0.344968	0.009290
0.446777	0.017493
0.668154	0.040537
1.000000	0.021842	0.667631	0.018139	0.815711	0.018532	0.500777	0.490537	0.478160	0.008910
0.481019	0.015788
0.719971	0.045200
1.000000	0.021990	0.647253	0.018346	0.981566	0.018014	0.475816	0.488951	0.378550	0.009650
0.206636	0.015814
0.669102	0.038482
0.982333	0.021304	1.000000	0.018281	0.558513	0.018114	0.573006	0.486368	0.153771	0.009516
0.339009	0.020117
0.667787	0.042657
1.000000	0.022533	0.667787	0.019021	0.362943	0.018426	0.490657	0.487825	0.179231	0.009715
0.337074	0.021748
0.719971	0.046851
1.000000	0.021895	0.982333	0.018508	0.881074	0.018371	0.524323	0.496325	0.401817	0.010376
0.350270	0.016543
0.699797	0.038792
0.982333	0.022029	0.605115	0.018614	0.475357	0.018115	0.509187	0.489528	0.412864	0.008614
0.340241	0.021222
0.669102	0.041426
0.982333	0.022395	0.667683	0.018596	0.432982	0.017997	0.493869	0.482733	0.299491	0.009845
0.481399	0.015023
0.695364	0.042495
0.969077	0.020956	0.969077	0.018410	0.593882	0.019096	0.553427	0.487543	0.348201	0.010070
0.425461	0.014605
0.667944	0.052879
1.000000	0.022732	0.982333	0.019204	0.888874	0.019344	0.896988	0.486350	0.309978	0.010384
0.481693	0.016942
0.669527	0.043693
delta = 0.100000, m = 42
1.000000	0.024931	1.000000	0.021946	0.981566	0.022084	0.515501	0.710762	0.318396	0.011061
0.480978	0.013551
0.687821	0.049845
0.982333	0.025942	0.667944	0.022279	0.967552	0.021566	0.524403	0.708984	0.439372	0.012238
0.481818	0.014686
0.667631	0.048885
1.000000	0.024478	1.000000	0.022057	1.000000	0.021178	0.554457	0.698287	0.337649	0.011639
0.481144	0.015097
0.689556	0.050548
0.969077	0.025198	0.982333	0.021615	0.531963	0.022800	0.593478	0.702713	0.307316	0.011160
0.481785	0.016440
0.687821	0.048972
1.000000	0.025578	1.000000	0.022075	0.833324	0.022136	0.560927	0.702748	0.330344	0.013020
0.484501	0.015072
0.702204	0.041691
0.982333	0.025463	0.631633	0.022694	0.810146	0.023672	0.644728	0.702600	0.341259	0.011963
0.395463	0.016170
0.683155	0.054218
0.667944	0.024891	0.982333	0.021810	0.477569	0.021847	0.967552	0.696450	0.375496	0.010707
0.337635	0.018500
0.671784	0.046988
1.000000	0.025798	0.969077	0.021626	0.552052	0.023737	0.933455	0.697759	0.462249	0.011895
0.480921	0.015142
0.702204	0.045421
0.668154	0.026534	0.982333	0.021664	0.933455	0.021723	0.533168	0.699107	0.314737	0.011807
0.337468	0.020263
0.669102	0.043564
0.957479	0.025904	1.000000	0.022109	0.923618	0.021900	0.521134	0.702681	0.301160	0.012617
0.254862	0.018402
0.670006	0.045790
0.667631	0.025259	0.667631	0.022271	0.888874	0.020661	0.524202	0.701827	0.476716	0.011186
0.501873	0.019575
0.668154	0.044052
0.982333	0.024773	1.000000	0.021369	0.967552	0.021520	0.591073	0.701999	0.289329	0.011485
0.387804	0.014859
0.716542	0.048116
0.667631	0.025320	0.969077	0.021747	0.923618	0.021826	0.561193	0.695699	0.400167	0.010944
0.356155	0.018123
0.668733	0.043334
0.667631	0.025863	1.000000	0.021203	0.527220	0.022503	0.605620	0.696329	0.410028	0.011563
0.480921	0.015089
0.674985	0.046480
0.667787	0.025632	0.982333	0.022450	0.866304	0.023176	0.467854	0.696611	0.417447	0.011195
0.481093	0.014664
0.695364	0.044791
0.982333	0.025274	0.982333	0.021584	0.460513	0.021630	0.981566	0.704390	0.425900	0.011796
0.481532	0.015280
0.691388	0.048191
1.000000	0.024875	0.667944	0.021203	0.981566	0.021938	0.428010	0.699200	0.314537	0.011314
0.346790	0.018652
0.719971	0.045481
1.000000	0.025115	0.969077	0.021496	0.524323	0.021940	0.460513	0.699857	0.310910	0.011147
0.467275	0.016854
0.713324	0.046332
0.647330	0.024920	1.000000	0.021227	0.779536	0.021548	0.510917	0.701651	0.383376	0.011066
0.424994	0.020660
0.699797	0.045771
0.667631	0.024982	0.982333	0.021846	0.859291	0.022222	0.491803	0.699755	0.470430	0.011088
0.481049	0.014455
0.669527	0.047537
1.000000	0.024560	0.667683	0.023172	0.424522	0.022358	0.497800	0.703686	0.379866	0.011384
0.383486	0.021425
0.668154	0.045172
0.419255	0.025179	0.969077	0.021088	0.379239	0.022253	0.681733	0.699315	0.442575	0.010768
0.287577	0.020178
0.667631	0.046832
1.000000	0.025037	0.982333	0.022822	0.388400	0.023423	0.583880	0.699519	0.428932	0.011488
0.481144	0.013627
0.691388	0.053538
0.667631	0.025155	0.982333	0.021409	0.866304	0.022308	0.725647	0.705154	0.324244	0.011859
0.481135	0.014849
0.669527	0.044652
0.667944	0.025890	1.000000	0.021650	0.833324	0.022790	0.573929	0.700949	0.347176	0.012144
0.388748	0.017205
0.723632	0.042403
1.000000	0.024529	0.647253	0.021858	0.981566	0.021778	0.522886	0.700836	0.436177	0.010905
0.355805	0.020528
0.667944	0.044798
0.982333	0.025086	1.000000	0.022426	0.905452	0.021512	0.570286	0.697091	0.492837	0.012250
0.483143	0.018145
0.673262	0.044446
0.667631	0.025985	1.000000	0.021901	0.352927	0.025054	0.649423	0.700203	0.331801	0.012135
0.481111	0.017019
0.697520	0.043662
1.000000	0.025193	0.667683	0.021410	0.888874	0.021627	0.881074	0.698653	0.350868	0.011466
0.442694	0.016436
0.676967	0.050270
0.667787	0.026179	0.667683	0.021366	0.933455	0.021865	0.619434	0.699794	0.425349	0.011234
0.481447	0.018425
0.674985	0.043329
1.000000	0.024613	1.000000	0.021695	0.914309	0.021827	0.912685	0.698585	0.349543	0.011450
0.481693	0.017302
0.719971	0.047194
1.000000	0.026242	0.969077	0.022310	0.506321	0.021865	0.563988	0.697883	0.167800	0.011645
0.482998	0.015707
0.702204	0.042815
0.667787	0.025612	1.000000	0.021433	0.905452	0.022135	0.649615	0.704430	0.528180	0.011482
0.483039	0.013012
0.704748	0.047912
1.000000	0.025270	0.647639	0.022212	0.967552	0.023292	0.631633	0.705182	0.458194	0.011417
0.334883	0.020316
0.667683	0.046510
1.000000	0.024280	1.000000	0.021228	0.955201	0.021836	0.542677	0.705082	0.278087	0.012097
0.360477	0.016465
0.723632	0.043350
1.000000	0.026218	0.647330	0.022975	0.943928	0.022124	0.492837	0.692071	0.320283	0.011897
0.482262	0.017111
0.716542	0.045878
1.000000	0.025789	0.647330	0.022375	0.593882	0.022307	0.655700	0.704200	0.149334	0.011107
0.481530	0.015115
0.670006	0.049367
0.668417	0.025437	0.667944	0.021808	0.523901	0.021882	0.866304	0.706019	0.394673	0.011372
0.210082	0.014535
0.674092	0.041228
1.000000	0.025529	0.647227	0.021682	0.981566	0.021745	0.547348	0.705917	0.484569	0.011448
0.480951	0.017106
0.674985	0.044483
1.000000	0.024261	1.000000	0.022048	0.668733	0.022435	0.888874	0.699337	0.322467	0.011646
0.489958	0.019311
0.671134	0.053010
0.982333	0.026171	1.000000	0.021439	0.981566	0.021922	0.483565	0.706125	0.638459	0.011392
0.241096	0.016749
0.671784	0.045972
1.000000	0.025217	0.667631	0.020982	0.411478	0.021736	0.633653	0.702448	0.189421	0.011017
0.466142	0.016203
0.680456	0.048541
1.000000	0.025928	1.000000	0.022055	0.967552	0.022641	0.454893	0.705036	0.417447	0.011112
0.481856	0.014560
0.667631	0.044084
0.982333	0.026337	1.000000	0.022314	0.845917	0.021931	0.466125	0.702005	0.301160	0.012823
0.211840	0.021678
0.674985	0.047388
1.000000	0.025081	0.667631	0.021247	1.000000	0.021794	0.478746	0.712391	0.432701	0.011832
0.481296	0.016830
0.670006	0.044302
0.667631	0.025352	1.000000	0.021058	0.955201	0.021476	0.536202	0.711650	0.324990	0.011525
0.481583	0.015437
0.683155	0.048325
1.000000	0.024573	0.982333	0.021162	0.463814	0.022460	0.549524	0.710292	0.425866	0.011168
0.481476	0.015443
0.671784	0.047225
1.000000	0.025148	0.647639	0.022090	0.815711	0.022291	0.923618	0.701881	0.219499	0.011776
0.466217	0.017233
0.671134	0.047070
0.982333	0.025739	1.000000	0.022343	0.605165	0.022632	0.575069	0.699649	0.336068	0.011318
0.482000	0.015604
0.674985	0.047640
1.000000	0.025309	0.969077	0.021441	0.588286	0.022302	0.955201	0.700689	0.408168	0.011938
0.480921	0.015703
0.669527	0.046959
delta = 0.100000, m = 48
1.000000	0.029762	0.667787	0.025568	0.943928	0.024798	0.881074	1.047900	0.249687	0.012558
0.480978	0.016029
0.668154	0.044376
0.667944	0.028961	1.000000	0.024959	0.881074	0.024199	0.933455	1.054173	0.235885	0.012557
0.468366	0.015824
0.675943	0.046644
1.000000	0.028892	1.000000	0.025192	0.618205	0.025565	0.573441	1.051141	0.427548	0.012447
0.481530	0.016126
0.668154	0.042104
1.000000	0.028361	0.647227	0.025219	0.933455	0.024821	0.943928	1.046229	0.399048	0.013496
0.466414	0.015649
0.681767	0.044798
0.667944	0.029178	0.982333	0.025016	0.955201	0.024568	0.905452	1.058690	0.441681	0.012448
0.481019	0.017239
0.667787	0.051258
0.668154	0.029440	0.667631	0.025541	0.967552	0.024810	0.955201	1.056838	0.303577	0.013293
0.484481	0.017254
0.667944	0.043373
1.000000	0.029204	0.982333	0.024910	0.967552	0.024588	0.593478	1.048968	0.673262	0.013118
0.457901	0.014311
0.674985	0.046008
1.000000	0.028926	0.969077	0.024734	0.633070	0.024886	0.490657	1.046218	0.375929	0.012599
0.482133	0.015682
0.668733	0.046248
1.000000	0.029485	1.000000	0.024993	0.943928	0.024900	0.881074	1.043508	0.401447	0.012690
0.481476	0.016878
0.668417	0.042575
1.000000	0.029194	0.982333	0.024955	0.914309	0.024337	0.933455	1.050624	0.450724	0.012010
0.483454	0.017196
0.679221	0.042480
1.000000	0.028376	0.667631	0.025101	0.981566	0.025142	0.568695	1.050685	0.409402	0.012669
0.480988	0.015328
0.667787	0.042168
1.000000	0.028893	0.982333	0.025044	0.454598	0.023841	0.532767	1.056218	0.453427	0.012233
0.483452	0.015882
0.687821	0.041399
0.668417	0.029495	0.667631	0.025209	0.955201	0.024532	0.881074	1.049549	0.339137	0.012310
0.368039	0.021365
0.668733	0.044524
1.000000	0.028594	1.000000	0.025207	0.605165	0.024749	0.556425	1.052253	0.488183	0.012544
0.421346	0.020040
0.679221	0.045739
1.000000	0.028385	1.000000	0.024852	0.586055	0.025944	0.933455	1.050434	0.515003	0.013127
0.481568	0.015353
0.675943	0.044122
1.000000	0.029936	0.982333	0.025001	0.955201	0.024014	1.000000	1.052576	0.425095	0.012582
0.382251	0.018722
0.669527	0.040597
1.000000	0.029679	1.000000	0.025156	0.933455	0.024768	0.507194	1.049320	0.499911	0.013124
0.481266	0.013264
0.667683	0.044366
1.000000	0.029260	0.667944	0.025517	0.582812	0.025072	1.000000	1.052785	0.770275	0.012506
0.423775	0.016667
0.699797	0.045755
0.668733	0.029470	0.969077	0.025454	0.933455	0.024468	0.605848	1.049253	0.478024	0.011855
0.439680	0.016796
0.723632	0.044752
0.667631	0.029131	0.982333	0.025360	0.896988	0.024955	0.647252	1.056401	0.374140	0.012575
0.351320	0.017934
0.668154	0.044600
1.000000	0.029318	0.982333	0.024859	0.502081	0.025498	0.532830	1.055675	0.474485	0.012449
0.482539	0.015064
0.684625	0.049653
0.667944	0.028910	1.000000	0.024948	0.905452	0.024990	0.873559	1.049294	0.416610	0.012633
0.481093	0.014533
0.668733	0.042489
1.000000	0.028753	1.000000	0.024906	0.933455	0.024903	0.656608	1.059769	0.455804	0.013471
0.466674	0.014644
0.699797	0.044200
0.667631	0.028825	1.000000	0.024865	0.561694	0.025153	0.527277	1.055588	0.492576	0.012673
0.355872	0.022876
0.667944	0.046063
1.000000	0.029362	1.000000	0.025505	0.469913	0.024947	0.498936	1.055902	0.314737	0.012990
0.481308	0.016903
0.695364	0.048562
1.000000	0.028960	1.000000	0.024776	0.611371	0.024742	0.562604	1.054044	0.436068	0.012346
0.482370	0.015686
0.671134	0.042929
1.000000	0.028878	0.667631	0.024758	0.620913	0.024519	0.605418	1.048921	0.399893	0.012549
0.483556	0.015792
0.667944	0.040658
1.000000	0.028593	0.667683	0.025640	0.606537	0.024777	0.491038	1.048152	0.409402	0.012499
0.352369	0.025273
0.674985	0.045353
0.668154	0.028946	0.982333	0.025040	0.981566	0.025012	0.933455	1.048759	0.369160	0.012580
0.483778	0.019971
0.668417	0.045464
1.000000	0.029145	1.000000	0.025112	0.981566	0.024983	0.541974	1.044452	0.406696	0.012869
0.300881	0.017067
0.719971	0.042874
0.667787	0.029459	0.969077	0.025237	0.346881	0.025842	0.551604	1.050244	0.347414	0.012700
0.481532	0.016203
0.676967	0.049515
1.000000	0.028749	0.667683	0.025108	0.905452	0.024570	0.542348	1.048516	0.491615	0.012314
0.481246	0.017260
0.723632	0.047600
1.000000	0.029480	1.000000	0.025442	0.896988	0.024848	0.586391	1.057740	0.369157	0.012116
0.482513	0.015012
0.671784	0.043701
1.000000	0.028713	0.982333	0.024604	0.881074	0.024809	0.582812	1.047999	0.440634	0.012427
0.359458	0.014634
0.689556	0.042970
1.000000	0.029241	0.667683	0.025404	0.648885	0.024888	0.672493	1.051216	0.372068	0.012536
0.480921	0.014608
0.671784	0.041003
1.000000	0.028447	0.667944	0.024924	0.967552	0.024887	0.981566	1.048388	0.172789	0.012071
0.466622	0.016057
0.673262	0.045594
0.667631	0.029459	0.667631	0.025922	0.607411	0.024857	0.671475	1.053006	0.399357	0.012750
0.370527	0.015632
0.668154	0.044666
1.000000	0.028523	0.982333	0.025077	0.981566	0.024837	0.568279	1.045275	0.415339	0.012246
0.481093	0.014519
0.671784	0.040730
0.668417	0.029167	1.000000	0.025224	0.618715	0.024937	0.593277	1.050374	0.432544	0.012433
0.482370	0.018113
0.670006	0.042213
0.668733	0.029135	1.000000	0.025005	0.967552	0.025082	0.571416	1.051387	0.460667	0.012576
0.340871	0.019538
0.667944	0.047195
1.000000	0.028658	1.000000	0.024781	1.000000	0.025093	0.531963	1.054699	0.253368	0.012404
0.320286	0.019334
0.719971	0.044943
1.000000	0.029835	1.000000	0.025679	0.498734	0.025665	0.506892	1.039087	0.584737	0.012607
0.377968	0.020020
0.691388	0.052198
0.667944	0.029365	0.668154	0.025174	0.955201	0.024891	0.967552	1.056501	0.375453	0.012788
0.376508	0.017071
0.669527	0.047698
0.667944	0.028792	0.982333	0.025840	0.514947	0.025025	0.533395	1.054961	0.330222	0.013591
0.481583	0.017589
0.668417	0.043751
1.000000	0.028846	1.000000	0.024925	0.981566	0.024952	0.591073	1.059699	0.406696	0.012314
0.481807	0.015504
0.667944	0.040117
1.000000	0.029210	0.969077	0.025524	0.955201	0.025043	0.933455	1.050389	0.425978	0.012198
0.481870	0.019017
0.667944	0.041636
1.000000	0.029222	0.667683	0.025627	0.943928	0.025053	0.553915	1.056202	0.415521	0.012684
0.480941	0.018159
0.672493	0.046214
1.000000	0.028576	0.969077	0.025016	0.967552	0.025046	0.926098	1.054639	0.459519	0.012577
0.482905	0.016622
0.673262	0.042826
1.000000	0.030361	1.000000	0.025485	0.967552	0.024942	0.561243	1.061448	0.411478	0.013239
0.413675	0.016499
0.672493	0.043099
0.667631	0.029112	0.969077	0.025285	1.000000	0.024956	0.933455	1.053665	0.331801	0.012532
0.481496	0.018504
0.667944	0.043052
delta = 0.100000, m = 54
0.667787	0.033318	1.000000	0.029306	0.955201	0.028434	0.555056	1.442914	0.399893	0.015541
0.481165	0.017472
0.675943	0.044418
0.667944	0.034383	0.667631	0.029882	0.981566	0.028757	0.943928	1.441544	0.399773	0.014760
0.349225	0.016875
0.667787	0.046604
1.000000	0.033462	1.000000	0.029509	0.866304	0.029422	0.491803	1.439588	0.462460	0.015068
0.466142	0.019344
0.681767	0.047897
1.000000	0.033619	0.667944	0.029030	0.578043	0.029027	1.000000	1.440507	0.438298	0.014684
0.466137	0.014959
0.667683	0.042350
1.000000	0.033564	0.667787	0.028859	1.000000	0.028910	1.000000	1.444011	0.548666	0.014749
0.481496	0.017070
0.669102	0.048568
1.000000	0.036268	0.667683	0.029721	0.955201	0.028687	0.571391	1.447271	0.784333	0.015829
1.000000	0.018545
0.667787	0.050785
1.000000	0.033983	1.000000	0.029140	0.852500	0.028137	0.507043	1.485145	0.296351	0.014608
0.483085	0.018438
0.681767	0.049138
1.000000	0.034626	1.000000	0.031562	0.981566	0.029766	0.561343	1.486114	0.401400	0.014617
0.466986	0.013639
0.671134	0.047321
1.000000	0.033551	1.000000	0.029423	0.943928	0.028582	0.981566	1.452429	0.393849	0.015316
0.247653	0.016962
0.670542	0.041801
1.000000	0.033593	1.000000	0.029249	0.500338	0.029192	0.933455	1.492368	0.421194	0.014339
0.362972	0.020397
0.667683	0.049683
1.000000	0.034702	1.000000	0.030302	0.923618	0.030771	0.563012	1.461748	0.375189	0.015959
0.482713	0.017156
0.667683	0.044025
1.000000	0.035910	1.000000	0.029770	0.981566	0.033297	0.933455	1.453718	0.497065	0.015462
0.384392	0.016770
0.674985	0.040544
1.000000	0.033117	1.000000	0.029664	0.967552	0.029128	0.955201	1.492040	0.340015	0.015376
0.481538	0.022689
0.671784	0.059555
1.000000	0.042831	1.000000	0.029655	0.839529	0.029341	1.000000	1.456637	0.482954	0.014655
0.336416	0.017553
0.667944	0.046139
0.667631	0.034589	1.000000	0.029611	0.943928	0.028897	0.943928	1.462783	0.881074	0.015104
0.482597	0.019176
0.669102	0.047762
1.000000	0.033158	1.000000	0.030098	0.585428	0.028975	0.605115	1.449245	0.519310	0.014901
0.480921	0.017096
0.673262	0.048300
1.000000	0.034040	1.000000	0.029753	1.000000	0.028713	1.000000	1.451971	0.779536	0.015359
0.446809	0.014803
0.723632	0.042854
1.000000	0.033247	1.000000	0.029261	0.593478	0.029466	0.981566	1.453935	0.290325	0.015506
0.480941	0.016866
0.674985	0.048788
1.000000	0.034372	1.000000	0.028942	1.000000	0.028934	0.506892	1.455278	0.381934	0.014941
0.482207	0.014240
0.671134	0.046343
1.000000	0.033680	0.667631	0.029484	0.540021	0.028810	0.955201	1.461416	0.432596	0.014723
0.982364	0.014058
0.670542	0.052199
1.000000	0.033354	1.000000	0.029670	0.649830	0.028453	0.673360	1.454792	0.381825	0.014765
0.481532	0.014213
0.674092	0.043935
1.000000	0.033329	1.000000	0.029004	0.572296	0.028726	0.617901	1.439499	0.334222	0.015703
0.432393	0.017774
0.668154	0.040628
1.000000	0.033285	1.000000	0.028613	0.967552	0.029099	0.582026	1.447559	0.451958	0.014725
0.481604	0.015798
0.671134	0.046030
0.667944	0.034273	1.000000	0.028885	1.000000	0.028216	0.933455	1.444556	0.331737	0.015008
0.162046	0.020710
0.667944	0.056974
0.667787	0.033178	1.000000	0.029276	0.943928	0.028727	1.000000	1.456042	0.404067	0.015628
0.482207	0.016627
0.683155	0.044929
0.667944	0.034104	1.000000	0.029744	0.943928	0.028969	1.000000	1.449134	0.475636	0.014804
0.483557	0.017583
0.670006	0.047329
1.000000	0.033191	0.668154	0.029014	0.943928	0.028498	0.507954	1.442496	0.564083	0.016144
0.462120	0.016282
0.675943	0.045348
0.667787	0.033880	1.000000	0.029202	0.620366	0.029453	0.981566	1.452911	0.420757	0.014815
0.480941	0.017137
0.672493	0.045710
1.000000	0.033679	1.000000	0.028729	0.572625	0.028622	1.000000	1.450928	0.388150	0.014912
0.468317	0.017315
0.667787	0.050571
1.000000	0.034505	1.000000	0.029817	0.542225	0.029150	1.000000	1.472217	0.368213	0.014758
0.481019	0.016804
0.719971	0.043807
1.000000	0.033220	1.000000	0.029354	0.618715	0.030090	0.943928	1.442246	0.408839	0.014783
0.480988	0.016535
0.667787	0.042076
1.000000	0.032730	1.000000	0.029384	1.000000	0.028450	0.563467	1.450884	0.468238	0.014626
0.480921	0.013344
0.668417	0.044746
1.000000	0.033311	0.667787	0.028534	1.000000	0.028832	0.699660	1.451928	0.370118	0.014394
0.491994	0.018352
0.670006	0.043971
0.667944	0.033920	0.667631	0.029437	0.633953	0.029483	0.943928	1.457357	0.504387	0.014266
0.481723	0.014308
0.672493	0.045324
1.000000	0.033635	1.000000	0.029027	0.923618	0.029534	0.969077	1.448713	0.339855	0.014758
0.481990	0.016685
0.667683	0.047999
1.000000	0.033589	1.000000	0.029671	0.914309	0.028823	0.572296	1.441318	0.888874	0.014172
0.481691	0.016800
0.671134	0.047686
1.000000	0.033662	0.667944	0.028918	0.593277	0.028495	0.561946	1.441890	0.429086	0.015265
0.481093	0.015764
0.668733	0.048230
0.667631	0.034797	0.667631	0.028400	1.000000	0.028514	0.981566	1.454281	0.377065	0.015046
0.390868	0.021624
0.671134	0.041784
1.000000	0.034459	0.667631	0.029140	0.967552	0.028975	0.475816	1.454048	0.283216	0.014782
0.480978	0.020424
0.691388	0.044140
0.667683	0.034030	1.000000	0.028896	1.000000	0.029159	0.905452	1.454833	0.507043	0.014828
0.480941	0.014330
0.671134	0.043230
1.000000	0.033052	1.000000	0.029288	0.955201	0.029185	0.943928	1.470293	0.348497	0.015137
0.166676	0.015849
0.668154	0.050157
1.000000	0.034014	1.000000	0.029230	0.631786	0.029169	1.000000	1.459445	0.450724	0.016107
0.481144	0.015411
0.668733	0.043005
1.000000	0.034001	0.667631	0.029506	1.000000	0.028386	0.955201	1.462274	0.319703	0.016498
0.188497	0.017929
0.679221	0.045667
1.000000	0.038920	1.000000	0.030558	0.981566	0.030348	0.914309	1.468075	0.303022	0.016669
0.485340	0.018619
0.723632	0.049767
1.000000	0.034422	1.000000	0.030845	0.923618	0.030674	0.633484	1.458082	0.437795	0.014515
0.483039	0.014955
0.668733	0.040550
1.000000	0.033496	1.000000	0.030663	0.923618	0.030129	0.943928	1.456635	0.429364	0.014768
0.481530	0.013052
0.667944	0.050322
1.000000	0.036112	1.000000	0.031861	0.967552	0.029045	0.608503	1.446532	0.395127	0.016064
0.812516	0.018593
0.723632	0.048261
1.000000	0.032569	0.667683	0.030078	0.552052	0.030335	0.967552	1.474692	0.364305	0.015889
0.332632	0.017480
0.672493	0.045983
1.000000	0.035283	1.000000	0.029756	1.000000	0.029533	0.582108	1.461279	0.774851	0.015547
0.363774	0.016228
0.668154	0.050378
1.000000	0.036131	1.000000	0.029152	0.914309	0.030598	0.586055	1.445642	0.375929	0.015187
0.303427	0.021459
0.684625	0.050591
delta = 0.100000, m = 60
1.000000	0.038012	0.667787	0.033975	1.000000	0.032941	0.943928	1.672101	0.473613	0.017197
0.481019	0.016788
0.691388	0.045719
0.667631	0.038258	1.000000	0.033368	1.000000	0.033222	1.000000	1.668435	0.350169	0.016920
0.482405	0.016551
0.674985	0.048549
0.668417	0.038042	1.000000	0.032971	0.561343	0.033230	0.617825	1.660291	0.490734	0.017316
0.481447	0.017152
0.667631	0.046718
1.000000	0.037669	1.000000	0.033413	0.624514	0.032180	1.000000	1.662131	0.888874	0.016958
0.481720	0.019019
0.671784	0.049950
0.667944	0.039517	1.000000	0.033077	0.955201	0.032838	0.967552	1.659042	0.550182	0.017356
0.361894	0.015684
0.668417	0.043105
1.000000	0.037674	0.667631	0.033020	1.000000	0.033290	0.955201	1.683917	0.309617	0.018498
0.482136	0.016523
0.676967	0.047050
0.667631	0.038285	0.667631	0.033416	1.000000	0.032169	0.955201	1.663749	0.476382	0.016885
0.348020	0.018791
0.678059	0.048717
0.667631	0.038081	1.000000	0.033659	1.000000	0.032321	1.000000	1.661955	0.406504	0.018730
0.481296	0.018678
0.675943	0.047586
0.667787	0.038097	1.000000	0.033536	0.967552	0.032683	0.582108	1.677990	0.439764	0.017205
1.000000	0.017709
0.674985	0.043550
1.000000	0.037620	0.667631	0.033436	1.000000	0.033129	0.543336	1.676353	0.540600	0.017530
0.362436	0.016833
0.674985	0.041081
0.667787	0.037875	1.000000	0.033606	1.000000	0.033307	0.617825	1.674205	0.393410	0.018998
0.446251	0.019065
0.670542	0.045917
1.000000	0.038418	1.000000	0.033039	1.000000	0.031869	0.631633	1.664767	0.431231	0.016848
0.482740	0.014603
0.676967	0.048876
1.000000	0.037724	1.000000	0.033894	0.933455	0.032890	1.000000	1.670876	0.401835	0.017819
0.481012	0.016949
0.668154	0.046483
0.667631	0.038319	1.000000	0.033506	1.000000	0.032901	1.000000	1.665480	0.342707	0.017325
0.888874	0.015227
0.668154	0.046648
0.667944	0.038298	0.667631	0.033738	1.000000	0.032976	0.955201	1.662068	0.515375	0.016666
0.174453	0.014563
0.723632	0.045211
0.667631	0.038764	1.000000	0.033567	1.000000	0.032229	0.583880	1.661304	0.486674	0.017149
0.491880	0.017046
0.673262	0.046399
1.000000	0.038300	0.667683	0.033479	1.000000	0.032558	1.000000	1.667461	0.473828	0.017297
0.365006	0.021654
0.668154	0.046983
0.667631	0.037981	1.000000	0.033613	0.914309	0.032627	0.582108	1.664723	0.914309	0.017048
0.379711	0.016528
0.669527	0.045528
1.000000	0.038197	1.000000	0.033234	0.955201	0.033213	1.000000	1.649174	0.467877	0.017084
0.481807	0.015364
0.674092	0.046483
1.000000	0.038241	1.000000	0.033054	0.667944	0.033760	0.746740	1.670667	0.377497	0.017890
0.147941	0.018138
0.686179	0.047032
0.667787	0.038286	1.000000	0.032714	1.000000	0.032683	0.981566	1.667696	0.852500	0.016752
0.469491	0.014666
0.695364	0.048443
1.000000	0.038412	0.667787	0.033770	0.605115	0.032725	0.573929	1.672749	0.859291	0.017595
0.503599	0.018782
0.667631	0.047204
0.667631	0.038088	1.000000	0.032924	0.647253	0.032678	0.563825	1.669876	0.596943	0.017137
0.481818	0.019086
0.669102	0.044066
1.000000	0.038673	1.000000	0.033125	1.000000	0.032678	0.631723	1.668026	0.468613	0.016768
0.425657	0.015786
0.671134	0.050414
1.000000	0.038564	1.000000	0.032915	0.617901	0.033556	0.933455	1.659422	0.590203	0.016885
0.466062	0.017455
0.667787	0.043993
1.000000	0.038062	1.000000	0.033391	0.617901	0.033304	1.000000	1.680055	0.487345	0.016914
0.481603	0.017947
0.668417	0.048836
0.667631	0.039250	1.000000	0.033603	0.896988	0.031660	0.631633	1.667815	0.571491	0.016982
0.203408	0.020663
0.675943	0.047382
1.000000	0.038177	1.000000	0.033305	1.000000	0.032722	0.631939	1.670116	0.495991	0.016891
0.481093	0.017066
0.667944	0.045629
1.000000	0.038115	1.000000	0.033612	0.896988	0.031780	0.584857	1.669932	0.427144	0.017861
0.481604	0.019022
0.668154	0.045569
0.667631	0.037959	1.000000	0.032697	0.943928	0.032535	0.915587	1.662946	0.433968	0.016784
0.480978	0.017687
0.668154	0.044153
1.000000	0.038212	1.000000	0.033234	0.595309	0.033856	0.955201	1.661241	0.402896	0.016988
0.481165	0.016380
0.669527	0.045417
1.000000	0.038246	1.000000	0.033743	0.631684	0.032350	0.631786	1.668344	0.379239	0.017761
0.481867	0.016969
0.674092	0.041476
1.000000	0.038363	0.667631	0.032729	1.000000	0.032575	1.000000	1.668066	0.400167	0.017435
0.480941	0.015866
0.670542	0.046769
1.000000	0.038190	1.000000	0.033050	1.000000	0.033006	0.598314	1.661336	0.512362	0.016643
0.481723	0.018582
0.675943	0.047221
0.667944	0.037610	1.000000	0.032972	1.000000	0.032448	1.000000	1.683870	0.413186	0.017980
0.489957	0.015690
0.667683	0.046177
1.000000	0.038231	1.000000	0.033292	0.454598	0.031640	0.593478	1.667563	0.432544	0.017135
0.481111	0.014668
0.667631	0.047133
1.000000	0.037972	1.000000	0.033291	0.943928	0.032734	0.981566	1.668284	0.392564	0.016743
0.481019	0.018272
0.667944	0.049938
1.000000	0.039066	0.668154	0.033713	1.000000	0.032310	1.000000	1.666282	0.450724	0.017311
0.481691	0.019113
0.704748	0.047629
0.668154	0.038612	1.000000	0.033387	0.582208	0.032990	1.000000	1.664111	0.383695	0.017019
0.482488	0.023613
0.681767	0.046822
1.000000	0.038904	1.000000	0.033380	0.933455	0.032001	0.967552	1.668957	0.483030	0.016853
0.466295	0.019807
0.668154	0.048375
1.000000	0.038039	0.667631	0.033910	0.955201	0.032597	0.648885	1.658337	0.414079	0.017489
0.484013	0.016796
0.676967	0.042044
1.000000	0.038377	1.000000	0.033327	0.565868	0.033451	0.955201	1.672668	0.364971	0.016593
0.481296	0.016611
0.674985	0.046223
1.000000	0.038330	1.000000	0.033406	0.647330	0.032924	0.647639	1.663549	0.431580	0.017101
0.466193	0.016387
0.695364	0.049037
0.667631	0.039262	0.667944	0.033796	1.000000	0.033074	1.000000	1.678238	0.458575	0.017439
0.481807	0.020363
0.675943	0.047880
0.667787	0.039274	1.000000	0.033401	0.933455	0.032684	0.631684	1.661714	0.509707	0.016799
0.481538	0.015247
0.689556	0.048488
1.000000	0.038721	0.667787	0.033006	1.000000	0.032621	0.563012	1.674191	0.462460	0.016844
0.497898	0.016808
0.704748	0.049076
1.000000	0.038113	1.000000	0.034581	0.955201	0.033815	0.519877	1.687701	0.400086	0.017085
0.482488	0.014765
0.667787	0.048320
1.000000	0.038944	1.000000	0.032370	1.000000	0.031782	0.605165	1.663248	0.536451	0.018385
0.481860	0.017920
0.673262	0.055225
1.000000	0.038729	1.000000	0.033810	0.943928	0.032146	0.618715	1.663039	0.422858	0.017379
0.481093	0.018004
0.675943	0.045710
1.000000	0.037888	1.000000	0.032997	1.000000	0.033002	0.914309	1.672335	0.416076	0.016587
0.480951	0.014014
0.675943	0.046557
0.667631	0.052244
