delta = 3.000000, m = 10
0.159771	0.254158	0.124967	0.240299	0.132960	0.336352	0.096089	0.597414	0.141696	0.064129
0.129538	0.172874
0.130714	1.864895
0.121555	0.239989	0.137805	0.255075	0.131805	0.331156	0.155842	0.597921	0.129169	0.065286
0.139211	0.181967
0.132087	1.679881
0.136660	0.249002	0.098438	0.244968	0.133832	0.329057	0.160735	0.596122	0.111797	0.064966
0.113136	0.166459
0.121604	1.754040
0.155545	0.240743	0.134372	0.247194	0.132382	0.330013	0.143519	0.593139	0.124114	0.066163
0.161017	0.179906
0.124948	2.041751
0.095568	0.237502	0.109935	0.251192	0.133690	0.331407	0.124380	0.591961	0.125861	0.066692
0.160322	0.203851
0.130420	2.023058
0.153018	0.234104	0.128825	0.249920	0.132534	0.331553	0.137493	0.594357	0.152411	0.066715
0.136009	0.162551
0.131637	1.842069
0.051814	0.253926	0.091825	0.243144	0.132955	0.330652	0.105779	0.593797	0.155044	0.063730
0.000009	0.212704
0.131583	1.797063
0.101072	0.248965	0.138454	0.252379	0.133175	0.326449	0.139082	0.590837	0.142473	0.065464
0.158391	0.174545
0.127464	2.513965
0.118521	0.231722	0.138723	0.236469	0.132595	0.329671	0.099928	0.591607	0.165167	0.070935
0.101515	0.159145
0.129767	2.001193
0.151716	0.238184	0.160983	0.242344	0.132891	0.331278	0.022551	0.591542	0.110915	0.062642
0.144779	0.174523
0.132238	1.674442
0.152956	0.247601	0.121498	0.238737	0.132953	0.334397	0.128256	0.591316	0.134072	0.065647
0.130899	0.180519
0.132534	2.090174
0.139955	0.234642	0.153728	0.243393	0.133546	0.332772	0.132750	0.594702	0.165615	0.063669
0.094644	0.200423
0.131218	1.735207
0.157162	0.241486	0.082663	0.257378	0.132308	0.328420	0.086301	0.597813	0.154768	0.068549
0.136486	0.209617
0.129892	1.769635
0.139156	0.235564	0.117508	0.239681	0.133029	0.343521	0.129299	0.604768	0.115621	0.065160
0.133682	0.200161
0.171615	1.477917
0.149325	0.237840	0.113197	0.229917	0.132382	0.335098	0.120498	0.595602	0.085697	0.065454
0.140034	0.152316
0.131365	1.619630
0.121755	0.242839	0.146501	0.234809	0.132601	0.323919	0.141961	0.593176	0.173556	0.065351
0.144101	0.173675
0.104420	2.105794
0.072884	0.243047	0.106127	0.247447	0.133180	0.332880	0.157525	0.595692	0.147060	0.064469
0.156600	0.167452
0.130935	1.805315
0.160634	0.238821	0.074579	0.244281	0.132308	0.329540	0.126326	0.601745	0.156918	0.064669
0.120969	0.160765
0.131148	1.714446
0.129533	0.242687	0.098842	0.260856	0.133185	0.332820	0.088566	0.596809	0.105572	0.062737
0.126265	0.176153
0.130056	2.007852
0.108531	0.234430	0.120686	0.231948	0.133094	0.331689	0.159194	0.595095	0.132812	0.071131
0.072550	0.180093
0.117447	1.985291
0.135496	0.244729	0.076798	0.252870	0.132898	0.329588	0.108905	0.597983	0.136444	0.064247
0.119587	0.160868
0.105323	1.939255
0.134796	0.248598	0.142374	0.256749	0.133620	0.331532	0.110202	0.594905	0.117666	0.067898
0.133933	0.171137
0.117242	1.685432
0.118452	0.244331	0.073810	0.259617	0.131727	0.334047	0.142375	0.591894	0.065859	0.067151
0.140880	0.164642
0.131295	1.828044
0.125754	0.252377	0.100236	0.252239	0.132817	0.331366	0.012907	0.593733	0.143649	0.064362
0.166936	0.173100
0.131067	1.537802
0.146607	0.249956	0.147018	0.255741	0.132241	0.330254	0.126984	0.597917	0.136766	0.065329
0.127360	0.185981
0.118576	1.526218
0.104866	0.235982	0.149828	0.263972	0.132886	0.337092	0.169295	0.597249	0.123422	0.066378
0.105106	0.165914
0.129840	1.996043
0.139989	0.250624	0.145078	0.240964	0.133037	0.328225	0.103542	0.597586	0.141115	0.065842
0.173176	0.203910
0.131059	1.911798
0.137277	0.248292	0.143376	0.236293	0.133694	0.328775	0.115523	0.593823	0.077348	0.064669
0.126506	0.167954
0.089078	1.920360
0.140444	0.241397	0.085694	0.250114	0.132097	0.329720	0.117034	0.597240	0.133916	0.063901
0.130776	0.185207
0.131657	1.537845
0.099718	0.241156	0.138458	0.237819	0.132456	0.332972	0.128789	0.595097	0.142463	0.067239
0.165480	0.187235
0.132090	2.062036
0.118486	0.239495	0.133911	0.241091	0.132382	0.331880	0.142947	0.596502	0.164751	0.066244
0.136502	0.233957
0.131272	1.859616
0.156877	0.250602	0.124034	0.249554	0.133111	0.330860	0.148610	0.595554	0.121775	0.065551
0.124673	0.227355
0.116500	1.931535
0.073204	0.246390	0.130103	0.264792	0.132746	0.330363	0.111207	0.597447	0.157141	0.067651
0.033354	0.185338
0.131879	1.968866
0.122336	0.240443	0.137030	0.243855	0.131735	0.329126	0.138108	0.590119	0.163065	0.067885
0.164071	0.180459
0.132087	2.327516
0.117583	0.228636	0.058772	0.245085	0.133402	0.324838	0.130701	0.592917	0.130565	0.065891
0.000005	0.175663
0.117515	1.864201
0.162709	0.232398	0.072709	0.254271	0.133400	0.326561	0.135770	0.596596	0.123003	0.065197
0.163023	0.178361
0.131860	2.134809
0.107742	0.245566	0.127635	0.244665	0.132238	0.330876	0.147097	0.594507	0.103856	0.065477
0.156105	0.235064
0.127680	2.103868
0.127279	0.241908	0.061940	0.249855	0.132023	0.330488	0.133864	0.596154	0.131844	0.066621
0.085242	0.144094
0.131365	2.073717
0.146656	0.239688	0.075090	0.257915	0.132886	0.332431	0.120483	0.597073	0.163823	0.065290
0.119378	0.214816
0.130180	2.061374
0.111010	0.242968	0.110525	0.259568	0.132386	0.333296	0.131353	0.595441	0.117775	0.066691
0.152609	0.170405
0.119391	1.831038
0.157415	0.245825	0.095189	0.262115	0.132595	0.326872	0.149660	0.595459	0.127143	0.064635
0.188540	0.180141
0.116500	1.866200
0.098427	0.246247	0.088334	0.234286	0.131439	0.332506	0.131324	0.592227	0.139882	0.063805
0.175886	0.166984
0.127680	1.654446
0.110964	0.231438	0.115659	0.258301	0.133111	0.337015	0.103580	0.593570	0.155772	0.066347
0.136359	0.198167
0.131148	2.315010
0.134105	0.252019	0.154859	0.242950	0.132453	0.330363	0.161001	0.591204	0.148029	0.065379
0.130971	0.150137
0.089268	1.856920
0.111434	0.255725	0.118573	0.255268	0.132312	0.332607	0.159538	0.591017	0.033441	0.060771
0.125858	0.172343
0.130545	1.570468
0.121381	0.235017	0.054112	0.251018	0.132817	0.335403	0.153751	0.594551	0.127235	0.068328
0.170172	0.201132
0.116564	1.712448
0.094872	0.238057	0.116011	0.258290	0.132093	0.327025	0.163944	0.594289	0.133786	0.066598
0.138161	0.161558
0.127464	1.953174
0.130251	0.255855	0.153399	0.247647	0.133556	0.334172	0.120428	0.597809	0.117677	0.063978
0.142483	0.172717
0.131148	1.653817
0.119310	0.230445	0.146989	0.233401	0.132389	0.332263	0.080890	0.595822	0.129407	0.064683
0.014694	0.183919
0.131313	1.689469
0.085703	0.237437	0.140256	0.251617	0.133032	0.331106	0.073710	0.597401	0.138965	0.066823
0.149085	0.216615
0.131308	1.827321
delta = 3.000000, m = 20
0.157275	0.503408	0.109864	0.505596	0.133690	0.380495	0.165454	1.281534	0.144428	0.072371
0.141955	0.239523
0.132456	2.914033
0.144268	0.495995	0.120841	0.473719	0.134348	0.377222	0.136486	1.278176	0.132946	0.074320
0.129549	0.225419
0.130609	2.820898
0.127582	0.490407	0.161203	0.482639	0.133692	0.376922	0.158777	1.276320	0.165190	0.073898
0.135896	0.234254
0.154270	2.663084
0.141804	0.481457	0.131281	0.462862	0.134569	0.385330	0.125153	1.276043	0.125292	0.074717
0.120129	0.309024
0.130931	2.378610
0.130773	0.496126	0.145050	0.474574	0.133616	0.386688	0.148069	1.280972	0.128710	0.071933
0.132100	0.231436
0.132141	2.491162
0.141612	0.509163	0.132638	0.492715	0.134499	0.377650	0.139709	1.272957	0.134601	0.078375
0.132651	0.198048
0.117570	1.987275
0.136989	0.501683	0.158950	0.469073	0.134130	0.385740	0.152551	1.282165	0.110248	0.073719
0.136001	0.226955
0.132672	2.534404
0.146256	0.492167	0.136706	0.473729	0.134349	0.386153	0.116537	1.284752	0.135255	0.076228
0.161463	0.265206
0.130787	2.675255
0.125748	0.488673	0.122508	0.475014	0.134059	0.379791	0.136487	1.281827	0.147456	0.077651
0.132983	0.242864
0.133389	2.610189
0.128706	0.488490	0.115232	0.501715	0.134351	0.378562	0.107193	1.277964	0.113463	0.078970
0.130116	0.265467
0.130783	3.077167
0.159137	0.502859	0.156858	0.477979	0.133618	0.379042	0.142131	1.285022	0.136303	0.074277
0.158844	0.264747
0.131713	2.169607
0.146187	0.517800	0.119655	0.470231	0.134201	0.383688	0.125341	1.275034	0.137552	0.074715
0.131876	0.272437
0.131148	2.413198
0.132366	0.494247	0.115508	0.467278	0.133838	0.384941	0.150053	1.276958	0.137108	0.076066
0.147722	0.294418
0.132726	2.483258
0.130214	0.466929	0.160074	0.478489	0.134572	0.379423	0.140596	1.280787	0.130026	0.076505
0.160358	0.236075
0.132450	2.801264
0.132559	0.495849	0.163055	0.462945	0.134794	0.376416	0.130295	1.283206	0.154405	0.079018
0.128744	0.277477
0.130626	3.164935
0.131773	0.497333	0.137755	0.482459	0.134275	0.381519	0.138000	1.283318	0.154571	0.074817
0.143265	0.233874
0.130865	2.623678
0.127638	0.463699	0.150605	0.500045	0.132815	0.376206	0.112575	1.282286	0.142256	0.079540
0.136313	0.233486
0.131735	2.621560
0.140456	0.487020	0.133243	0.490617	0.132884	0.382164	0.124174	1.280640	0.145444	0.075320
0.151436	0.223540
0.121168	2.417712
0.134387	0.477350	0.156946	0.475801	0.133836	0.376646	0.133758	1.274882	0.112286	0.075062
0.144398	0.190456
0.129447	2.835509
0.112174	0.504419	0.155154	0.489593	0.134057	0.376766	0.117829	1.279305	0.122583	0.075036
0.135439	0.233706
0.131439	3.125785
0.151067	0.495501	0.140211	0.493686	0.134133	0.384715	0.130909	1.276623	0.145454	0.073643
0.107225	0.236095
0.132598	2.366241
0.117706	0.505034	0.129980	0.476925	0.134055	0.382229	0.135189	1.276927	0.171861	0.074973
0.128630	0.268312
0.139333	2.631589
0.145539	0.511567	0.136424	0.483781	0.134794	0.381466	0.122896	1.276773	0.122700	0.071854
0.145728	0.251485
0.171902	2.495696
0.100636	0.500455	0.128320	0.466181	0.134057	0.375649	0.120789	1.278896	0.137470	0.073731
0.132604	0.219130
0.130780	3.183805
0.120928	0.502000	0.140522	0.478245	0.133907	0.382896	0.145796	1.275239	0.164997	0.074159
0.131189	0.281005
0.131211	2.837858
0.139300	0.481976	0.140226	0.492615	0.133618	0.378131	0.142312	1.283475	0.131916	0.074334
0.132512	0.261597
0.130567	2.556380
0.138154	0.480505	0.136664	0.493752	0.134351	0.377921	0.129709	1.278302	0.148457	0.074387
0.100915	0.227929
0.131517	2.792140
0.146636	0.476786	0.119675	0.506079	0.133543	0.383509	0.145974	1.278945	0.161261	0.073314
0.129779	0.204435
0.130927	2.812483
0.151298	0.486906	0.148445	0.493080	0.134205	0.379041	0.150025	1.283473	0.164301	0.074690
0.135256	0.242281
0.131570	2.586991
0.129841	0.502752	0.142891	0.481508	0.133254	0.382612	0.145408	1.281157	0.153622	0.077677
0.137405	0.219010
0.133185	3.032351
0.126886	0.512686	0.115260	0.499796	0.134868	0.392225	0.143371	1.277681	0.135916	0.071741
0.127684	0.286762
0.130339	2.444113
0.130431	0.507369	0.131393	0.469645	0.133834	0.380301	0.123468	1.279583	0.130826	0.077133
0.144347	0.195509
0.130493	2.553222
0.129458	0.499818	0.143964	0.484315	0.134130	0.380198	0.136448	1.279933	0.133254	0.074926
0.131243	0.232199
0.130869	2.856785
0.137350	0.495013	0.145110	0.461280	0.133912	0.381087	0.150125	1.281923	0.141262	0.073212
0.128077	0.218506
0.129881	2.567416
0.144177	0.504920	0.153059	0.476460	0.134131	0.383368	0.129723	1.276910	0.123489	0.074349
0.129694	0.203162
0.133114	2.785395
0.116661	0.495048	0.139276	0.466202	0.133032	0.374228	0.142420	1.278230	0.136951	0.073048
0.129017	0.294909
0.129664	2.857931
0.138371	0.505112	0.146103	0.470938	0.133542	0.385310	0.127328	1.282067	0.110275	0.074193
0.140215	0.285822
0.132672	2.610167
0.115919	0.485631	0.146953	0.463758	0.133910	0.376451	0.141318	1.279066	0.143769	0.078881
0.105301	0.264504
0.130857	2.247178
0.145565	0.483703	0.138807	0.479987	0.133542	0.379010	0.134659	1.282467	0.135682	0.073082
0.129663	0.211447
0.135391	2.541022
0.134777	0.488252	0.146306	0.480661	0.133175	0.376147	0.138975	1.275582	0.123750	0.078723
0.138872	0.208521
0.129885	2.487170
0.158467	0.518336	0.151279	0.474762	0.134869	0.378208	0.135094	1.282358	0.132876	0.072259
0.129297	0.206034
0.132224	2.542804
0.137638	0.502918	0.132547	0.471153	0.133393	0.377845	0.162244	1.280871	0.150741	0.071517
0.059598	0.229519
0.131486	2.453980
0.107209	0.497238	0.116786	0.495738	0.133103	0.377881	0.160558	1.285986	0.126716	0.073434
0.137800	0.212951
0.132527	2.432002
0.137064	0.496234	0.090590	0.483903	0.133397	0.383023	0.137791	1.280372	0.140310	0.074491
0.135981	0.245457
0.135022	2.616808
0.134503	0.500060	0.151403	0.464035	0.133175	0.380409	0.152630	1.281572	0.148720	0.074233
0.134019	0.220255
0.132453	2.862208
0.139536	0.512698	0.155032	0.479718	0.132810	0.376042	0.137300	1.278137	0.133021	0.073433
0.110282	0.223023
0.133256	2.479569
0.124774	0.507943	0.144024	0.462251	0.134131	0.377796	0.144704	1.280968	0.144530	0.074218
0.147319	0.323118
0.126137	2.966175
0.133561	0.488545	0.101234	0.479690	0.133469	0.377367	0.143435	1.278390	0.136866	0.073086
0.145326	0.309336
0.131627	2.825905
0.172989	0.495001	0.134662	0.466251	0.133323	0.376409	0.156264	1.278404	0.139895	0.076950
0.128782	0.236316
0.131086	2.598086
0.139272	0.516031	0.161563	0.486108	0.133471	0.376873	0.143238	1.283437	0.148471	0.072466
0.117057	0.192091
0.130710	3.099170
delta = 3.000000, m = 30
0.139164	0.770056	0.145329	0.745179	0.134940	0.429229	0.136239	2.029849	0.138389	0.088127
0.157594	0.259939
0.112030	3.842343
0.121472	0.755584	0.144448	0.696310	0.134275	0.425153	0.133306	2.026618	0.137589	0.087112
0.131485	0.245196
0.133106	3.615905
0.141274	0.748358	0.126213	0.703879	0.134276	0.432877	0.128314	2.032795	0.136017	0.088441
0.051818	0.228297
0.132158	2.820692
0.142632	0.765769	0.137840	0.704659	0.134275	0.424408	0.146240	2.026015	0.134362	0.088123
0.140788	0.251507
0.156166	3.382609
0.147608	0.759068	0.143414	0.695689	0.134794	0.427060	0.145886	2.029051	0.139239	0.083958
0.055524	0.240813
0.131580	3.409240
0.154059	0.747340	0.139910	0.698328	0.134867	0.430584	0.146681	2.032391	0.131540	0.089193
0.116308	0.313551
0.131789	3.724883
0.119754	0.756554	0.111731	0.730420	0.133690	0.419367	0.127535	2.025088	0.140189	0.089347
0.122075	0.282935
0.131490	2.991797
0.131460	0.754677	0.133422	0.719540	0.133834	0.429296	0.141337	2.026709	0.126002	0.085529
0.131064	0.206404
0.131074	3.685470
0.154390	0.757029	0.138026	0.706534	0.134940	0.425871	0.138694	2.027005	0.135945	0.086460
0.148007	0.223183
0.120684	3.728553
0.139251	0.751787	0.131409	0.718410	0.134348	0.427228	0.133761	2.022608	0.133881	0.085468
0.153800	0.291856
0.139524	3.317134
0.148045	0.736049	0.152185	0.700226	0.134424	0.425891	0.147655	2.028078	0.143923	0.088305
0.168224	0.244755
0.117149	3.305565
0.135876	0.766407	0.144967	0.723425	0.134719	0.425366	0.139765	2.024317	0.138008	0.085097
0.156295	0.290527
0.127461	3.734568
0.155487	0.750094	0.140433	0.726188	0.135090	0.431413	0.136129	2.031080	0.135339	0.085168
0.151281	0.299795
0.141713	3.257885
0.143884	0.738110	0.133859	0.721657	0.134275	0.426899	0.134077	2.029001	0.141080	0.090109
0.129369	0.224809
0.131920	3.159837
0.136773	0.785980	0.130607	0.709143	0.134721	0.430260	0.125596	2.028825	0.136791	0.087042
0.149855	0.242852
0.130553	3.001172
0.106044	0.761132	0.137358	0.698609	0.134570	0.435464	0.149764	2.034878	0.143206	0.088852
0.163015	0.234266
0.107376	2.683827
0.125050	0.769119	0.133836	0.718142	0.134866	0.427118	0.151716	2.027603	0.132998	0.087643
0.117782	0.214320
0.132815	3.416036
0.144272	0.761989	0.129494	0.713656	0.134422	0.425099	0.138389	2.031582	0.142037	0.084820
0.129591	0.314620
0.130486	3.351669
0.150607	0.779431	0.138244	0.756868	0.133907	0.432024	0.138502	2.028840	0.139754	0.084577
0.146429	0.311845
0.131001	3.055320
0.133780	0.764309	0.133836	0.737604	0.134275	0.434336	0.134241	2.029482	0.146921	0.087501
0.131839	0.349591
0.130114	3.415870
0.131264	0.747658	0.134347	0.686022	0.134204	0.429296	0.140527	2.025974	0.137302	0.086999
0.140000	0.275974
0.131347	3.246623
0.133687	0.761031	0.137291	0.722051	0.134204	0.427625	0.138232	2.023388	0.129928	0.084773
0.140653	0.248572
0.149624	3.317070
0.141124	0.772040	0.142681	0.715635	0.134054	0.428072	0.152649	2.032726	0.137405	0.085770
0.125998	0.287969
0.131865	3.141963
0.129893	0.754907	0.133609	0.696785	0.134128	0.424909	0.130399	2.024968	0.125938	0.085888
0.131095	0.256041
0.131942	2.895675
0.125183	0.770790	0.131854	0.702904	0.134791	0.434114	0.135384	2.023641	0.133993	0.088118
0.161881	0.243828
0.131801	3.541730
0.115108	0.747558	0.131067	0.732044	0.134201	0.430582	0.143927	2.029456	0.151856	0.085301
0.152226	0.258338
0.117946	3.532356
0.149056	0.772635	0.113553	0.722480	0.133323	0.426148	0.129462	2.025142	0.130231	0.086283
0.107999	0.223176
0.131556	3.149460
0.150211	0.751948	0.129049	0.721733	0.134571	0.426096	0.144941	2.021335	0.141088	0.087264
0.148552	0.271545
0.130773	4.139568
0.136885	0.763704	0.137019	0.712836	0.134940	0.426558	0.148557	2.028699	0.136510	0.088411
0.130548	0.276573
0.131211	3.930606
0.134944	0.784089	0.145602	0.693790	0.134867	0.430868	0.142971	2.025937	0.139783	0.086101
0.148315	0.286065
0.131144	3.971408
0.139911	0.765736	0.146602	0.708639	0.134276	0.421202	0.129423	2.030877	0.134199	0.090915
0.125991	0.274826
0.133116	2.709309
0.142658	0.765379	0.148933	0.712347	0.133980	0.430360	0.148928	2.026310	0.133240	0.085104
0.119561	0.282496
0.131138	3.661408
0.128554	0.753611	0.127279	0.728611	0.134793	0.430788	0.142110	2.032303	0.145319	0.088398
0.123099	0.229774
0.107961	3.178398
0.118576	0.790651	0.130241	0.684729	0.133981	0.432672	0.138525	2.024159	0.140078	0.086802
0.152329	0.303192
0.131715	3.787531
0.118376	0.740102	0.147894	0.739747	0.134497	0.421727	0.132278	2.029131	0.138633	0.084397
0.134728	0.328210
0.131001	3.410951
0.135962	0.747535	0.139989	0.706743	0.136128	0.432628	0.128879	2.027563	0.156415	0.088296
0.157514	0.237775
0.128364	3.190204
0.136959	0.767143	0.137645	0.722193	0.133836	0.430508	0.148639	2.021896	0.127650	0.087226
0.158217	0.223011
0.131218	3.239360
0.142312	0.751228	0.094064	0.714929	0.134202	0.436966	0.139824	2.028259	0.158936	0.084575
0.164629	0.322787
0.128724	3.348305
0.115493	0.770202	0.143165	0.689709	0.135088	0.432131	0.136832	2.026436	0.128993	0.086522
0.138827	0.270565
0.131144	2.794475
0.148973	0.770619	0.130867	0.712662	0.134055	0.430392	0.125768	2.024825	0.132837	0.089729
0.128001	0.258227
0.131934	3.267011
0.123921	0.742488	0.139507	0.728172	0.135163	0.432057	0.154612	2.032453	0.134943	0.083950
0.127155	0.234355
0.132667	3.055726
0.122541	0.735611	0.135544	0.728133	0.134718	0.428358	0.130503	2.027493	0.131776	0.087228
0.133094	0.241452
0.117660	3.134745
0.133905	0.757561	0.136207	0.712361	0.133177	0.425191	0.140311	2.025179	0.150371	0.090144
0.157074	0.294812
0.132229	3.615566
0.143252	0.743042	0.136351	0.701813	0.134202	0.433641	0.147058	2.026575	0.138301	0.087035
0.156774	0.292040
0.131657	2.969815
0.140509	0.746391	0.133462	0.694719	0.134793	0.435981	0.139582	2.035404	0.140132	0.088333
0.155665	0.270514
0.131794	3.887576
0.107844	0.760188	0.140445	0.702291	0.134792	0.430810	0.143805	2.029667	0.136744	0.102177
0.143704	0.227090
0.118478	3.979346
0.134865	0.752768	0.132529	0.690571	0.134571	0.436143	0.137150	2.023690	0.134046	0.084961
0.160616	0.329565
0.133323	3.826556
0.126791	0.758216	0.131243	0.711719	0.135087	0.430297	0.128532	2.033555	0.128275	0.085272
0.131860	0.246504
0.132815	2.806727
0.140813	0.784200	0.153281	0.706689	0.133912	0.426066	0.133666	2.019941	0.150932	0.089627
0.149412	0.233416
0.130413	3.605901
0.145341	0.756732	0.133698	0.698890	0.134128	0.435614	0.154511	2.031236	0.113233	0.084922
0.132074	0.227954
0.131920	3.687494
delta = 3.000000, m = 40
0.129642	1.053350	0.142091	0.989663	0.135533	0.464285	0.135054	2.810894	0.128257	0.096044
0.048366	0.292565
0.135998	3.962690
0.131218	1.033845	0.144681	0.978362	0.135162	0.461914	0.144045	2.824978	0.135214	0.096830
0.151327	0.255102
0.130923	3.456442
0.132947	1.059856	0.142370	0.944232	0.134497	0.455073	0.132148	2.811910	0.141337	0.097843
0.141527	0.262669
0.115071	3.796850
0.140846	1.029134	0.139993	0.970029	0.135237	0.454450	0.131066	2.817357	0.130395	0.099386
0.130244	0.270218
0.131355	3.771172
0.133026	1.020604	0.140541	0.980505	0.135089	0.455488	0.137532	2.812907	0.157477	0.095527
0.152972	0.235841
0.117823	3.428508
0.139893	1.012156	0.141993	0.965848	0.134201	0.456621	0.132873	2.808585	0.134042	0.096007
0.156626	0.231364
0.117784	3.979550
0.143118	1.044996	0.137897	0.996040	0.134055	0.454475	0.142512	2.818771	0.133020	0.094213
0.142050	0.303753
0.132743	3.656349
0.138393	1.018593	0.136272	0.966279	0.134866	0.455242	0.155451	2.811540	0.133542	0.093927
0.156136	0.265943
0.127862	3.956915
0.135185	1.037943	0.140290	0.982275	0.134643	0.455423	0.155418	2.807028	0.135283	0.100214
0.154371	0.270623
0.124667	4.172812
0.160226	1.048672	0.145468	0.988214	0.135385	0.460287	0.130480	2.817478	0.129687	0.095601
0.149250	0.242804
0.120360	4.255257
0.143033	1.037296	0.125762	0.990162	0.135015	0.459842	0.130730	2.807950	0.137025	0.096235
0.050927	0.286938
0.132736	4.022724
0.141853	1.058368	0.131449	0.991225	0.134792	0.487368	0.141837	2.825602	0.130244	0.094606
0.136970	0.215403
0.132524	4.038294
0.142839	1.076115	0.142417	0.947784	0.135014	0.456986	0.141459	2.813622	0.151539	0.096613
0.137118	0.249075
0.157896	3.954959
0.140521	1.033235	0.134276	0.951820	0.134793	0.457761	0.131067	2.813108	0.131993	0.098620
0.131629	0.281680
0.130703	3.454078
0.110876	1.055182	0.153046	0.951544	0.135088	0.456311	0.146245	2.812313	0.138449	0.095714
0.151580	0.227467
0.154116	3.837111
0.136517	1.078535	0.131286	0.968946	0.134201	0.451004	0.154920	2.812804	0.133698	0.098333
0.135707	0.296379
0.148947	3.743285
0.147806	1.026398	0.138183	0.984586	0.134792	0.461263	0.132598	2.815126	0.147090	0.096140
0.139829	0.247458
0.158804	4.132259
0.117566	1.041834	0.133244	0.976634	0.134791	0.458902	0.143342	2.817163	0.133618	0.094628
0.156647	0.208527
0.118929	4.025351
0.139325	1.068092	0.140347	0.957572	0.134571	0.463528	0.147337	2.813235	0.141478	0.098274
0.144016	0.282659
0.127579	4.020663
0.136427	1.041166	0.137202	0.960586	0.135162	0.462829	0.142248	2.812107	0.143307	0.096428
0.132679	0.358605
0.153824	3.818020
0.141553	1.058766	0.135230	0.956656	0.135236	0.464019	0.141588	2.817571	0.135389	0.096600
0.144177	0.245172
0.139728	4.388238
0.142734	1.011398	0.142016	0.985635	0.134275	0.455851	0.132740	2.817091	0.141929	0.097922
0.151703	0.260613
0.118232	3.890619
0.143564	1.051538	0.131102	0.984107	0.135088	0.457086	0.139322	2.819101	0.132289	0.094035
0.111119	0.219420
0.123032	3.857572
0.139217	1.073025	0.124665	1.008827	0.135088	0.461509	0.136330	2.820081	0.136755	0.095949
0.128332	0.219155
0.130920	3.475163
0.146633	1.038843	0.136804	0.983847	0.134718	0.462461	0.139590	2.811936	0.147158	0.097301
0.130853	0.305353
0.130184	4.279098
0.126715	1.058751	0.140034	0.982179	0.135385	0.467729	0.145415	2.823248	0.147866	0.100668
0.153084	0.304045
0.104069	3.710516
0.128975	1.043176	0.137184	0.968730	0.135088	0.457840	0.132013	2.805453	0.134075	0.094825
0.151901	0.332675
0.130114	3.692876
0.138536	1.087323	0.147602	0.983440	0.135162	0.458822	0.138524	2.807474	0.129761	0.096858
0.148969	0.302725
0.136950	4.070004
0.135189	1.050757	0.129402	0.979953	0.135385	0.458569	0.137651	2.817724	0.129856	0.102090
0.141039	0.226958
0.132297	3.842707
0.130917	1.032708	0.140583	0.977890	0.134940	0.459551	0.136318	2.807935	0.133316	0.094074
0.139513	0.318435
0.130978	4.333502
0.130857	1.047029	0.139062	0.977417	0.134201	0.456183	0.157234	2.814508	0.130985	0.101225
0.116487	0.246610
0.137031	3.347582
0.137577	1.048871	0.138624	0.955391	0.135162	0.455982	0.142530	2.811880	0.135762	0.094752
0.141438	0.238111
0.131439	3.800326
0.146322	1.085908	0.149476	0.990049	0.135236	0.460641	0.128587	2.807797	0.144312	0.098428
0.134939	0.239833
0.131352	4.249839
0.144675	1.063766	0.144866	0.951824	0.135162	0.463250	0.146009	2.807075	0.141601	0.100546
0.130616	0.372316
0.130326	3.542395
0.143916	1.074389	0.131630	0.974694	0.134867	0.454263	0.136919	2.813495	0.133608	0.094476
0.144012	0.295443
0.130780	3.388337
0.141596	1.060439	0.138567	0.994230	0.134202	0.455857	0.141848	2.816678	0.134120	0.097231
0.150700	0.236016
0.130619	3.703378
0.133418	1.034713	0.136278	0.984167	0.134498	0.460832	0.150481	2.805570	0.132437	0.094306
0.128960	0.324226
0.131715	3.699895
0.135278	1.021064	0.131232	0.944514	0.134571	0.456970	0.132214	2.826280	0.136061	0.094455
0.116949	0.247330
0.131347	4.352949
0.136279	1.059800	0.146422	0.964653	0.135015	0.464681	0.139832	2.813730	0.136576	0.109791
0.156159	0.260864
0.134727	3.702367
0.148143	1.065669	0.134052	0.977816	0.135236	0.452569	0.135682	2.814836	0.130836	0.097792
0.145118	0.262934
0.130972	3.418919
0.143849	1.038575	0.124039	0.961179	0.134793	0.456803	0.134188	2.816656	0.134563	0.096113
0.136527	0.241995
0.120271	3.747442
0.147574	1.028980	0.119949	0.973064	0.134718	0.465405	0.134255	2.807878	0.132007	0.098257
0.163049	0.268792
0.130266	3.988373
0.132788	1.034077	0.135731	0.975214	0.135237	0.460327	0.132644	2.814206	0.137344	0.097964
0.134126	0.392771
0.130914	3.557169
0.143824	1.039706	0.145643	0.954264	0.135459	0.455125	0.130626	2.806361	0.135711	0.096472
0.112207	0.260220
0.131262	3.709421
0.139494	1.043209	0.146111	0.968016	0.134866	0.456150	0.141746	2.817254	0.135310	0.096309
0.161365	0.274622
0.130917	4.058719
0.142711	1.032209	0.131428	0.967522	0.134128	0.454805	0.135088	2.808841	0.138253	0.098300
0.133688	0.302760
0.128076	3.817871
0.135831	1.063558	0.137367	0.961514	0.135162	0.456314	0.146423	2.815300	0.133535	0.097970
0.148850	0.332470
0.131791	4.119355
0.126363	1.024484	0.135772	0.976359	0.134201	0.462620	0.137677	2.808033	0.137660	0.098201
0.137953	0.264385
0.131141	3.956652
0.123762	1.048940	0.133475	0.969772	0.134349	0.464536	0.143563	2.816644	0.137121	0.098328
0.125643	0.255608
0.129822	4.441204
0.133340	1.064205	0.133871	0.958214	0.135088	0.452147	0.133462	2.812385	0.135385	0.097098
0.152082	0.266706
0.139636	3.841552
delta = 3.000000, m = 50
0.131277	1.338520	0.135096	1.221144	0.135088	0.500267	0.128941	3.950508	0.129526	0.111401
0.144798	0.272100
0.130983	4.248535
0.146205	1.336800	0.133388	1.213871	0.135385	0.501631	0.138232	3.953233	0.130105	0.113250
0.125991	0.229458
0.130203	4.676290
0.124993	1.329293	0.135723	1.223663	0.134793	0.538172	0.137708	3.932345	0.142148	0.121721
0.158974	0.284070
0.130245	4.478523
0.142214	1.347019	0.150701	1.227606	0.135237	0.505110	0.142862	3.944578	0.133903	0.108917
0.050022	0.261520
0.127788	5.000151
0.152083	1.327477	0.138654	1.260467	0.134645	0.499273	0.146044	3.950357	0.133710	0.112564
0.142049	0.306736
0.129162	4.248903
0.138030	1.360587	0.137421	1.230171	0.135459	0.508703	0.132291	3.946150	0.130761	0.110897
0.136211	0.249552
0.161035	3.883866
0.143064	1.337029	0.133241	1.211047	0.135237	0.496527	0.137787	3.955411	0.136724	0.110158
0.140876	0.267366
0.134239	3.699291
0.136911	1.337926	0.138756	1.227573	0.135162	0.500011	0.137024	3.954831	0.142802	0.111599
0.136665	0.290704
0.129235	4.491539
0.134771	1.398467	0.156351	1.204620	0.135459	0.504987	0.128285	3.947013	0.131555	0.120316
0.164609	0.250716
0.131064	4.670294
0.136147	1.357054	0.140115	1.229231	0.135089	0.496301	0.139998	3.948993	0.135548	0.110861
0.138091	0.268370
0.130703	4.533436
0.135171	1.367118	0.136980	1.244079	0.135237	0.501016	0.137852	3.952886	0.131701	0.109147
0.126819	0.246676
0.132068	4.550178
0.139065	1.318769	0.139068	1.255970	0.135310	0.499889	0.143980	3.975767	0.130641	0.114263
0.126301	0.301812
0.162902	4.015397
0.135169	1.363693	0.136580	1.240953	0.135013	0.498871	0.150374	3.958398	0.134275	0.114222
0.133631	0.263251
0.132806	4.487953
0.123864	1.348559	0.138441	1.225478	0.134939	0.498034	0.134718	3.948257	0.135906	0.109814
0.157342	0.307634
0.125914	4.233952
0.131963	1.338328	0.145240	1.264223	0.135459	0.501854	0.131189	3.944573	0.132947	0.114324
0.140426	0.304339
0.129611	4.825378
0.135123	1.357024	0.124726	1.266432	0.134867	0.501062	0.140188	3.946522	0.133242	0.112116
0.152195	0.285941
0.133096	4.331663
0.139686	1.341503	0.125176	1.235223	0.135088	0.501534	0.142362	3.952209	0.137524	0.109296
0.141668	0.280821
0.129976	4.273083
0.132289	1.362731	0.132757	1.187120	0.135014	0.507785	0.133461	3.952527	0.130973	0.109713
0.139828	0.275744
0.126642	4.671440
0.150801	1.348512	0.149157	1.225700	0.134275	0.504172	0.138637	3.942132	0.136289	0.111753
0.154723	0.258029
0.130489	3.918213
0.133610	1.328843	0.134879	1.250913	0.135607	0.505956	0.138191	3.957805	0.132628	0.114848
0.132357	0.261479
0.162764	4.422127
0.137507	1.384314	0.138019	1.245207	0.135236	0.494295	0.140748	3.950154	0.130754	0.110236
0.140717	0.295598
0.138808	4.378802
0.133171	1.367301	0.124560	1.263057	0.134866	0.499965	0.134006	3.958391	0.134140	0.111283
0.146470	0.248524
0.154353	4.420626
0.137834	1.338001	0.137210	1.185042	0.135015	0.499876	0.147077	3.945008	0.135050	0.113311
0.138725	0.310332
0.151307	4.228103
0.136430	1.316910	0.149189	1.196176	0.135014	0.499249	0.131713	3.945155	0.136596	0.108629
0.137347	0.296188
0.126430	4.260253
0.132804	1.327995	0.149562	1.198368	0.135237	0.501090	0.142214	3.953522	0.135459	0.112932
0.155835	0.255701
0.119685	4.444880
0.134568	1.326115	0.142091	1.221591	0.135014	0.501920	0.141271	3.950805	0.146031	0.114676
0.169389	0.320079
0.132226	3.905139
0.138613	1.357959	0.137270	1.227736	0.135013	0.504976	0.130026	3.942859	0.137264	0.121725
0.139971	0.303493
0.136099	4.349674
0.146329	1.355170	0.141729	1.248014	0.135089	0.500955	0.133540	3.946669	0.133840	0.114167
0.150574	0.318036
0.167506	4.714878
0.144603	1.326435	0.139102	1.186818	0.135015	0.498421	0.141969	3.946181	0.136650	0.114171
0.158936	0.317802
0.123705	3.816258
0.140202	1.388367	0.136041	1.228688	0.135162	0.506257	0.134717	3.953731	0.140873	0.111394
0.154767	0.361252
0.157014	4.206561
0.136003	1.353802	0.139833	1.234651	0.135533	0.511080	0.137155	3.959457	0.131653	0.108453
0.136197	0.349835
0.131931	4.612784
0.132946	1.357990	0.133314	1.219279	0.134940	0.502726	0.134206	3.942609	0.137404	0.114973
0.133299	0.241000
0.130768	4.510759
0.131921	1.332024	0.132071	1.242560	0.134940	0.498620	0.142871	3.948552	0.133542	0.113920
0.146242	0.306448
0.140652	4.584896
0.140759	1.348299	0.135711	1.224656	0.135385	0.501742	0.138108	3.948276	0.132141	0.114485
0.141378	0.311314
0.154245	3.808161
0.155527	1.361290	0.138376	1.231944	0.135237	0.496338	0.130496	3.953245	0.144533	0.111650
0.135219	0.241613
0.130988	4.342302
0.129883	1.382742	0.137313	1.215361	0.135756	0.501203	0.140615	3.956914	0.137255	0.112478
0.135589	0.254355
0.153854	4.609332
0.147325	1.367355	0.143691	1.241285	0.135385	0.506668	0.139220	3.947432	0.135187	0.118873
0.144162	0.231862
0.153520	4.593937
0.133832	1.367338	0.157389	1.256899	0.135237	0.499152	0.149871	3.955550	0.131481	0.114756
0.141538	0.305831
0.124170	4.752582
0.126815	1.344241	0.142615	1.229543	0.135384	0.504715	0.132654	3.953785	0.136426	0.111965
0.136004	0.272319
0.130861	4.089704
0.146709	1.361605	0.133092	1.265854	0.134867	0.498213	0.136670	3.953327	0.135310	0.110348
0.159231	0.254251
0.132148	4.907671
0.135050	1.327430	0.140695	1.241245	0.134718	0.500109	0.133204	3.954771	0.135821	0.113866
0.140078	0.244985
0.161964	4.235198
0.130739	1.347161	0.137927	1.211434	0.134718	0.503694	0.135310	3.941574	0.133761	0.117257
0.139418	0.249578
0.132667	4.120353
0.139495	1.370608	0.135090	1.240172	0.135015	0.502745	0.133461	3.944700	0.136141	0.113964
0.142562	0.302799
0.132664	3.815615
0.137323	1.371311	0.135996	1.233661	0.135385	0.531122	0.135756	3.941976	0.149935	0.110207
0.142806	0.233032
0.153502	4.459904
0.135613	1.339434	0.144981	1.237938	0.135237	0.497799	0.139844	3.961544	0.133609	0.109609
0.142419	0.237560
0.130633	4.971609
0.137887	1.380417	0.136910	1.255254	0.135014	0.506651	0.133831	3.950579	0.130031	0.109895
0.133986	0.265174
0.132736	4.464496
0.142940	1.369464	0.140706	1.236032	0.135830	0.506999	0.125073	3.946161	0.135830	0.109433
0.146613	0.290808
0.137821	3.795191
0.145732	1.318979	0.135610	1.191878	0.135310	0.504356	0.138023	3.956578	0.136287	0.112721
0.085219	0.255646
0.157516	4.384827
0.144685	1.312005	0.155797	1.263351	0.134866	0.506700	0.135681	3.939981	0.145540	0.116082
0.129249	0.286661
0.126072	4.825338
0.138725	1.326450	0.139272	1.210994	0.135681	0.496017	0.141584	3.945792	0.133903	0.110136
0.161700	0.290453
0.131936	4.521013
delta = 3.000000, m = 60
0.136804	1.680532	0.148243	1.488606	0.134940	0.539296	0.140908	4.940077	0.133095	0.122983
0.141968	0.273007
0.129744	5.132950
0.140128	1.670556	0.135619	1.509642	0.135088	0.524907	0.144413	4.942791	0.136414	0.126413
0.142961	0.253660
0.132220	4.470442
0.150640	1.644406	0.131117	1.494648	0.135162	0.535029	0.134125	4.948746	0.131482	0.120269
0.136378	0.273429
0.131193	4.655466
0.136128	1.649778	0.136442	1.477609	0.135236	0.539555	0.129751	4.946019	0.137853	0.132126
0.129871	0.298127
0.125218	4.263757
0.136804	1.707180	0.147099	1.496697	0.135088	0.532132	0.144333	4.947278	0.135106	0.124742
0.136150	0.262768
0.129824	4.780546
0.134142	1.638251	0.131647	1.500554	0.134498	0.527304	0.136076	4.936093	0.149517	0.125137
0.134421	0.368304
0.130407	4.027401
0.135693	1.652729	0.141328	1.473890	0.135236	0.531924	0.129453	4.927293	0.137694	0.121489
0.146918	0.385899
0.125858	4.580248
0.131847	1.665048	0.144035	1.505417	0.134939	0.533007	0.140347	4.941710	0.134665	0.122819
0.121297	0.294564
0.124722	5.349272
0.133975	1.641811	0.136234	1.512669	0.135384	0.532829	0.136950	4.943361	0.137847	0.121271
0.139696	0.295951
0.131347	4.595441
0.155893	1.682358	0.134452	1.473024	0.135310	0.539254	0.138683	4.942710	0.134423	0.122967
0.102327	0.279350
0.118424	5.340909
0.142850	1.682598	0.142510	1.494471	0.134940	0.531242	0.134717	4.945349	0.137397	0.123790
0.124447	0.240208
0.129462	4.615080
0.134552	1.676650	0.134652	1.481464	0.135682	0.538619	0.133999	4.937064	0.136799	0.123751
0.136808	0.264780
0.132293	4.886717
0.138076	1.681285	0.147609	1.503859	0.135385	0.525686	0.138755	4.945746	0.135013	0.121685
0.168603	0.275567
0.127000	4.531373
0.142068	1.665584	0.135248	1.506439	0.135533	0.529813	0.135461	4.940777	0.136654	0.121525
0.130902	0.294049
0.130350	4.883977
0.134310	1.636360	0.150013	1.515753	0.135237	0.529708	0.138730	4.937790	0.136335	0.125062
0.133027	0.231193
0.129668	5.462269
0.135831	1.688627	0.144038	1.472842	0.135013	0.537201	0.140306	4.933525	0.131054	0.127979
0.129325	0.301104
0.119297	5.425308
0.130536	1.646815	0.146096	1.519241	0.135162	0.531686	0.131701	4.945759	0.133111	0.119615
0.133994	0.283156
0.115202	5.126747
0.134573	1.684847	0.135870	1.490815	0.135385	0.546551	0.137473	4.939437	0.135757	0.119174
0.126203	0.274059
0.160205	5.504098
0.142725	1.684700	0.145411	1.496088	0.135310	0.535322	0.138611	4.934216	0.135607	0.123509
0.133315	0.278615
0.130985	5.219052
0.142807	1.670756	0.139615	1.504787	0.135015	0.533452	0.129592	4.940266	0.136227	0.119070
0.136166	0.264259
0.161779	4.373449
0.140748	1.688203	0.130028	1.485390	0.135014	0.528590	0.138891	4.944086	0.131852	0.122723
0.103404	0.287355
0.128677	4.805303
0.137437	1.716464	0.137110	1.525929	0.135681	0.530297	0.137323	4.940411	0.132001	0.125200
0.134869	0.260776
0.131141	5.090316
0.142828	1.664077	0.133764	1.508996	0.135310	0.537812	0.136964	4.933037	0.133978	0.121743
0.127431	0.269710
0.156829	5.132498
0.133316	1.660034	0.134013	1.491767	0.135014	0.531604	0.133686	4.937188	0.133941	0.122678
0.141975	0.247743
0.135205	5.010928
0.139373	1.685911	0.139676	1.491451	0.134940	0.529005	0.149916	4.935845	0.133094	0.122728
0.137848	0.307263
0.131570	6.095782
0.136437	1.696320	0.144746	1.469303	0.135682	0.525764	0.136514	4.939339	0.132245	0.125655
0.152023	0.328974
0.131125	5.569543
0.135463	1.675069	0.134797	1.519594	0.135310	0.530582	0.130036	4.943271	0.129740	0.123760
0.139812	0.307752
0.135873	4.669688
0.132655	1.671149	0.134274	1.489853	0.135756	0.539212	0.144579	4.940875	0.141193	0.119863
0.143524	0.303265
0.129455	5.317722
0.146415	1.657934	0.138879	1.543041	0.135607	0.546093	0.132657	4.941079	0.137973	0.121803
0.133891	0.355316
0.106156	4.840610
0.151227	1.699645	0.132802	1.495160	0.135088	0.537718	0.133176	4.935836	0.134422	0.120283
0.135443	0.270968
0.127577	4.901845
0.123857	1.726303	0.135087	1.538464	0.135607	0.539744	0.138043	4.946751	0.133392	0.123216
0.106344	0.336052
0.130397	5.748920
0.140417	1.696623	0.145374	1.492795	0.135162	0.539560	0.134494	4.933430	0.137033	0.120435
0.139458	0.237537
0.130043	4.910157
0.152964	1.669162	0.136056	1.517813	0.135087	0.535128	0.134498	4.944724	0.137389	0.122702
0.142347	0.362081
0.120292	4.989624
0.129958	1.718744	0.132301	1.535327	0.135385	0.534637	0.135262	4.933063	0.135413	0.126321
0.129427	0.277135
0.130043	4.848793
0.141634	1.706936	0.134127	1.530367	0.135236	0.530999	0.137250	4.947494	0.141762	0.121718
0.145918	0.269776
0.130470	4.621711
0.133281	1.722427	0.134273	1.514602	0.135459	0.525870	0.134646	4.938744	0.134130	0.122479
0.135988	0.253250
0.119028	4.815268
0.132799	1.678605	0.137025	1.503814	0.135236	0.534297	0.138631	4.926020	0.141814	0.126301
0.130904	0.261694
0.127145	5.082778
0.143020	1.670708	0.137878	1.524066	0.135607	0.535197	0.134274	4.922303	0.136055	0.124720
0.140939	0.277308
0.154671	4.763668
0.128582	1.679542	0.135403	1.505638	0.134940	0.534989	0.136203	4.952784	0.133844	0.123703
0.143840	0.268558
0.130559	5.387833
0.135912	1.646239	0.137100	1.479255	0.135087	0.531073	0.154724	4.933816	0.134570	0.122114
0.128436	0.282117
0.129968	4.757575
0.129776	1.656358	0.134580	1.552314	0.134940	0.528579	0.142806	4.940937	0.132360	0.125942
0.146879	0.303383
0.128444	4.804265
0.132016	1.680498	0.135393	1.488231	0.134940	0.533744	0.135979	4.942174	0.136501	0.123474
0.139581	0.351605
0.129451	4.562975
0.154709	1.666533	0.134274	1.493853	0.135459	0.526173	0.135024	4.950350	0.134495	0.125464
0.140010	0.296022
0.162921	5.033905
0.132162	1.715032	0.135905	1.501520	0.135015	0.530371	0.135838	4.936246	0.135490	0.123761
0.136093	0.312695
0.127855	4.410261
0.132604	1.644796	0.156940	1.493166	0.135386	0.526407	0.134644	4.926978	0.135756	0.119776
0.147587	0.324155
0.129027	5.005758
0.134787	1.666506	0.136230	1.488260	0.134940	0.531194	0.132579	4.950892	0.139060	0.124167
0.129667	0.268385
0.130703	4.786350
0.138085	1.643499	0.138861	1.513625	0.135088	0.525407	0.136501	4.927620	0.134875	0.121185
0.140831	0.265719
0.118349	4.988651
0.133317	1.664733	0.133093	1.450654	0.135458	0.531036	0.135986	4.936127	0.135533	0.120927
0.159085	0.315733
0.127718	5.158337
0.128881	1.663150	0.147286	1.505875	0.135236	0.532439	0.134199	4.932548	0.138143	0.120869
0.162168	0.313056
0.129754	5.192601
0.146455	1.680393	0.136984	1.512051	0.135533	0.532751	0.136727	4.950189	0.135533	0.124583
0.129477	0.288713
0.129814	4.354128
delta = 3.000000, m = 70
0.144772	2.032196	0.142781	1.766695	0.135013	0.580355	0.134501	6.724793	0.136430	0.139311
0.129385	0.299026
0.130630	4.860490
0.136998	2.054398	0.141133	1.788183	0.135384	0.583748	0.134865	6.732045	0.138846	0.144074
0.121025	0.296237
0.150745	5.478884
0.139097	2.043160	0.134569	1.761551	0.135014	0.577269	0.138524	6.708881	0.133256	0.142727
0.131875	0.259957
0.119111	5.022715
0.150247	2.043242	0.139010	1.769789	0.135384	0.577005	0.134646	6.716551	0.137936	0.140329
0.136887	0.238473
0.124419	4.974357
0.139023	2.031677	0.146515	1.748409	0.135384	0.581608	0.136883	6.736568	0.132142	0.141908
0.134958	0.266861
0.118544	5.525505
0.136552	1.999745	0.139724	1.735247	0.135459	0.581653	0.140942	6.706651	0.134569	0.140382
0.134571	0.264556
0.155846	5.718799
0.138563	1.948552	0.136357	1.805552	0.135384	0.578525	0.131423	6.744206	0.133546	0.142910
0.105386	0.255820
0.133705	4.611600
0.132088	2.046464	0.137284	1.761059	0.135310	0.576865	0.138587	6.732233	0.139230	0.146003
0.137878	0.286086
0.131214	5.142771
0.131924	2.028897	0.133915	1.784116	0.135384	0.585587	0.140227	6.800654	0.133683	0.139039
0.137478	0.285399
0.158974	5.362027
0.131922	1.981186	0.139242	1.736457	0.135533	0.581170	0.135314	6.709773	0.131920	0.140056
0.134086	0.322856
0.129450	4.888851
0.135935	1.987861	0.141029	1.785441	0.135162	0.560256	0.135161	7.031247	0.137867	0.142114
0.035260	0.282901
0.129530	5.377213
0.131161	2.002717	0.140518	1.805444	0.135534	0.575671	0.132819	6.731035	0.135310	0.138942
0.137910	0.297217
0.120757	4.641618
0.133979	2.025574	0.135469	1.768018	0.135087	0.576468	0.137659	6.737659	0.133907	0.143942
0.131343	0.260623
0.123524	4.961397
0.132016	2.016264	0.144853	1.809420	0.135607	0.580614	0.137923	6.717407	0.137031	0.140165
0.088567	0.286925
0.124727	4.705383
0.154110	2.070524	0.138703	1.787839	0.135607	0.581961	0.132287	6.702401	0.134201	0.143190
0.143896	0.274902
0.129676	5.943771
0.142689	1.990596	0.138451	1.775321	0.135310	0.585675	0.134721	6.730777	0.139442	0.140454
0.143009	0.320540
0.136199	5.184919
0.132662	1.989988	0.138840	1.807787	0.134940	0.579628	0.131801	6.748934	0.131847	0.140864
0.141347	0.284994
0.126428	4.936877
0.139926	2.026053	0.135988	1.773101	0.135236	0.580241	0.143844	6.735229	0.132875	0.140218
0.135236	0.321380
0.129232	5.134868
0.137080	1.954481	0.132753	1.759666	0.135088	0.578142	0.136653	6.735595	0.139028	0.143374
0.121186	0.334415
0.144656	4.896673
0.138280	2.037081	0.137210	1.796042	0.135236	0.579829	0.132005	6.721832	0.135088	0.141995
0.146334	0.340850
0.129809	5.600025
0.136511	1.986144	0.144451	1.775092	0.135161	0.581342	0.135458	6.708679	0.132506	0.139127
0.137332	0.292537
0.130266	5.200805
0.134362	2.022835	0.135087	1.794477	0.135385	0.580905	0.135096	6.734852	0.135988	0.143412
0.136874	0.290652
0.130626	6.219332
0.140970	1.997963	0.136993	1.779896	0.135458	0.578208	0.136283	6.742667	0.135904	0.139954
0.142343	0.303892
0.135363	5.467841
0.140302	2.007212	0.133830	1.809465	0.135681	0.577414	0.132874	6.831590	0.134273	0.139289
0.111978	0.282706
0.154064	5.020767
0.147952	2.038784	0.138910	1.801841	0.135607	0.580555	0.133977	6.743533	0.136430	0.152331
0.155331	0.329120
0.132016	5.417783
0.138572	1.992902	0.135957	1.727719	0.135532	0.583132	0.133172	6.728016	0.133095	0.141611
0.130981	0.257038
0.132732	4.838475
0.142128	1.998791	0.141335	1.786432	0.135459	0.591366	0.135020	6.781643	0.130899	0.142526
0.116911	0.294978
0.131777	5.281975
0.136879	2.075317	0.137173	1.755000	0.135310	0.579793	0.140461	6.708219	0.136129	0.140476
0.148703	0.327634
0.129166	4.974174
0.136741	1.963810	0.134721	1.766282	0.134940	0.581077	0.138985	6.754905	0.132140	0.141793
0.145979	0.313928
0.129833	5.556357
0.132962	1.995431	0.132584	1.811036	0.135310	0.581607	0.136876	6.745632	0.141341	0.151347
0.140982	0.263341
0.146501	5.371979
0.137874	1.997673	0.134645	1.746988	0.135607	0.583539	0.140126	6.738278	0.134642	0.142482
0.162273	0.279027
0.126214	5.690302
0.143351	1.984796	0.137774	1.773915	0.135756	0.583338	0.135235	6.729915	0.136575	0.141668
0.132111	0.239607
0.137505	4.816828
0.137267	2.018691	0.134806	1.769817	0.135385	0.577285	0.132299	6.693726	0.141983	0.148562
0.140324	0.284579
0.158748	5.443219
0.143147	2.009706	0.133836	1.747688	0.135237	0.585172	0.137331	6.747453	0.131738	0.145068
0.136513	0.292057
0.130991	6.007215
0.135848	1.996844	0.136277	1.790100	0.135607	0.585121	0.137480	6.733166	0.135607	0.139222
0.163557	0.295302
0.127145	5.034178
0.136811	2.023270	0.142526	1.781786	0.135014	0.577431	0.132139	6.740007	0.133909	0.144703
0.100502	0.272846
0.130324	4.957226
0.128587	2.012933	0.135467	1.832849	0.135607	0.587159	0.133469	6.721575	0.131350	0.145468
0.134245	0.264906
0.132865	5.349883
0.132860	2.021789	0.134718	1.764527	0.135162	0.575252	0.137928	6.731729	0.138083	0.173696
0.046713	0.271060
0.130757	5.111431
0.137324	2.007776	0.132873	1.822138	0.135533	0.580954	0.138524	6.769351	0.134424	0.143077
0.134484	0.254694
0.118802	5.364246
0.146253	2.015060	0.134864	1.786885	0.135310	0.577451	0.134439	6.719549	0.132876	0.149945
0.145566	0.284777
0.130535	4.769374
0.134424	2.019216	0.139973	1.759021	0.135458	0.578918	0.134871	6.752183	0.137701	0.142077
0.143519	0.311103
0.131056	5.327753
0.136283	2.025080	0.136054	1.793906	0.135162	0.575073	0.142311	6.718219	0.137173	0.139578
0.136176	0.285473
0.129742	5.539652
0.136808	1.988446	0.133695	1.785544	0.135015	0.574110	0.137547	6.739861	0.134939	0.140164
0.158732	0.386736
0.161346	5.566020
0.135684	2.007847	0.134684	1.797551	0.135681	0.583269	0.141423	6.710371	0.134421	0.140269
0.135894	0.264070
0.120199	4.806074
0.138480	2.033847	0.132212	1.811158	0.135830	0.584253	0.139972	6.712170	0.137704	0.142485
0.130049	0.369014
0.130038	5.493204
0.137710	2.040816	0.138622	1.779324	0.135533	0.577818	0.135979	6.702367	0.134422	0.145442
0.022220	0.266590
0.128096	5.148380
0.133979	2.008888	0.135536	1.740073	0.135682	0.570781	0.133144	6.724027	0.136603	0.144223
0.135750	0.297061
0.132581	5.563196
0.139159	1.988225	0.141150	1.792229	0.135310	0.587595	0.133757	6.730121	0.134794	0.143270
0.132833	0.282943
0.129970	4.981851
0.137115	2.018784	0.135541	1.777380	0.135236	0.578825	0.131701	6.726047	0.132799	0.148139
0.126399	0.388261
0.128729	4.757150
0.135371	1.975307	0.140471	1.752576	0.135458	0.576070	0.134051	6.736358	0.132226	0.143011
0.138403	0.357161
0.123466	5.482392
delta = 3.000000, m = 80
0.137415	2.388286	0.143841	2.068309	0.135384	0.606956	0.138828	7.970503	0.136256	0.154044
0.100440	0.293162
0.131560	5.806933
0.141947	2.406306	0.143321	2.054647	0.135607	0.602385	0.134792	7.947005	0.132672	0.153899
0.132878	0.279270
0.136495	5.534555
0.134479	2.356179	0.135908	2.088201	0.135310	0.614614	0.133831	7.958972	0.134347	0.155124
0.153247	0.281068
0.129103	5.251975
0.149627	2.353798	0.134948	2.048421	0.135385	0.619110	0.135756	7.954000	0.132946	0.154284
0.139295	0.301020
0.131936	5.408927
0.131302	2.370861	0.134727	2.079936	0.135533	0.608791	0.133481	7.948019	0.138484	0.156290
0.101430	0.290039
0.130621	5.182386
0.141150	2.361017	0.139765	2.056996	0.135161	0.621618	0.132946	7.946277	0.138980	0.154366
0.028253	0.305468
0.130624	5.683183
0.137446	2.347081	0.136837	2.083373	0.135607	0.618978	0.136053	7.950547	0.134057	0.153285
0.141526	0.314078
0.129676	5.493922
0.141840	2.335310	0.132728	2.006452	0.135681	0.610754	0.135384	7.914746	0.134646	0.156717
0.132411	0.280462
0.133300	5.443227
0.141206	2.323286	0.135979	2.102825	0.135236	0.606619	0.132726	8.073997	0.135607	0.155442
0.011722	0.281440
0.125160	5.726885
0.141098	2.347696	0.138924	2.055146	0.135385	0.606598	0.132443	7.965701	0.138625	0.153331
0.133166	0.278717
0.134776	5.679628
0.137178	2.384451	0.139960	2.068695	0.135384	0.608086	0.135459	8.042276	0.132880	0.151353
0.156531	0.289431
0.131135	5.338995
0.134211	2.361951	0.135759	2.059571	0.135756	0.614260	0.135536	7.934910	0.134573	0.163925
0.157611	0.295633
0.131052	5.617660
0.137099	2.336295	0.141606	2.054022	0.134866	0.619909	0.135089	7.947313	0.139607	0.155926
0.141947	0.326188
0.123917	5.457516
0.126296	2.382802	0.141461	2.076098	0.135384	0.614252	0.135237	7.937955	0.130253	0.152805
0.143961	0.281947
0.131052	5.261317
0.137706	2.348685	0.138297	2.072346	0.135459	0.619164	0.138904	7.942388	0.132286	0.158584
0.139058	0.288111
0.128509	6.455081
0.135310	2.376947	0.132732	2.075536	0.135013	0.673227	0.139421	8.193367	0.130771	0.162595
0.156064	0.289243
0.127430	5.502269
0.133166	2.462066	0.139018	2.197583	0.135385	0.635885	0.136653	8.230995	0.133167	0.167495
0.127545	0.268451
0.129095	5.693944
0.138322	2.441858	0.135905	2.130039	0.135015	0.645603	0.135088	8.140154	0.136133	0.156966
0.154092	0.348786
0.128084	5.643805
0.135163	2.425298	0.129668	2.144363	0.135162	0.642965	0.134724	8.074871	0.134939	0.156650
0.116693	0.309332
0.128148	6.172049
0.142386	2.449299	0.139367	2.159678	0.135385	0.640157	0.136501	8.071033	0.134142	0.162022
0.111271	0.275121
0.130902	5.768626
0.134797	2.479269	0.135312	2.153361	0.135681	0.641051	0.138003	8.020683	0.134494	0.160494
0.103051	0.298032
0.119964	5.932460
0.136739	2.459071	0.141784	2.185213	0.135682	0.658987	0.137706	8.116043	0.136361	0.156740
0.112287	0.338804
0.117939	7.193387
0.144226	2.467414	0.133503	2.151806	0.134939	0.634798	0.132806	8.056337	0.132286	0.158324
0.137915	0.316162
0.131644	5.278986
0.132449	2.434271	0.135384	2.188996	0.135013	0.640364	0.134276	8.019309	0.132727	0.157880
0.155558	0.281553
0.127145	5.833014
0.136890	2.470187	0.140082	2.116284	0.135384	0.636099	0.139769	8.071819	0.134722	0.163314
0.133829	0.353975
0.125936	6.132757
0.142839	2.489246	0.142287	2.140984	0.135532	0.641487	0.133978	8.017254	0.134867	0.156692
0.135838	0.311393
0.131490	5.565239
0.137641	2.505084	0.134643	2.161505	0.135459	0.635632	0.136502	8.070265	0.130759	0.157052
0.131078	0.319727
0.130026	5.308395
0.140500	2.479101	0.135704	2.124558	0.135087	0.632004	0.138314	8.032251	0.133393	0.157001
0.120269	0.259517
0.130399	5.035411
0.133461	2.422233	0.138756	2.124467	0.135015	0.642209	0.134501	8.032225	0.135017	0.168827
0.131651	0.386607
0.130394	5.545630
0.139446	2.429626	0.134643	2.187800	0.135681	0.640179	0.135838	8.049763	0.137702	0.160963
0.137338	0.285462
0.132764	6.353648
0.142290	2.469356	0.133317	2.162307	0.135459	0.646479	0.133101	8.045179	0.136803	0.166014
0.137176	0.362391
0.131355	6.054558
0.134645	2.431441	0.142566	2.139400	0.135459	0.633602	0.131993	8.005997	0.132728	0.161120
0.133108	0.295464
0.160435	7.357610
0.131192	2.433133	0.133756	2.149373	0.135384	0.640925	0.133392	8.036247	0.134942	0.158077
0.135461	0.286361
0.121193	7.149608
0.150184	2.461460	0.142036	2.170767	0.135459	0.641323	0.135462	8.021108	0.132726	0.159465
0.133761	0.268791
0.117967	6.011672
0.132212	2.493935	0.142981	2.159206	0.135013	0.647788	0.144104	8.036807	0.135836	0.159316
0.117704	0.333082
0.149033	5.755783
0.147115	2.423711	0.137401	2.163331	0.135162	0.647465	0.130752	8.077357	0.136054	0.156852
0.149944	0.326500
0.129678	6.033319
0.138069	2.437282	0.143719	2.156000	0.135162	0.639725	0.134940	8.133441	0.136054	0.158401
0.133379	0.258475
0.129394	6.751143
0.141306	2.423255	0.134204	2.143625	0.135681	0.634114	0.133685	8.097201	0.137561	0.163586
0.144798	0.291717
0.129897	5.959794
0.140511	2.401878	0.140327	2.152792	0.135459	0.643955	0.138083	8.020774	0.135310	0.159952
0.130838	0.292247
0.126428	5.991227
0.138168	2.463979	0.135465	2.154335	0.135087	0.640457	0.134794	8.054412	0.134425	0.161819
0.094333	0.263661
0.135414	5.242509
0.133675	2.454655	0.132760	2.169081	0.135384	0.636260	0.136586	8.061819	0.135761	0.159291
0.164651	0.303542
0.132231	5.938438
0.138004	2.501181	0.140147	2.155972	0.135162	0.636900	0.134202	8.025902	0.135835	0.165225
0.161502	0.370779
0.129910	5.822642
0.136575	2.488968	0.137138	2.157392	0.135532	0.638058	0.133240	8.033278	0.130760	0.162240
0.133235	0.314336
0.124450	6.301327
0.140067	2.487667	0.134494	2.179284	0.135533	0.638881	0.133464	8.015095	0.132815	0.159595
0.095431	0.332219
0.129816	5.704036
0.130228	2.449613	0.135014	2.191362	0.135384	0.636216	0.138154	8.066910	0.136426	0.158207
0.134672	0.333445
0.137601	6.242298
0.135389	2.438471	0.138389	2.172019	0.135311	0.647382	0.137852	8.057966	0.136805	0.191934
0.150523	0.286157
0.131994	6.032372
0.127596	2.415101	0.135343	2.139565	0.135458	0.639278	0.132881	8.078923	0.140264	0.164618
0.136206	0.386658
0.129455	5.827443
0.136734	2.466785	0.132878	2.174452	0.135310	0.636136	0.141559	8.038154	0.134644	0.162614
0.138809	0.351671
0.137309	5.387355
0.145611	2.555483	0.141328	2.179484	0.135310	0.654356	0.133757	8.099741	0.134643	0.191124
0.147655	0.339358
0.133673	5.749548
0.144889	2.450792	0.130322	2.147120	0.135385	0.636448	0.135162	8.021004	0.135979	0.163345
0.146490	0.267653
0.131132	5.955927
delta = 3.000000, m = 90
0.133847	2.812276	0.140960	2.482558	0.135310	0.691984	0.138392	10.553639	0.136062	0.179956
0.134072	0.297679
0.155205	5.827596
0.135166	2.790346	0.137224	2.443169	0.135237	0.690106	0.134349	10.752209	0.135609	0.225989
0.133332	0.308660
0.129382	6.210232
0.137425	2.798701	0.134420	2.492763	0.135162	0.684675	0.138451	10.459196	0.134199	0.182830
0.141827	0.291069
0.130333	6.574283
0.140576	2.854911	0.140551	2.492419	0.135088	0.700727	0.133630	10.406985	0.137041	0.184812
0.163079	0.335574
0.131573	5.813119
0.141362	2.899641	0.139857	2.499344	0.135161	0.698215	0.136755	10.595651	0.134436	0.185338
0.154595	0.338065
0.132148	6.127722
0.137555	2.802374	0.140401	2.447476	0.135459	0.696186	0.133685	10.849995	0.134865	0.223391
0.144384	0.347253
0.130553	6.319411
0.136079	2.880129	0.135715	2.516793	0.135459	0.692397	0.133099	10.473726	0.136278	0.183375
0.147866	0.348204
0.131191	6.171468
0.134200	2.840965	0.139615	2.453348	0.135607	0.694484	0.137323	10.466441	0.134718	0.182945
0.152040	0.325656
0.131561	6.576894
0.141684	2.840392	0.142111	2.455109	0.135310	0.722039	0.131705	10.576858	0.135830	0.180897
0.135088	0.300192
0.129670	7.041918
0.144248	2.848311	0.138047	2.446179	0.135533	0.693524	0.136205	10.566891	0.135088	0.181420
0.098445	0.290791
0.147970	6.118558
0.137344	2.855873	0.134056	2.466908	0.135533	0.692624	0.135163	10.461655	0.136875	0.182789
0.145813	0.506342
0.131285	6.122253
0.140054	2.803538	0.136977	2.506725	0.135681	0.686330	0.133026	10.460234	0.132374	0.180169
0.034713	0.324322
0.129544	6.501621
0.134839	2.842755	0.141386	2.492917	0.135384	0.686890	0.134422	10.455549	0.139285	0.179255
0.144691	0.328222
0.131127	7.331829
0.145406	2.799487	0.135682	2.430909	0.135755	0.689700	0.135458	10.527519	0.134643	0.182424
0.135879	0.314213
0.131488	6.220900
0.151777	2.831223	0.134822	2.474739	0.135236	0.690786	0.136658	10.480874	0.133536	0.177905
0.154703	0.297399
0.159490	6.773159
0.134424	2.820692	0.140132	2.469236	0.135459	0.693234	0.134642	10.496420	0.131488	0.182204
0.087070	0.306515
0.130041	6.871608
0.131293	2.856999	0.133905	2.431651	0.135385	0.689868	0.133387	10.796894	0.136875	0.181657
0.133906	0.396584
0.130389	5.829304
0.134790	2.816469	0.131561	2.455348	0.135607	0.700457	0.135458	10.712873	0.141456	0.179651
0.132008	0.296588
0.128660	7.309261
0.132434	2.849427	0.136431	2.473889	0.135533	0.689120	0.137027	10.682868	0.133830	0.182796
0.131554	0.310665
0.127788	6.488376
0.135543	2.852378	0.135471	2.477114	0.135458	0.695075	0.135013	10.501562	0.133982	0.223930
0.132066	0.327459
0.126428	6.586229
0.135444	2.846071	0.137177	2.473628	0.135237	0.690512	0.134717	10.464441	0.132874	0.176129
0.108068	0.334045
0.135487	6.905897
0.136514	2.805818	0.137631	2.493250	0.135310	0.689605	0.136277	10.521679	0.136501	0.178564
0.015725	0.317861
0.130763	6.565001
0.146236	2.844534	0.139458	2.539700	0.135459	0.687125	0.133989	10.450903	0.136053	0.183893
0.112934	0.314054
0.124892	6.736719
0.147449	2.832917	0.137948	2.478197	0.134940	0.693938	0.137421	10.429087	0.133906	0.180666
0.135329	0.300028
0.130255	6.594255
0.136566	2.833757	0.136076	2.463488	0.135384	0.695831	0.139601	10.500258	0.133911	0.183174
0.113731	0.323711
0.130624	6.538430
0.139730	2.877133	0.137708	2.445422	0.135236	0.691698	0.131993	10.522960	0.133022	0.179363
0.051808	0.306194
0.130331	6.921587
0.129427	2.883367	0.133834	2.480946	0.135310	0.686098	0.135609	10.425453	0.134940	0.179297
0.047635	0.320293
0.130038	7.039080
0.138532	2.853450	0.140289	2.480214	0.135310	0.695823	0.135161	10.553502	0.136352	0.182624
0.155289	0.300475
0.131419	6.262754
0.137474	2.892819	0.142601	2.463603	0.135162	0.694132	0.138000	10.687965	0.137323	0.178646
0.107770	0.323148
0.131122	5.925363
0.133903	2.843357	0.133756	2.412987	0.135681	0.686593	0.133608	10.417652	0.136352	0.181041
0.142818	0.340841
0.131135	6.988902
0.137408	2.787071	0.141281	2.509689	0.135755	0.699182	0.134054	10.404893	0.135161	0.178800
0.130483	0.315721
0.130770	6.596842
0.134310	2.815843	0.137404	2.493329	0.135310	0.693666	0.135757	10.463881	0.134495	0.184273
0.134803	0.292585
0.129888	6.809640
0.142590	2.855138	0.138537	2.454386	0.135607	0.692036	0.136881	10.494500	0.135162	0.229704
0.132435	0.395930
0.130032	7.408790
0.132799	2.843228	0.139686	2.480140	0.135162	0.688653	0.137415	10.621185	0.138083	0.185438
0.143759	0.325292
0.129884	6.429473
0.142794	2.741444	0.133904	2.360512	0.135161	0.666512	0.134648	10.310289	0.135013	0.175727
0.109034	0.332311
0.129973	5.633014
0.133170	2.733109	0.139393	2.382729	0.135533	0.663343	0.134125	10.293213	0.137631	0.175124
0.141729	0.321836
0.130196	6.282533
0.142148	2.760500	0.135685	2.380146	0.135384	0.666039	0.132874	10.354406	0.133905	0.175256
0.146884	0.301546
0.130119	6.904642
0.134791	2.775186	0.144393	2.410782	0.135533	0.658127	0.133977	10.373909	0.134793	0.185911
0.018877	0.298208
0.126430	6.184201
0.132359	2.692231	0.139594	2.400368	0.135681	0.672089	0.134277	10.477239	0.136953	0.220853
0.153987	0.307566
0.134423	6.565351
0.130899	2.725760	0.130467	2.402522	0.135459	0.669867	0.139976	10.462007	0.133759	0.175524
0.026651	0.338288
0.128148	5.895784
0.133977	2.742991	0.133980	2.396856	0.135162	0.662388	0.131776	10.557685	0.134052	0.177433
0.149300	0.305883
0.129963	6.604796
0.142526	2.778521	0.135474	2.349342	0.135237	0.667710	0.133756	10.342326	0.135310	0.175286
0.151782	0.305929
0.154632	6.595738
0.144981	2.760697	0.138771	2.445668	0.135309	0.659933	0.133536	10.855650	0.132361	0.192396
0.134199	0.328460
0.130850	6.463552
0.133393	2.835882	0.133608	2.442509	0.135385	0.683127	0.135162	10.637967	0.135981	0.179364
0.139509	0.289725
0.128869	6.903542
0.136207	2.832125	0.132898	2.473982	0.135088	0.693732	0.132657	10.575068	0.136206	0.183205
0.156857	0.324524
0.132220	7.213201
0.134125	2.838625	0.137058	2.438833	0.135385	0.688306	0.134207	10.379311	0.136285	0.182323
0.134719	0.344866
0.126005	5.568680
0.132080	2.812838	0.142235	2.486444	0.135533	0.696579	0.130559	10.442137	0.135171	0.187545
0.085108	0.291795
0.131190	6.417039
0.137638	2.842094	0.138567	2.452813	0.135385	0.693699	0.149539	10.337932	0.134273	0.179470
0.137329	0.299157
0.130253	6.473079
0.141098	2.843890	0.136351	2.467951	0.135310	0.691028	0.132432	10.350345	0.133315	0.195344
0.158134	0.300829
0.130703	6.825868
0.141098	2.841456	0.139513	2.481175	0.135533	0.692043	0.133830	10.399561	0.134349	0.177368
0.141394	0.341486
0.117701	6.884293
delta = 3.000000, m = 100
0.133389	3.248096	0.137647	2.743789	0.135236	0.736483	0.133840	12.212024	0.134718	0.197306
0.140227	0.348963
0.133899	7.410466
0.137474	3.203545	0.139159	2.820045	0.135236	0.731235	0.137862	12.191968	0.134347	0.199578
0.132895	0.341530
0.127019	7.024615
0.138667	3.238900	0.148176	2.772957	0.135310	0.733312	0.133830	12.295919	0.133462	0.204928
0.150624	0.292038
0.131117	7.077294
0.142568	3.232312	0.134867	2.816171	0.135384	0.734910	0.135908	12.082064	0.134791	0.202418
0.020571	0.312553
0.129532	6.712281
0.137995	3.250033	0.139102	2.791334	0.135385	0.727570	0.134199	12.186391	0.134502	0.199519
0.131438	0.357217
0.119255	6.526612
0.141167	3.214350	0.142467	2.804191	0.135533	0.736052	0.135088	12.298835	0.134496	0.205160
0.116617	0.327971
0.132957	6.524431
0.128876	3.251414	0.140920	2.814421	0.135162	0.726010	0.133240	12.163109	0.134723	0.199978
0.142043	0.360921
0.133610	7.913821
0.132508	3.272348	0.142555	2.741092	0.135384	0.740360	0.133389	12.182303	0.134642	0.194371
0.149736	0.358716
0.131138	6.510171
0.134643	3.212871	0.135553	2.818088	0.135607	0.730163	0.134865	12.179243	0.135607	0.240070
0.151164	0.335171
0.138978	7.284056
0.142160	3.246196	0.139730	2.755384	0.135458	0.727372	0.136053	12.099375	0.136057	0.198636
0.129812	0.274583
0.130184	7.098120
0.137202	3.218925	0.138874	2.769582	0.135310	0.722321	0.135979	12.155430	0.134570	0.204571
0.151078	0.314833
0.146348	6.705437
0.135634	3.185951	0.137733	2.772521	0.135088	0.729284	0.137857	12.156366	0.135013	0.210621
0.161473	0.306855
0.129239	6.612233
0.134278	3.204094	0.134953	2.790854	0.135458	0.720422	0.135319	12.171004	0.134348	0.196091
0.025443	0.344574
0.131409	6.790118
0.138577	3.218890	0.137087	2.785308	0.135607	0.728691	0.134125	12.233826	0.134348	0.197810
0.135022	0.301756
0.129599	7.209715
0.130781	3.280387	0.135029	2.784609	0.135087	0.729744	0.136053	12.176108	0.131848	0.195391
0.140246	0.425481
0.129249	6.651344
0.147461	3.258856	0.143858	2.791892	0.135533	0.733421	0.135611	12.283059	0.134495	0.195897
0.148060	0.340878
0.119702	6.804666
0.134645	3.208688	0.134431	2.804430	0.135459	0.726068	0.133535	12.183000	0.133314	0.201369
0.131928	0.299923
0.118718	7.156253
0.136874	3.259046	0.139598	2.802740	0.135384	0.731115	0.134496	12.311841	0.133241	0.196096
0.160730	0.366076
0.130761	6.831147
0.144376	3.235298	0.136440	2.843242	0.135830	0.727724	0.134865	12.295961	0.135908	0.195991
0.125941	0.333296
0.129530	7.057388
0.139470	3.257002	0.139533	2.806031	0.135236	0.726074	0.134053	12.194311	0.135162	0.196648
0.100181	0.336408
0.130559	6.926306
0.135615	3.214042	0.140306	2.829041	0.135310	0.728974	0.134644	12.084653	0.132586	0.193388
0.139292	0.285753
0.129736	7.049755
0.138179	3.239702	0.137033	2.775465	0.135310	0.727227	0.132074	12.208674	0.135830	0.204752
0.132579	0.333436
0.129605	6.744921
0.138019	3.240093	0.142193	2.801992	0.135385	0.732307	0.138912	12.022976	0.133466	0.197711
0.147364	0.302257
0.131846	8.172149
0.141341	3.278782	0.135979	2.765544	0.135310	0.720549	0.134347	12.236522	0.137699	0.194580
0.132583	0.335432
0.130253	6.979609
0.133756	3.262998	0.138608	2.825557	0.135607	0.719053	0.135607	12.393334	0.135459	0.194731
0.138377	0.312899
0.163382	6.890772
0.136511	3.112696	0.134199	2.724315	0.135533	0.701426	0.138097	12.147700	0.133834	0.193398
0.155864	0.349085
0.117388	6.468456
0.134512	3.099932	0.137025	2.691613	0.135607	0.706476	0.135385	11.975090	0.136799	0.202703
0.128294	0.301967
0.129016	6.043753
0.132142	3.129756	0.135986	2.681735	0.135384	0.715697	0.135386	12.016141	0.134939	0.190650
0.140765	0.269526
0.130983	6.862031
0.135347	3.149702	0.137529	2.677130	0.135236	0.705726	0.135311	12.285028	0.133757	0.203091
0.133244	0.321243
0.120436	6.830384
0.141508	3.151624	0.138530	2.729307	0.135309	0.713732	0.136502	12.148961	0.136951	0.193062
0.132321	0.284230
0.129814	6.714334
0.141672	3.096336	0.135386	2.663069	0.135385	0.702910	0.134422	12.141094	0.133833	0.192964
0.113648	0.296063
0.131849	6.216274
0.136593	3.141860	0.136977	2.733734	0.135384	0.705515	0.137475	12.125207	0.135906	0.188232
0.151089	0.345208
0.130556	6.046846
0.141628	3.111553	0.137178	2.701557	0.135532	0.702702	0.134051	12.026609	0.137253	0.188755
0.131061	0.320433
0.129678	6.618864
0.136579	3.133669	0.139421	2.763295	0.135310	0.713261	0.134199	12.047514	0.134051	0.192670
0.105113	0.333209
0.129168	6.860350
0.140365	3.132702	0.139470	2.712269	0.135310	0.711925	0.137932	11.972923	0.136352	0.189626
0.139719	0.287969
0.131064	5.858772
0.138958	3.075231	0.135684	2.708233	0.135459	0.702171	0.137551	11.992623	0.134719	0.188028
0.133682	0.307579
0.132067	6.075006
0.128015	3.122253	0.137857	2.651827	0.135458	0.703335	0.136053	13.633773	0.134790	0.194494
0.158702	0.320090
0.129235	6.661411
0.140954	3.129320	0.144101	2.690302	0.135013	0.698184	0.135906	11.970147	0.135764	0.190492
0.030597	0.343126
0.128367	7.386183
0.133756	3.083697	0.142138	2.744036	0.135162	0.712585	0.134572	12.176997	0.135758	0.194232
0.136541	0.291793
0.130759	7.197444
0.132800	3.137450	0.143357	2.739071	0.135607	0.708605	0.137248	12.261130	0.135168	0.189014
0.154225	0.323140
0.119230	7.509297
0.140161	3.131621	0.138013	2.685725	0.135087	0.699777	0.137549	12.080661	0.135988	0.196265
0.114501	0.313330
0.128148	6.419371
0.129608	3.167135	0.138582	2.722696	0.135310	0.697901	0.133024	12.142343	0.135533	0.196987
0.162741	0.314260
0.128658	7.863767
0.145394	3.152969	0.135314	2.729001	0.135533	0.710038	0.138603	12.140390	0.134570	0.191154
0.140129	0.373369
0.130114	6.247084
0.138011	3.137006	0.135684	2.713716	0.135310	0.705313	0.137778	12.062587	0.131490	0.190777
0.024017	0.315376
0.132074	6.636781
0.137331	3.152248	0.137813	2.710380	0.135161	0.702296	0.134643	12.017146	0.135904	0.194022
0.141472	0.309057
0.132141	8.216662
0.142839	3.105635	0.136813	2.715082	0.135087	0.711676	0.131267	12.262091	0.132084	0.192359
0.115523	0.322260
0.131570	7.261319
0.135564	3.110072	0.137948	2.681694	0.135533	0.700370	0.135533	12.137128	0.133614	0.236640
0.134644	0.337677
0.131573	6.715924
0.137910	3.170285	0.137273	2.682723	0.135013	0.708294	0.138026	12.007390	0.133977	0.194606
0.160621	0.350231
0.130326	6.123942
0.142643	3.135241	0.139301	2.663963	0.135310	0.706470	0.137027	12.153206	0.136356	0.192103
0.131205	0.342599
0.134787	7.242656
0.131628	3.128851	0.135532	2.675873	0.135607	0.701080	0.135087	12.325007	0.135532	0.250700
0.157392	0.351688
0.125155	7.063947
