delta = 3.000000, m = 10
0.144303	8.736957	0.130342	0.760686	0.133911	1.093945	0.167635	1.095655	0.148361	0.207767
0.144774	0.624687
0.173013	5.326303
0.180939	9.346989	0.113273	0.814220	0.134692	1.082509	0.147100	1.124659	0.071282	0.203748
0.133565	0.537617
0.131613	8.656400
0.114531	0.696976	0.074362	0.772738	0.134920	1.061411	0.115023	1.104998	0.121404	0.201117
0.138204	0.603275
0.132429	6.013468
0.086011	0.735410	0.019197	0.777198	0.132992	1.099176	0.176790	1.172050	0.177578	0.204258
0.140912	0.604840
0.131336	6.310716
0.079044	0.721679	0.154709	0.730318	0.136718	1.062029	0.165867	1.089013	0.104351	0.210065
0.141832	0.582329
0.131690	7.059789
0.148839	0.679053	0.141868	0.777454	0.135402	1.051204	0.127929	1.174995	0.131728	0.199289
0.141977	0.563813
0.085516	5.173005
0.155901	0.687125	0.151278	0.755961	0.133370	1.054550	0.166129	1.104260	0.116853	0.202101
0.162216	0.545812
0.130741	6.155877
0.057637	0.745862	0.103167	0.714693	0.135703	1.067538	0.151301	1.088550	0.100739	0.199180
0.169301	0.666378
0.128397	4.680450
0.178896	0.694618	0.156338	0.751923	0.133010	1.058776	0.134754	1.098668	0.118863	0.204550
0.134639	0.571162
0.130598	6.052809
0.166781	0.744183	0.143329	0.736720	0.134542	1.057690	0.106616	1.084154	0.127853	0.206690
0.073534	0.513571
0.131539	5.428699
0.055966	0.735117	0.150683	0.762332	0.134169	1.058342	0.133034	1.099515	0.145835	0.201787
0.133778	0.475524
0.085516	5.685844
0.098090	0.706580	0.139197	0.782010	0.132790	1.048834	0.109008	1.092306	0.136675	0.198548
0.151114	0.583118
0.131690	6.654467
0.135130	0.721823	0.153669	0.816092	0.134336	1.059043	0.111935	1.093805	0.131817	0.202606
0.150608	0.561617
0.132162	6.652367
0.116720	0.732154	0.144508	0.742766	0.133114	1.055262	0.181532	1.096497	0.141326	0.200893
0.145822	0.489287
0.127511	5.486838
0.080010	0.721696	0.153231	0.791333	0.133739	1.052152	0.112456	1.096601	0.122308	0.198389
0.097557	0.424238
0.131690	7.055883
0.125237	0.766500	0.116440	0.780142	0.132662	1.065195	0.149932	1.104148	0.139543	0.205709
0.129326	0.488994
0.131460	5.069575
0.115803	0.724247	0.104136	0.734224	0.134649	1.069128	0.144848	1.102549	0.151155	0.200531
0.149394	0.488536
0.131615	6.363437
0.127661	0.724091	0.134514	0.785973	0.135226	1.035978	0.138246	1.096534	0.133672	0.205202
0.095562	0.491137
0.131489	5.505462
0.082095	0.701921	0.007925	0.758535	0.134560	1.071683	0.142501	1.095072	0.133224	0.199744
0.141122	0.470912
0.114017	5.377389
0.120600	0.746014	0.068465	0.753470	0.135170	1.052699	0.144139	1.097380	0.160017	0.203759
0.132518	0.529919
0.131489	6.076783
0.133274	0.737688	0.052321	0.762134	0.134608	1.054189	0.133887	1.096401	0.150451	0.198637
0.102488	0.430023
0.129473	6.156364
0.148719	0.728374	0.162240	0.722212	0.134565	1.051263	0.149605	1.103159	0.049248	0.196874
0.141589	0.428446
0.131489	5.910967
0.131818	0.666217	0.072949	0.754734	0.133810	1.064980	0.154097	1.089298	0.119846	0.206464
0.104540	0.527639
0.131690	6.494189
0.129747	0.744409	0.129948	0.737527	0.134339	1.059783	0.168192	1.098516	0.133562	0.209924
0.179900	0.472501
0.132605	6.296315
0.135919	0.730381	0.028332	0.766530	0.133657	1.049705	0.159202	1.096745	0.136439	0.203580
0.137846	0.466300
0.131615	5.843507
0.132483	0.717108	0.049880	0.744975	0.134012	1.050875	0.179673	1.099345	0.088444	0.201487
0.047648	0.478150
0.109328	6.714162
0.137790	0.727976	0.086788	0.761163	0.133519	1.060701	0.139874	1.092958	0.156343	0.199942
0.135342	0.444660
0.131615	5.243160
0.128987	0.706900	0.148667	0.739589	0.134011	1.046394	0.157842	1.091552	0.122433	0.190131
0.133900	0.448309
0.116594	6.013179
0.124433	0.686233	0.159602	0.774109	0.133690	1.051605	0.118274	1.096902	0.156042	0.208871
0.131281	0.529125
0.130617	6.648257
0.114124	0.694081	0.134648	0.751883	0.135727	1.056336	0.153307	1.099034	0.152166	0.197266
0.139415	0.480664
0.131586	6.220673
0.132805	0.721021	0.135390	0.752596	0.134167	1.065159	0.154005	1.092770	0.104720	0.190655
0.130712	0.488303
0.131615	6.987548
0.111386	0.757535	0.135526	0.737040	0.133636	1.052560	0.151446	1.102890	0.140016	0.206950
0.131923	0.697004
0.131690	5.945150
0.140729	0.700477	0.113032	0.763046	0.135224	1.061990	0.107364	1.096668	0.137471	0.207918
0.083914	0.548402
0.121173	6.060918
0.151521	0.726058	0.135575	0.778590	0.134747	1.055170	0.145881	1.091010	0.133113	0.194569
0.177463	0.543563
0.121140	5.259519
0.083534	0.709894	0.063531	0.730925	0.134362	1.060550	0.123858	1.093371	0.142298	0.193998
0.132156	0.499658
0.095760	5.419652
0.110305	0.701050	0.140631	0.770651	0.134496	1.054396	0.138964	1.098199	0.139776	0.199925
0.130462	0.495619
0.127199	6.681128
0.087141	0.697039	0.151082	0.756718	0.135045	1.051522	0.138535	1.096472	0.073097	0.195245
0.071905	0.517285
0.132092	5.279260
0.126442	0.738402	0.126532	0.749174	0.134951	1.057579	0.161926	1.092124	0.137762	0.191904
0.132039	0.630910
0.113246	6.181817
0.156565	0.697352	0.146896	0.709792	0.135880	1.055143	0.162677	1.110074	0.175599	0.195532
0.096339	0.480843
0.128521	5.389792
0.075501	0.702223	0.152568	0.725283	0.134379	1.053121	0.114437	1.100878	0.147968	0.195716
0.073432	0.585056
0.122000	6.067697
0.108112	0.741515	0.157948	0.749421	0.133484	1.056543	0.125518	1.093094	0.077780	0.213412
0.139098	0.475379
0.128539	5.644903
0.144001	0.684322	0.091528	0.746376	0.133535	1.054856	0.118988	1.095582	0.103019	0.191047
0.151691	0.482659
0.113246	6.227917
0.170331	0.704988	0.123292	0.725738	0.134566	1.067694	0.124346	1.112904	0.170547	0.194557
0.139263	0.511843
0.131615	6.184000
0.151808	0.724678	0.101979	0.757458	0.136354	1.058515	0.150661	1.098588	0.153349	0.199459
0.085901	0.507817
0.131489	7.116761
0.122667	0.704553	0.116835	0.735861	0.135341	1.054572	0.135741	1.089169	0.130958	0.199146
0.107507	0.529679
0.132429	6.002749
0.092386	0.696130	0.127593	0.744002	0.133878	1.044829	0.091418	1.098348	0.116860	0.206115
0.103348	0.526835
0.063422	6.371370
0.138690	0.740361	0.067913	0.773786	0.135527	1.053680	0.134883	1.096021	0.120086	0.204423
0.155193	0.600432
0.131588	6.440587
0.081757	0.739523	0.141168	0.718048	0.135529	1.053274	0.056217	1.105630	0.121109	0.198956
0.133023	0.585593
0.128447	7.057994
0.143840	0.683523	0.095045	0.718473	0.134849	1.056564	0.122458	1.106862	0.102443	0.199133
0.136830	0.579979
0.102431	5.762230
0.108398	0.728554	0.175068	0.758420	0.135697	1.047114	0.091010	1.097060	0.132268	0.200010
0.135183	0.500680
0.134265	6.233101
delta = 3.000000, m = 20
0.131962	1.493242	0.159562	1.453479	0.136533	1.220993	0.128467	2.176289	0.150986	0.228038
0.134628	0.773818
0.134752	8.331621
0.135474	1.529382	0.153894	1.473094	0.136592	1.213301	0.157404	2.171150	0.142075	0.225707
0.171155	0.769797
0.106250	7.388990
0.138851	1.466604	0.139315	1.450538	0.136254	1.201672	0.139643	2.171462	0.122390	0.226325
0.145690	0.586884
0.134286	10.045283
0.119622	1.506810	0.091577	1.442815	0.135297	1.211308	0.121474	2.171551	0.103430	0.227789
0.152256	0.645101
0.132305	8.708942
0.147424	1.473040	0.129408	1.413267	0.136662	1.217358	0.118879	2.174577	0.133250	0.221551
0.148572	0.853027
0.132009	8.954714
0.142893	1.535878	0.140532	1.458316	0.135930	1.250734	0.157097	2.228906	0.151344	0.225833
0.132016	0.770046
0.131995	10.290658
0.158397	1.516166	0.137901	1.523450	0.136181	1.227775	0.116312	2.161173	0.122687	0.224725
0.149448	0.782509
0.134852	7.756517
0.099582	1.466818	0.139915	1.480920	0.137223	1.235722	0.139751	2.183815	0.143461	0.221611
0.131416	0.672571
0.134782	9.386244
0.129364	1.467653	0.126674	1.426621	0.134992	1.221708	0.163154	2.175288	0.167084	0.229033
0.129649	0.807880
0.133793	8.819774
0.136232	1.511269	0.157064	1.414652	0.135194	1.174735	0.137933	2.179346	0.141196	0.223898
0.123744	0.789772
0.131841	9.789672
0.140184	1.467638	0.113847	1.455968	0.136073	1.207840	0.130637	2.295683	0.130017	0.236625
0.130896	0.750728
0.137206	10.237188
0.152416	1.540566	0.159233	1.421466	0.136710	1.207038	0.129669	2.178331	0.126793	0.216839
0.132721	0.610107
0.133313	9.066066
0.116715	1.489012	0.158974	1.489190	0.137351	1.214263	0.127162	2.174019	0.137830	0.225781
0.164586	0.678913
0.124364	9.835009
0.147616	1.484690	0.153395	1.437531	0.136438	1.216631	0.166435	2.172577	0.136260	0.223621
0.149909	0.653018
0.131769	8.388706
0.124364	1.430690	0.125807	1.426015	0.136357	1.234087	0.167220	2.169490	0.147144	0.223604
0.128534	0.621943
0.118970	9.737523
0.155274	1.522615	0.158046	1.456751	0.136435	1.211406	0.147655	2.224593	0.131969	0.224699
0.131743	0.644727
0.133719	9.137534
0.153520	1.518499	0.143392	1.492001	0.136283	1.221376	0.165541	2.169347	0.133274	0.218906
0.095522	0.757936
0.134241	9.074105
0.118245	1.502500	0.132460	1.479667	0.135546	1.211572	0.143588	2.170514	0.135694	0.224961
0.160076	0.715372
0.132982	10.394022
0.137645	1.451986	0.148827	1.428612	0.136236	1.232607	0.135419	2.158499	0.124767	0.226803
0.133013	0.764514
0.133350	9.282169
0.148193	1.492460	0.114213	1.478700	0.136891	1.223174	0.129626	2.176262	0.146649	0.226013
0.137802	0.749510
0.137818	9.566711
0.118672	1.475462	0.131667	1.464623	0.136210	1.229700	0.136418	2.237800	0.153102	0.236097
0.131669	0.758587
0.129327	8.732462
0.147285	1.531229	0.156028	1.493572	0.135826	1.222235	0.141048	2.178713	0.160624	0.222701
0.125022	0.750459
0.141403	9.130101
0.105349	1.383177	0.112563	1.450417	0.135699	1.217152	0.149618	2.168209	0.133850	0.225657
0.129958	0.711915
0.131833	8.656319
0.135108	1.482005	0.172042	1.406581	0.136311	1.221349	0.136901	2.175995	0.148374	0.230301
0.130629	0.665595
0.105597	8.724106
0.161951	1.489024	0.101518	1.497993	0.135396	1.214487	0.126360	2.173108	0.148859	0.223480
0.139480	0.573898
0.131995	9.033068
0.098126	1.538554	0.163134	1.504775	0.136304	1.220567	0.167572	2.172999	0.147982	0.223726
0.159613	0.617980
0.133923	8.205816
0.125651	1.474872	0.163948	1.395091	0.135773	1.228151	0.134424	2.173825	0.141250	0.238084
0.138661	0.705757
0.141059	8.247977
0.129699	1.372754	0.149403	1.444765	0.135805	1.218604	0.148540	2.171375	0.132316	0.261692
0.134545	0.708538
0.171160	9.368474
0.121252	1.493272	0.140018	1.455755	0.137075	1.237733	0.142238	2.229628	0.167843	0.228087
0.120822	0.646250
0.131671	8.954361
0.147506	1.562412	0.100386	1.499365	0.136711	1.221148	0.150665	2.178630	0.168375	0.224274
0.124913	0.599403
0.131666	8.771152
0.124330	1.502668	0.151839	1.399791	0.136437	1.197516	0.133760	2.180411	0.132016	0.222321
0.148909	0.667613
0.131391	8.921828
0.124020	1.548189	0.145933	1.478838	0.136719	1.221392	0.170496	2.175577	0.127194	0.217794
0.136903	0.691389
0.133019	10.111745
0.129708	1.534707	0.141455	1.419085	0.136102	1.234208	0.151257	2.166799	0.137037	0.217069
0.132678	0.642356
0.133287	8.396809
0.104715	1.522149	0.129229	1.494077	0.137067	1.224365	0.128544	2.191559	0.118525	0.234371
0.138682	0.618442
0.140585	8.222775
0.165277	1.500355	0.152001	1.434768	0.135464	1.220149	0.145569	2.167196	0.128428	0.222908
0.048365	0.654057
0.131814	9.939129
0.156504	1.562684	0.142828	1.506416	0.136074	1.208142	0.150966	2.163916	0.132801	0.214610
0.133580	0.836835
0.134252	10.176953
0.148422	1.521625	0.147718	1.456376	0.135597	1.227671	0.139492	2.174503	0.146647	0.224818
0.129642	0.686031
0.131816	9.298547
0.145005	1.471871	0.137906	1.446493	0.136737	1.235068	0.144492	2.168301	0.148721	0.229766
0.140272	0.742043
0.125692	8.796826
0.135913	1.490609	0.111922	1.486807	0.135645	1.230058	0.146745	2.157183	0.135564	0.230713
0.128826	0.699579
0.132667	9.750424
0.133290	1.522934	0.155453	1.434735	0.135427	1.218476	0.156462	2.184602	0.154603	0.220701
0.174106	0.714993
0.172531	8.919706
0.133512	1.432355	0.111796	1.403282	0.136410	1.198659	0.154974	2.171419	0.167843	0.222091
0.140571	0.748861
0.132070	8.405624
0.155719	1.523573	0.123145	1.484025	0.137248	1.227477	0.159793	2.161486	0.130055	0.222412
0.138501	0.669582
0.133291	10.277442
0.151275	1.459009	0.142651	1.450481	0.136155	1.213556	0.156293	2.166641	0.151426	0.226237
0.118536	0.611566
0.172683	7.770050
0.151702	1.424656	0.117076	1.459609	0.135198	1.200301	0.160305	2.163161	0.158160	0.223439
0.134708	0.670626
0.133049	9.613919
0.123785	1.479416	0.148202	1.413773	0.136749	1.194626	0.142008	2.171492	0.161149	0.224106
0.130944	0.778687
0.136229	10.037863
0.148616	1.508844	0.133740	1.448591	0.137482	1.223023	0.135589	2.163946	0.143927	0.234552
0.132361	0.655301
0.133846	8.801415
0.128531	1.502834	0.089709	1.491905	0.137120	1.247838	0.111958	2.170979	0.150876	0.227037
0.138410	0.618060
0.134433	9.247354
0.124355	1.513903	0.161540	1.479281	0.136814	1.219131	0.147559	2.202014	0.159767	0.249529
0.136875	0.961060
0.129920	8.233238
0.150635	1.536396	0.127887	1.507297	0.136486	1.212068	0.122881	2.165360	0.135848	0.222539
0.160377	0.742084
0.126338	7.791843
0.144314	1.535061	0.139387	1.459281	0.136839	1.222265	0.140862	2.171284	0.125937	0.223899
0.143276	0.797906
0.132147	8.842359
delta = 3.000000, m = 30
0.133708	2.321164	0.144985	2.131327	0.137147	1.362771	0.138590	3.346228	0.145423	0.255647
0.163876	0.898548
0.133874	11.574816
0.126706	2.288655	0.122301	2.163588	0.137044	1.374969	0.156359	3.331060	0.132378	0.267196
0.125909	1.072434
0.135384	10.804748
0.150748	2.300567	0.137319	2.199736	0.137840	1.398848	0.133028	3.329376	0.131027	0.257478
0.141183	1.066424
0.118349	10.647163
0.155288	2.376172	0.135683	2.178388	0.137658	1.403903	0.142342	3.353338	0.153181	0.249685
0.164433	0.757468
0.125320	12.561620
0.150764	2.296082	0.104193	2.120892	0.138095	1.313714	0.144611	3.308989	0.154657	0.253678
0.134049	0.736036
0.132091	11.935031
0.148575	2.191052	0.128591	2.044192	0.137275	1.305783	0.141499	3.306929	0.128547	0.239524
0.131432	0.888562
0.118608	11.640334
0.151205	2.203528	0.159221	2.120650	0.136002	1.287017	0.149341	3.314771	0.142959	0.249799
0.145814	0.680466
0.132883	11.878620
0.149231	2.183028	0.164865	1.991848	0.137479	1.324560	0.140217	3.307811	0.135428	0.250192
0.130307	0.849071
0.125473	10.299929
0.137313	2.196274	0.147386	2.048707	0.137326	1.322376	0.155606	3.313756	0.139057	0.249873
0.131536	0.682792
0.132883	10.661610
0.137005	2.293382	0.151243	2.092523	0.136918	1.304051	0.137113	3.306492	0.138471	0.250810
0.066908	0.861998
0.131710	9.505803
0.143113	2.167787	0.156664	2.130153	0.137868	1.297254	0.141674	3.308656	0.131927	0.246011
0.053729	0.601996
0.166684	10.535912
0.157594	2.154339	0.134248	2.123358	0.136763	1.309071	0.153183	3.303935	0.133595	0.250317
0.156320	0.727242
0.132115	10.048186
0.117845	2.263026	0.146041	2.111400	0.137556	1.305835	0.150896	3.309712	0.146767	0.246272
0.140243	0.768678
0.117138	10.149695
0.152004	2.201231	0.153875	2.171727	0.137428	1.294040	0.137928	3.303395	0.150415	0.245511
0.056757	0.636615
0.136651	10.185443
0.137028	2.222058	0.134778	2.117926	0.137740	1.301891	0.145092	3.312637	0.126178	0.250411
0.141970	0.648738
0.132891	10.098299
0.100900	2.303635	0.132656	2.087697	0.136638	1.353942	0.140921	3.318069	0.146349	0.245355
0.160897	0.786269
0.133234	10.309364
0.149332	2.212874	0.133275	2.126347	0.136409	1.302743	0.140203	3.301123	0.143990	0.256158
0.060818	0.793600
0.116117	12.806280
0.141024	2.277580	0.147187	2.082851	0.137121	1.319477	0.141818	3.308505	0.130210	0.258787
0.138877	0.705023
0.116918	11.389778
0.130889	2.185280	0.114603	2.172418	0.137504	1.315292	0.149464	3.306494	0.135592	0.252770
0.157905	0.780320
0.118078	10.791100
0.133349	2.257792	0.141869	2.046069	0.137533	1.334533	0.141786	3.309976	0.168794	0.243766
0.124620	0.685538
0.126712	10.399260
0.115056	2.226586	0.150532	2.129346	0.136810	1.333930	0.141189	3.315335	0.148674	0.242073
0.142181	0.607195
0.129360	12.274656
0.135262	2.272755	0.135425	2.114358	0.137145	1.307612	0.137660	3.310235	0.147118	0.262942
0.162153	0.595058
0.132564	9.973267
0.134624	2.239497	0.152184	2.087356	0.137557	1.310049	0.134647	3.309466	0.127378	0.244644
0.133230	0.707893
0.133061	11.758734
0.136641	2.193961	0.142733	2.102640	0.136866	1.337376	0.133919	3.300192	0.153877	0.245606
0.071420	0.711063
0.132251	10.814105
0.165736	2.285456	0.145952	2.100488	0.137071	1.303037	0.132791	3.317896	0.154160	0.242663
0.160291	0.625176
0.135135	9.688756
0.151858	2.275869	0.156777	2.090548	0.137481	1.332824	0.140973	3.372994	0.135948	0.249554
0.135218	0.835192
0.131946	10.606193
0.150062	2.292319	0.156764	2.099223	0.137147	1.319087	0.146158	3.315463	0.135880	0.244774
0.147154	0.730252
0.132365	12.436523
0.143055	2.237626	0.139039	2.130129	0.137251	1.344428	0.128838	3.309075	0.133695	0.244303
0.165407	0.761400
0.131810	10.089380
0.140922	2.189061	0.138633	2.096613	0.136611	1.321296	0.123695	3.321779	0.138812	0.249792
0.149695	0.806217
0.133468	11.322872
0.146033	2.239708	0.150923	2.085541	0.137611	1.350159	0.156003	3.348508	0.132594	0.249149
0.132492	1.065762
0.140112	11.937692
0.119089	2.258294	0.136213	2.260094	0.137400	1.361979	0.147262	3.342877	0.132206	0.251443
0.130151	0.753336
0.131940	11.992161
0.146114	2.273299	0.171788	2.203480	0.137738	1.367247	0.137958	3.344448	0.134153	0.252614
0.147332	0.979155
0.123273	10.571133
0.135907	2.320077	0.139985	2.192902	0.137121	1.368633	0.110809	3.340419	0.140448	0.261241
0.161609	0.703311
0.116330	11.753613
0.137424	2.342470	0.132456	2.166927	0.136482	1.384185	0.132534	3.331726	0.135067	0.254572
0.131822	0.698318
0.117905	13.091164
0.130015	2.321209	0.156661	2.113543	0.137428	1.383133	0.141576	3.351128	0.146726	0.253734
0.138606	0.755207
0.127636	11.503693
0.161066	2.274727	0.124670	2.161515	0.137248	1.364298	0.153481	3.338396	0.139656	0.254628
0.112225	1.065108
0.133574	9.623738
0.144301	2.307256	0.134499	2.151112	0.136713	1.381030	0.146088	3.345358	0.135223	0.261400
0.142282	0.835918
0.132460	11.499202
0.141079	2.301144	0.162308	2.227821	0.137685	1.379750	0.126336	3.340445	0.131242	0.251467
0.157052	0.857385
0.124961	11.125401
0.128947	2.304327	0.162250	2.166569	0.136558	1.373134	0.156722	3.342294	0.138072	0.256486
0.132445	0.751261
0.132970	12.854619
0.127627	2.328832	0.158505	2.127663	0.137021	1.386109	0.140518	3.340054	0.134697	0.254158
0.138046	0.958076
0.131611	11.677920
0.153266	2.316910	0.133268	2.132726	0.135952	1.373250	0.148294	3.326347	0.136413	0.261157
0.152220	0.642755
0.132196	11.104227
0.134297	2.359108	0.140975	2.209724	0.136786	1.367161	0.140890	3.334605	0.145654	0.250975
0.063199	0.797468
0.131523	10.339743
0.149363	2.302014	0.153779	2.185700	0.137710	1.358041	0.157606	3.335978	0.131339	0.258174
0.130455	0.840798
0.132091	11.734517
0.129068	2.350270	0.148340	2.158834	0.137095	1.365648	0.156927	3.338594	0.152864	0.262911
0.167512	0.773494
0.133897	11.713945
0.143829	2.374864	0.129477	2.243989	0.137248	1.376464	0.135855	3.322910	0.132507	0.261777
0.141150	0.710715
0.123576	10.569908
0.143814	2.326724	0.142362	2.191956	0.137325	1.367274	0.135031	3.323567	0.152420	0.262166
0.149772	0.800594
0.158213	11.869555
0.146017	2.327888	0.137924	2.175199	0.136815	1.374938	0.162336	3.335268	0.154191	0.264653
0.129934	0.869274
0.131942	10.186729
0.129587	2.276863	0.158088	2.138502	0.137096	1.369491	0.146450	3.336223	0.137959	0.262562
0.152393	0.581600
0.131560	12.447100
0.143915	2.254935	0.146761	2.201831	0.137402	1.369171	0.150918	3.365519	0.141401	0.320811
0.133412	0.978522
0.118155	10.251854
0.154658	2.335745	0.129346	2.227728	0.136635	1.369066	0.145720	3.335692	0.136286	0.252889
0.159952	0.659988
0.134962	12.278008
delta = 3.000000, m = 40
0.141186	3.264372	0.135145	2.883700	0.137531	1.460736	0.138778	4.541446	0.151151	0.293467
0.034925	0.941741
0.140387	13.297432
0.152439	3.130637	0.138839	2.835173	0.137199	1.466334	0.142476	4.550871	0.132113	0.275913
0.123472	0.866885
0.097700	13.518929
0.152073	3.224990	0.142385	2.878522	0.137815	1.440257	0.148325	4.547166	0.140541	0.289669
0.136890	0.897227
0.140906	11.910836
0.136042	3.197342	0.145272	2.985376	0.136995	1.495860	0.135177	4.624609	0.143106	0.275965
0.135989	1.168650
0.132652	14.698019
0.129731	3.213614	0.141887	2.947747	0.137711	1.472002	0.149791	4.554687	0.142179	0.276483
0.127686	0.854673
0.164114	14.315969
0.137089	3.231239	0.138935	2.996040	0.136970	1.449532	0.128929	4.560598	0.148099	0.292574
0.134632	0.902002
0.139092	14.282598
0.137483	3.183513	0.143367	2.909049	0.137476	1.451246	0.129471	4.546033	0.149045	0.280187
0.139206	0.700767
0.128515	13.205411
0.137126	3.173696	0.096139	3.053379	0.137121	1.456731	0.133253	4.538943	0.151641	0.283260
0.135680	0.709572
0.127782	11.852999
0.157095	3.191054	0.136176	2.938823	0.137351	1.451267	0.137367	4.630660	0.143701	0.284333
0.111830	0.743001
0.135614	13.917028
0.139253	3.282499	0.138770	2.949566	0.136783	1.458807	0.151427	4.545711	0.130352	0.286136
0.167191	0.692974
0.137289	14.314378
0.118596	3.170894	0.133766	2.937939	0.137890	1.463833	0.141176	4.545735	0.139419	0.290231
0.146845	0.734324
0.128769	12.803282
0.147555	3.133489	0.162168	2.944016	0.137350	1.457285	0.136211	4.551679	0.143223	0.290119
0.152060	0.711763
0.120672	15.033053
0.142732	3.323828	0.145455	2.954742	0.137557	1.446914	0.129572	4.542031	0.133554	0.272936
0.152721	0.701689
0.114246	13.925085
0.153055	3.188845	0.132087	2.945196	0.137864	1.458749	0.134215	4.544137	0.143769	0.278667
0.069696	0.789717
0.132462	13.051017
0.144113	3.251750	0.138174	2.908770	0.137657	1.449466	0.137608	4.555282	0.132839	0.284113
0.134692	0.775610
0.132953	14.371850
0.128464	3.219304	0.142845	2.939635	0.136865	1.458130	0.130638	4.549937	0.135433	0.286477
0.143751	0.804747
0.131484	12.162402
0.136107	3.278829	0.127883	2.949769	0.137786	1.457501	0.144405	4.542950	0.139310	0.282874
0.160395	0.675044
0.165118	13.815159
0.150750	3.222753	0.125876	3.027894	0.137658	1.455504	0.131998	4.534372	0.135058	0.284938
0.132673	0.846729
0.131757	11.889880
0.133029	3.274432	0.144357	2.927194	0.137068	1.461390	0.136156	4.539638	0.137029	0.285750
0.143483	0.764279
0.151737	12.859411
0.146178	3.188275	0.144541	2.913707	0.137863	1.445012	0.136206	4.646593	0.131118	0.283326
0.162762	0.998534
0.132287	13.632797
0.144555	3.265957	0.137428	3.031719	0.137708	1.450819	0.147635	4.580216	0.132777	0.298185
0.143578	0.728404
0.132042	12.753138
0.156825	3.217929	0.138257	2.961456	0.137301	1.461551	0.159742	4.546039	0.134851	0.300110
0.133336	0.901292
0.130636	12.165309
0.142873	3.198442	0.139686	2.826351	0.136838	1.464002	0.135555	4.533486	0.145897	0.277537
0.150210	0.829314
0.132318	11.678139
0.141036	3.140717	0.143920	2.943800	0.136273	1.451066	0.149319	4.543482	0.140290	0.287396
0.153231	0.642199
0.144237	12.348238
0.127031	3.127656	0.136011	2.868760	0.137734	1.404813	0.135337	4.652021	0.142310	0.288327
0.168610	0.747405
0.133572	12.496522
0.151473	3.321714	0.141560	2.965219	0.137915	1.463319	0.143736	4.554302	0.131034	0.279224
0.151064	0.716805
0.156975	13.669603
0.161301	3.329210	0.151519	3.005899	0.136685	1.472975	0.144162	4.552273	0.133485	0.286739
0.138368	1.012728
0.139885	12.955942
0.151428	3.257198	0.138584	2.964975	0.137145	1.463365	0.160487	4.571474	0.137537	0.300025
0.161586	0.822691
0.131390	12.630291
0.139086	3.125162	0.159153	2.988137	0.137401	1.465832	0.146487	4.535414	0.139694	0.280632
0.150130	0.821426
0.132139	12.806769
0.134457	3.207725	0.135950	2.980045	0.137657	1.461662	0.136953	4.559166	0.135178	0.295061
0.134003	0.990835
0.149122	14.116016
0.127754	3.169688	0.136078	2.911547	0.137864	1.476575	0.147087	4.554984	0.153597	0.285924
0.152495	0.772378
0.132876	13.428679
0.159158	3.119090	0.153340	2.977727	0.137890	1.462407	0.135646	4.543172	0.132358	0.275865
0.137436	0.729867
0.133205	11.570777
0.141139	3.167711	0.155649	2.973522	0.137812	1.491715	0.145146	4.616805	0.146988	0.276073
0.044621	0.717960
0.133188	14.457088
0.143530	3.137359	0.142072	3.077361	0.138302	1.436817	0.130786	4.543625	0.149086	0.281372
0.139360	0.916392
0.131968	11.741543
0.162036	3.205340	0.146124	2.917329	0.137120	1.452161	0.147681	4.549591	0.142356	0.282117
0.149688	0.727558
0.127098	14.201356
0.129450	3.143618	0.141993	2.948331	0.138043	1.458988	0.134318	4.599592	0.129980	0.287506
0.038021	0.748521
0.132997	12.298733
0.151812	3.209192	0.139620	2.977970	0.137454	1.453425	0.140686	4.547354	0.144008	0.285081
0.048180	0.735353
0.156063	13.472711
0.140517	3.136300	0.141970	2.944308	0.136994	1.477766	0.143795	4.543801	0.145803	0.284533
0.126414	0.847161
0.132304	12.870748
0.144206	3.082401	0.124957	2.940955	0.137682	1.472319	0.148847	4.582401	0.141439	0.304824
0.140439	0.707121
0.131733	11.403364
0.157857	3.154337	0.135581	2.931507	0.137888	1.464290	0.138453	4.536283	0.145197	0.286333
0.131694	0.701821
0.131499	13.858493
0.165007	3.185005	0.161796	2.997011	0.137479	1.463442	0.134882	4.616642	0.146224	0.289357
0.169755	0.647312
0.118397	13.807720
0.140050	3.185348	0.131372	2.927349	0.138043	1.453447	0.141602	4.534228	0.149015	0.287986
0.146841	0.766443
0.133873	13.465541
0.141686	3.180030	0.160611	2.919689	0.137021	1.457434	0.142212	4.536512	0.135339	0.293695
0.142233	0.797437
0.130889	12.396186
0.153036	3.249306	0.135183	2.878869	0.136942	1.456952	0.141235	4.548432	0.149092	0.283283
0.146944	0.859945
0.151975	12.018365
0.138090	3.216495	0.152414	2.858431	0.137682	1.464346	0.135221	4.547108	0.142686	0.282599
0.142930	0.737475
0.140365	12.297897
0.139829	3.221992	0.154199	2.998979	0.137531	1.469851	0.141446	4.536585	0.140159	0.286721
0.161850	0.735343
0.132358	13.650214
0.142094	3.154327	0.142426	2.929888	0.137786	1.457320	0.147131	4.552693	0.139390	0.283210
0.153300	0.813288
0.151358	14.402373
0.141544	3.226429	0.147511	2.912027	0.137481	1.391577	0.147667	4.551863	0.146617	0.269258
0.148371	1.021683
0.153051	11.783448
0.139849	3.227364	0.144131	2.941965	0.137530	1.470328	0.134676	4.715531	0.141866	0.281995
0.144779	0.792024
0.131912	14.167019
0.146675	3.169191	0.146013	2.900268	0.137557	1.459775	0.154836	4.651844	0.139469	0.292570
0.141611	1.099056
0.134927	12.035807
delta = 3.000000, m = 50
0.137854	4.065874	0.145720	3.742418	0.137939	1.599885	0.138176	6.185693	0.137192	0.334985
0.164084	0.822006
0.139830	13.596012
0.141736	4.165110	0.148201	3.788978	0.137634	1.624948	0.139752	6.223687	0.133740	0.320925
0.158582	0.731711
0.138879	13.351732
0.134055	4.168574	0.145272	3.722228	0.137683	1.576472	0.136128	6.187021	0.137004	0.331626
0.156719	0.939215
0.161972	14.656731
0.158145	4.184440	0.140957	3.966044	0.137784	1.612281	0.134932	6.168129	0.139801	0.323493
0.137955	0.769174
0.130936	14.667975
0.143454	4.248041	0.135848	3.800648	0.138067	1.599623	0.136001	6.177487	0.138447	0.328581
0.144209	0.752936
0.155181	14.405014
0.144758	4.194101	0.125871	3.796869	0.137298	1.574295	0.143302	6.228224	0.137727	0.313258
0.144268	0.735890
0.132180	14.139186
0.133128	4.176032	0.129363	3.746221	0.137839	1.586914	0.142454	6.182172	0.140556	0.318017
0.156184	0.764014
0.132429	13.961200
0.135875	4.077642	0.146377	3.816949	0.137735	1.581335	0.142343	6.169251	0.148979	0.335464
0.132946	0.687084
0.124089	14.598336
0.138123	4.108813	0.133156	3.828909	0.137812	1.577650	0.133676	6.166211	0.133261	0.325339
0.148754	0.904125
0.132617	15.288669
0.127283	4.082160	0.142854	3.681377	0.137964	1.589797	0.146139	6.242999	0.136581	0.324780
0.131465	0.813199
0.151352	12.562320
0.142080	4.159285	0.141243	3.640973	0.137711	1.586475	0.145530	6.184523	0.134218	0.319748
0.172989	0.848522
0.126813	16.497060
0.146221	4.110875	0.149171	3.742958	0.137451	1.588023	0.151751	6.184872	0.143653	0.321452
0.158295	0.655844
0.136436	15.339386
0.141348	4.157590	0.151759	3.802655	0.137890	1.588503	0.142801	6.184310	0.139928	0.324769
0.145972	0.666508
0.132266	13.477632
0.141993	4.143988	0.138141	3.706941	0.138248	1.589787	0.134747	6.238049	0.133334	0.319653
0.139403	0.847400
0.138569	14.613826
0.146289	4.136228	0.153441	3.791779	0.137529	1.590384	0.144230	6.192614	0.137957	0.324110
0.143948	0.772026
0.118174	14.926962
0.138060	4.094790	0.139032	3.785887	0.137685	1.599859	0.142990	6.179983	0.133034	0.380397
0.148459	0.710952
0.120786	14.722396
0.134724	4.192683	0.136872	3.758359	0.137274	1.571494	0.138762	6.205343	0.136672	0.320748
0.128230	0.930641
0.132157	14.215742
0.132923	4.158769	0.130657	3.742680	0.137478	1.582312	0.132670	6.245345	0.141681	0.380114
0.145807	0.724315
0.131105	15.044491
0.135802	4.155846	0.138785	3.754544	0.137660	1.592266	0.133635	6.195050	0.136187	0.317667
0.154835	0.845275
0.128898	15.962218
0.147949	4.175946	0.134877	3.682244	0.137682	1.587725	0.141700	6.203015	0.134954	0.322784
0.147188	0.857918
0.129236	15.677847
0.134880	4.195701	0.137570	3.821210	0.137247	1.586594	0.143229	6.186942	0.141646	0.329019
0.137728	0.990472
0.127779	15.062891
0.140575	4.080667	0.144402	3.654751	0.137912	1.589304	0.147661	6.245867	0.136724	0.315721
0.142442	0.866544
0.138395	15.259561
0.151926	3.955151	0.154635	3.791067	0.137556	1.591865	0.134644	6.185919	0.144738	0.319629
0.131436	0.841812
0.119146	17.186102
0.139981	4.109109	0.151478	3.708761	0.137119	1.579335	0.135912	6.307804	0.137225	0.321672
0.134092	0.888806
0.133097	15.088338
0.147330	4.168877	0.147668	3.730840	0.137863	1.592731	0.133048	6.167651	0.140191	0.319172
0.135307	0.702170
0.160338	15.029031
0.144091	4.202727	0.141822	3.747784	0.137505	1.608127	0.139913	6.178834	0.143918	0.320847
0.142307	0.728791
0.140220	14.481825
0.147976	4.189940	0.143139	3.779440	0.137656	1.572228	0.142070	6.190327	0.136081	0.335535
0.149563	0.792544
0.139011	15.714197
0.127593	4.219097	0.141815	3.716597	0.137966	1.590126	0.159869	6.207719	0.139127	0.312316
0.123119	0.815473
0.154923	15.093868
0.139279	4.296152	0.150050	3.809963	0.137913	1.585162	0.136549	6.187373	0.142263	0.313901
0.139371	0.836961
0.132801	14.325495
0.150133	4.190099	0.150236	3.777216	0.137659	1.566348	0.133053	6.203503	0.144328	0.316697
0.136514	0.658829
0.154109	16.334728
0.137394	4.156779	0.137600	3.815970	0.137916	1.588455	0.143055	6.259480	0.132597	0.350878
0.137508	0.746903
0.118088	16.107429
0.134049	4.056556	0.121266	3.744451	0.137737	1.576997	0.136240	6.178413	0.143559	0.317897
0.150753	0.739929
0.132603	15.267851
0.142758	4.167944	0.137830	3.724371	0.138119	1.572389	0.137441	6.179551	0.145644	0.317480
0.136618	0.870759
0.160938	17.239041
0.129837	4.066346	0.134111	3.764934	0.137685	1.571675	0.138215	6.179265	0.147302	0.327820
0.156987	0.901374
0.131219	15.309705
0.142380	4.161732	0.134087	3.742967	0.137708	1.584435	0.141656	6.239062	0.138532	0.314705
0.141109	0.741900
0.127652	15.112634
0.138673	4.142777	0.139722	3.836595	0.137734	1.571291	0.138811	6.205725	0.143869	0.316678
0.132449	0.826132
0.126839	15.092889
0.127529	4.180537	0.132575	3.787098	0.137888	1.586362	0.140490	6.184285	0.139725	0.321074
0.140446	0.835060
0.139407	16.995384
0.146414	4.129763	0.134217	3.766051	0.137939	1.600409	0.135737	6.261298	0.142640	0.326569
0.142563	0.794855
0.131416	16.465187
0.130811	4.179064	0.133200	3.648086	0.137942	1.584536	0.127186	6.162211	0.142474	0.322249
0.131846	0.771791
0.126588	14.437222
0.140564	4.184286	0.156421	3.720159	0.137865	1.581349	0.143808	6.172660	0.151683	0.327703
0.138244	1.001537
0.132142	14.833957
0.130084	4.179276	0.145388	3.824508	0.137683	1.584959	0.140008	6.184817	0.140608	0.316514
0.136129	0.905386
0.128055	13.463113
0.129919	4.147903	0.139292	3.640321	0.137915	1.596536	0.132323	6.168378	0.149402	0.328608
0.151640	0.875428
0.104009	14.054554
0.138526	4.071787	0.141660	3.776821	0.137454	1.641187	0.136977	6.218960	0.140306	0.321508
0.131064	0.854076
0.133987	14.508812
0.132305	3.996079	0.140913	3.590423	0.137503	1.535509	0.134578	6.164500	0.139985	0.322679
0.142508	0.692495
0.159009	16.487609
0.135213	3.973191	0.155175	3.710561	0.137761	1.517546	0.153149	6.115310	0.139780	0.312047
0.145117	0.653206
0.134889	15.247418
0.135186	4.023450	0.135848	3.576484	0.137219	1.521356	0.141272	6.134112	0.133970	0.302666
0.140974	0.843935
0.114495	13.475929
0.144119	4.038162	0.134514	3.722089	0.137580	1.537218	0.135349	6.173848	0.145588	0.308941
0.139098	0.684655
0.132690	15.904267
0.137165	3.938768	0.154020	3.634268	0.137710	1.511955	0.136699	6.145144	0.141288	0.304022
0.152591	0.700922
0.131399	16.848458
0.141270	3.953759	0.139525	3.678496	0.137864	1.568020	0.154560	6.162419	0.133545	0.308321
0.149602	0.838601
0.132066	13.292980
0.137546	3.982866	0.142985	3.615429	0.137172	1.563799	0.142191	6.111483	0.146924	0.327225
0.138377	0.747587
0.136915	14.047596
delta = 3.000000, m = 60
0.138708	4.979388	0.148370	4.371586	0.138094	1.637157	0.144035	7.561788	0.136569	0.339802
0.143475	0.859949
0.126425	13.109968
0.136849	4.811066	0.145075	4.420430	0.137607	1.588024	0.134713	7.552393	0.133469	0.364501
0.142154	0.759666
0.132519	17.020534
0.133630	4.886873	0.137108	4.573746	0.137888	1.676631	0.144033	7.827343	0.136386	0.336348
0.150481	0.797939
0.115521	15.872957
0.125253	5.081143	0.146846	4.401752	0.137887	1.637020	0.138552	7.857296	0.138827	0.353252
0.147227	0.936173
0.127879	18.096851
0.136982	4.982482	0.148332	4.575436	0.137582	1.654828	0.140079	7.892503	0.138915	0.375553
0.136749	0.906690
0.136234	20.330675
0.142361	4.876325	0.144503	4.548709	0.137654	1.706495	0.134138	8.046809	0.135110	0.374278
0.133864	1.025188
0.157153	19.764252
0.145468	4.960292	0.133052	4.586733	0.137606	1.706021	0.137880	8.003786	0.134981	0.371436
0.136106	0.838029
0.130732	18.912029
0.139623	5.076007	0.149541	4.558790	0.137194	1.713848	0.136491	8.272189	0.136688	0.372870
0.162557	1.181805
0.131307	20.762356
0.137108	4.872238	0.137195	4.283798	0.137555	1.626677	0.137803	7.713008	0.141133	0.387039
0.134783	0.933858
0.140010	21.140729
0.154317	5.087816	0.143525	4.549901	0.137734	1.731198	0.140975	8.160188	0.142500	0.375850
0.143953	0.903335
0.167976	19.359485
0.135210	5.077300	0.140922	4.451551	0.137606	1.717972	0.136479	8.117149	0.136773	0.370361
0.143381	0.869241
0.151768	19.722262
0.147364	4.977204	0.128064	4.482786	0.137861	1.705828	0.146663	8.089113	0.135582	0.371233
0.164545	0.827293
0.136086	19.039427
0.133027	5.073222	0.142499	4.355122	0.137812	1.721707	0.139671	8.131169	0.142259	0.355951
0.149553	0.963960
0.154904	18.713809
0.141230	5.041951	0.139365	4.534843	0.137427	1.719530	0.134727	8.144050	0.132263	0.369859
0.137044	1.064848
0.132280	20.308844
0.123809	5.038066	0.145919	4.427246	0.138170	1.817371	0.136146	8.082125	0.138229	0.356965
0.158031	0.970236
0.127531	16.680588
0.149088	4.982389	0.145310	4.475459	0.138042	1.719431	0.138299	8.337181	0.138916	0.383279
0.129278	0.862579
0.132455	19.989418
0.137649	4.958871	0.145371	4.483487	0.137738	1.708568	0.138761	8.403773	0.138893	0.389716
0.146632	0.991907
0.157185	21.886644
0.142552	4.900832	0.132305	4.584563	0.137475	1.717342	0.143581	8.402304	0.135825	0.383276
0.096479	0.787935
0.140407	20.831892
0.133336	4.899660	0.148212	4.420245	0.137398	1.688348	0.138976	8.389165	0.137235	0.364071
0.137057	0.861134
0.132202	17.216500
0.127507	5.139809	0.138243	4.645872	0.137812	1.628632	0.137985	7.716630	0.135981	0.345034
0.139462	0.771225
0.136789	17.667467
0.142205	5.111152	0.138460	4.693632	0.137556	1.624718	0.140659	8.128292	0.133256	0.400588
0.133589	1.107934
0.129246	18.171447
0.138009	5.067073	0.145426	4.531110	0.137989	1.686195	0.142240	8.194771	0.139565	0.372710
0.131209	0.790803
0.128219	22.215795
0.142406	4.922534	0.144729	4.636293	0.137735	1.797280	0.133522	8.291961	0.138814	0.378996
0.135641	0.984039
0.131080	21.157968
0.140399	5.015754	0.147908	4.517765	0.138067	1.728699	0.140477	8.329409	0.137854	0.378274
0.131004	0.796253
0.132029	17.586428
0.130612	4.968055	0.145567	4.531765	0.137990	1.796098	0.145312	8.306036	0.135256	0.381624
0.146119	0.868060
0.114644	22.137753
0.138868	4.978269	0.139552	4.526794	0.137530	1.731876	0.135271	8.284808	0.143778	0.395315
0.162472	0.904492
0.127682	19.366407
0.137133	5.012870	0.145229	4.534538	0.137582	1.711605	0.134762	8.178766	0.135259	0.378577
0.135112	0.846225
0.127357	20.919290
0.137036	5.002048	0.150102	4.585763	0.137965	1.731937	0.138619	8.326811	0.137937	0.373110
0.132851	0.930042
0.162859	20.648425
0.142582	5.240641	0.144606	4.725244	0.137838	1.765953	0.151547	8.314992	0.133529	0.384911
0.145921	0.822240
0.130525	21.266569
0.136594	5.135365	0.139747	4.637612	0.138043	1.810510	0.138595	8.352279	0.137297	0.400714
0.154327	1.112609
0.131788	20.830999
0.133731	5.154960	0.138066	4.672525	0.138171	1.815956	0.142658	8.293256	0.137727	0.378580
0.115529	0.762642
0.117534	18.736032
0.141976	5.099503	0.142042	4.724492	0.138324	1.778913	0.138761	8.294252	0.141131	0.371083
0.133328	0.939280
0.137106	20.093440
0.139852	5.209909	0.146125	4.637406	0.137735	1.782646	0.149458	8.301253	0.138035	0.394939
0.137109	1.218888
0.119974	20.553303
0.142572	5.218940	0.146344	4.776007	0.138069	1.784667	0.147789	8.317527	0.135578	0.396493
0.126915	1.001344
0.133018	20.999430
0.134801	5.151085	0.125477	4.725664	0.137656	1.807725	0.135418	8.442112	0.140572	0.397928
0.135273	0.940872
0.130366	19.126067
0.135407	5.285451	0.144323	4.626363	0.137939	1.723231	0.134353	7.918155	0.135815	0.342893
0.144478	0.905874
0.140133	18.406840
0.143767	5.291224	0.152008	4.701977	0.137660	1.807180	0.144125	8.751714	0.134707	0.401689
0.013679	0.929519
0.139395	19.553517
0.141697	5.147581	0.141153	4.709351	0.137939	1.842069	0.136263	8.374185	0.150025	0.397816
0.131038	0.892645
0.130550	18.758452
0.132689	5.634379	0.150332	4.753651	0.137580	1.828510	0.139825	8.326147	0.135912	0.396084
0.139051	0.793442
0.134939	20.593980
0.148973	5.218290	0.148831	4.600703	0.138095	1.851518	0.132836	8.443941	0.140765	0.397342
0.137623	0.850536
0.163889	19.610521
0.145283	5.296729	0.141843	4.712901	0.137736	1.813374	0.138116	8.351921	0.140373	0.390116
0.139230	0.821431
0.128242	16.611452
0.144583	5.076886	0.149406	4.682376	0.137580	1.781752	0.131242	8.266074	0.135459	0.385564
0.158045	1.006911
0.132014	19.128728
0.154917	5.200397	0.141784	4.768887	0.138195	1.784024	0.144720	8.217060	0.135040	0.401249
0.132745	0.766208
0.118380	18.219435
0.148534	5.133220	0.137754	4.765199	0.138247	1.864919	0.138347	8.401517	0.135850	0.409168
0.131013	0.787078
0.158529	20.623565
0.130507	5.114158	0.144083	4.637202	0.137502	1.845838	0.140827	8.448705	0.145853	0.389713
0.142668	0.898004
0.150522	17.483868
0.127162	5.150032	0.147369	4.621526	0.137888	1.787830	0.145328	8.531402	0.140478	0.390795
0.142413	0.913268
0.130466	19.517901
0.153591	5.213246	0.149817	4.619972	0.137809	1.818626	0.136349	8.542126	0.137939	0.384676
0.136551	0.904805
0.139425	17.221690
0.148031	5.245345	0.136361	4.621275	0.137861	1.781606	0.140900	8.350479	0.139936	0.403751
0.159910	0.892553
0.132239	19.255943
0.149594	5.203399	0.140238	4.605841	0.137761	1.786101	0.135822	8.233064	0.147044	0.379249
0.130457	0.915089
0.132362	16.678053
0.136168	5.213528	0.138142	4.675765	0.137785	1.769353	0.134288	8.462926	0.145710	0.403187
0.152141	0.771099
0.131480	16.772175
delta = 3.000000, m = 70
0.134148	6.267004	0.144455	5.476891	0.137837	1.799879	0.144480	10.061793	0.134987	0.394177
0.138687	0.874350
0.133786	20.919664
0.148917	6.270944	0.146616	5.341585	0.137941	1.809120	0.138579	10.184202	0.136315	0.401700
0.143023	0.936071
0.155244	18.850792
0.146090	6.078283	0.144919	5.507842	0.137811	1.777231	0.142254	10.122530	0.138526	0.420760
0.136944	1.081604
0.134515	17.272193
0.135313	6.223806	0.140354	5.473582	0.137938	1.824435	0.147168	10.139577	0.139696	0.419001
0.140070	0.911448
0.120377	18.071374
0.143304	6.102740	0.143013	5.394183	0.138041	1.807253	0.141922	10.276881	0.135513	0.431282
0.144001	0.973676
0.117638	19.233968
0.129611	6.112919	0.140399	5.416540	0.137939	1.800245	0.136616	10.377389	0.135733	0.393043
0.138713	0.876681
0.163034	19.535423
0.139965	6.257270	0.150194	5.486263	0.137965	1.795454	0.134541	10.379836	0.135828	0.392220
0.156277	1.098745
0.117293	17.876341
0.139201	6.154952	0.139042	5.393706	0.137965	1.806900	0.142419	10.332842	0.140093	0.395323
0.147025	1.082782
0.151605	19.853708
0.141629	6.047064	0.150288	5.370667	0.138015	1.789379	0.145853	10.396956	0.135651	0.391709
0.139677	0.925661
0.132298	18.882441
0.133044	6.122047	0.144953	5.390451	0.137965	1.848539	0.141891	10.125024	0.134607	0.487142
0.138035	0.817101
0.140437	19.622827
0.135502	6.174336	0.141013	5.463211	0.137734	1.846478	0.141865	10.080481	0.135881	0.401250
0.134755	0.829223
0.149463	19.994834
0.140660	6.096741	0.131996	5.299319	0.137733	1.806882	0.140453	10.097793	0.134409	0.398552
0.141655	0.868574
0.136143	18.800576
0.131113	6.174527	0.128464	5.327892	0.137708	1.789289	0.135930	10.084936	0.135905	0.393740
0.143668	1.028173
0.131062	21.368331
0.153269	6.279488	0.136490	5.396834	0.137683	1.806269	0.140009	10.069457	0.133630	0.386948
0.140110	0.779314
0.129946	19.863510
0.137270	6.210154	0.144116	5.388757	0.137888	1.803156	0.134973	10.143552	0.134754	0.387686
0.165874	0.866734
0.132747	18.216104
0.140544	6.057416	0.144706	5.459325	0.138041	1.830918	0.141318	10.050432	0.145699	0.388520
0.160943	0.945354
0.165464	18.815520
0.156463	6.099218	0.145132	5.502547	0.137736	1.795004	0.137839	10.072169	0.137366	0.495398
0.139642	0.730380
0.131370	19.507735
0.137146	6.219286	0.138089	5.385532	0.137887	1.796975	0.134820	10.118428	0.138557	0.405364
0.133113	0.756730
0.132308	18.404543
0.136941	6.167213	0.149561	5.475507	0.138016	1.790877	0.138811	10.070909	0.141694	0.398844
0.127017	0.817145
0.112729	21.147615
0.126974	6.100451	0.137872	5.372289	0.137734	1.799577	0.135187	10.041089	0.135801	0.384944
0.135473	0.782616
0.130438	19.613058
0.141051	6.144777	0.148202	5.529845	0.137787	1.785435	0.137600	10.055067	0.137223	0.391124
0.091005	0.813045
0.131385	17.538830
0.141002	6.087607	0.142792	5.237804	0.137707	1.804608	0.140609	10.064058	0.137518	0.401178
0.097062	0.812462
0.120937	18.808939
0.149812	6.075499	0.153388	5.413050	0.137708	1.795385	0.140480	10.040100	0.133805	0.390195
0.139912	0.936205
0.131747	19.536585
0.135194	6.192999	0.141244	5.319309	0.137453	1.794446	0.141949	10.078219	0.135168	0.388697
0.143201	0.946762
0.142173	21.094911
0.131506	6.041319	0.152471	5.491288	0.138093	1.810357	0.137110	10.108734	0.139955	0.445893
0.137828	0.847301
0.164004	16.953115
0.142954	6.148419	0.144461	5.433403	0.137734	1.803337	0.135460	10.071407	0.141368	0.440816
0.160064	1.016637
0.152523	19.525012
0.136301	6.095909	0.141609	5.323200	0.137864	1.803886	0.137603	10.285655	0.142474	0.513119
0.162718	1.204516
0.164181	19.153615
0.137701	6.256633	0.139955	5.454248	0.137633	1.817296	0.141891	10.581456	0.139149	0.404750
0.136908	0.758175
0.128075	18.524197
0.147277	6.213748	0.145256	5.348025	0.138014	1.805207	0.140686	10.332051	0.138785	0.388348
0.083170	0.896285
0.162990	18.693019
0.129314	6.193272	0.144115	5.467424	0.137965	1.817295	0.137269	10.449201	0.135743	0.378380
0.137029	0.927491
0.130637	19.460368
0.139336	5.967440	0.146997	5.241018	0.137785	1.785802	0.134857	10.108674	0.135501	0.371385
0.161339	0.961912
0.163557	19.354282
0.137502	5.891414	0.141308	5.169662	0.137786	1.776859	0.149587	9.935552	0.138501	0.377537
0.152917	0.859104
0.155636	18.899289
0.140273	6.130322	0.141961	5.190442	0.137604	1.739670	0.136569	9.955735	0.138347	0.374491
0.153934	0.795058
0.130367	19.745626
0.137194	5.847503	0.135678	5.241496	0.137708	1.721568	0.141918	9.973881	0.135234	0.384987
0.147697	1.176070
0.134806	18.167680
0.150169	5.967777	0.133335	5.302792	0.137941	1.713685	0.137496	10.030631	0.137251	0.386995
0.142528	0.748937
0.131219	18.806103
0.158318	6.001473	0.139255	5.171287	0.137913	1.762569	0.144255	9.958441	0.139411	0.383741
0.157692	1.176854
0.154668	19.352167
0.143283	5.913083	0.140449	5.240420	0.137863	1.728023	0.143715	9.962379	0.138975	0.380460
0.163089	1.188064
0.130846	17.767917
0.132295	6.011465	0.147651	5.262451	0.137683	1.727543	0.137198	9.983573	0.136625	0.383846
0.113394	0.970453
0.130617	20.598733
0.145052	5.983725	0.134444	5.191503	0.137786	1.738298	0.142602	9.949192	0.140897	0.375811
0.140845	0.840946
0.155049	19.354622
0.154264	5.999136	0.138786	5.198631	0.137659	1.717434	0.137269	9.977883	0.141536	0.381938
0.140894	0.827985
0.131025	18.041706
0.137531	6.079765	0.137678	5.325430	0.137887	1.721599	0.138689	9.998855	0.142832	0.382954
0.153676	0.910501
0.163287	17.932341
0.147423	5.881568	0.142426	5.249712	0.137887	1.723558	0.142287	10.132320	0.142515	0.388740
0.136225	0.763898
0.120732	18.402520
0.146318	6.134881	0.140294	5.522380	0.137835	1.821482	0.142373	10.096413	0.135872	0.406054
0.108272	0.848102
0.156707	21.447318
0.145063	6.162561	0.139624	5.425262	0.137758	1.798610	0.138116	10.127922	0.136682	0.393981
0.161279	0.903261
0.118094	18.402736
0.140097	6.045166	0.140224	5.433091	0.137810	1.805737	0.137802	10.479987	0.137354	0.412290
0.135994	0.911650
0.133803	20.985665
0.139031	6.292710	0.135881	5.528408	0.138325	1.888153	0.140791	10.867380	0.134391	0.487929
0.149227	0.866646
0.130733	21.784127
0.132142	6.224566	0.133262	5.576946	0.137787	1.816919	0.140923	10.141062	0.136232	0.411257
0.135796	0.819392
0.128347	20.172293
0.137419	6.204441	0.148362	5.482055	0.137734	1.813478	0.148746	10.125372	0.136265	0.406857
0.166507	0.983682
0.116098	18.480553
0.151285	6.078116	0.149428	5.530554	0.138044	1.813459	0.136900	10.326358	0.133038	0.451007
0.135604	1.045438
0.132509	18.456310
0.140764	6.177694	0.145208	5.512572	0.137786	1.834004	0.136626	10.527935	0.138582	0.393875
0.140694	0.740104
0.132721	19.616217
delta = 3.000000, m = 80
0.136546	7.376763	0.135172	6.359451	0.138118	1.886953	0.135274	12.207676	0.137132	0.428347
0.151633	1.149116
0.127763	21.253965
0.132058	7.311450	0.144246	6.532275	0.137939	1.870117	0.137558	11.962216	0.139591	0.438066
0.133428	0.859732
0.131082	20.105627
0.149023	7.309240	0.146334	6.246116	0.138118	1.879625	0.138604	11.965542	0.134625	0.420246
0.138921	0.819282
0.130474	22.343959
0.136618	7.213391	0.141984	6.187032	0.137938	1.900800	0.136759	11.949701	0.141158	0.442958
0.137708	0.871388
0.133294	22.218982
0.140501	7.217936	0.147302	6.367892	0.137631	1.879882	0.141525	11.981607	0.140111	0.490642
0.141896	0.956830
0.131066	20.741981
0.144338	7.275762	0.131766	6.220473	0.137809	1.898130	0.146026	12.285166	0.138658	0.421248
0.115394	0.853117
0.132702	21.918428
0.139905	7.313249	0.141273	6.293639	0.137913	1.888021	0.138785	11.925857	0.136124	0.423792
0.131413	0.907801
0.132692	19.163100
0.132546	7.274443	0.134240	6.210943	0.137861	1.905466	0.139777	11.936983	0.139982	0.419314
0.139595	0.855390
0.128804	20.201420
0.139992	7.426002	0.143556	6.308547	0.137531	1.887578	0.133871	12.286018	0.137399	0.417717
0.162804	0.986415
0.127183	21.718277
0.138552	7.235532	0.144166	6.292637	0.137938	1.884478	0.135773	11.921232	0.140036	0.430086
0.118128	0.865731
0.132524	21.799395
0.147860	7.154900	0.144506	6.214292	0.137503	1.888585	0.138295	12.137461	0.135080	0.433483
0.139175	1.297967
0.120488	21.296878
0.150057	7.234848	0.144474	6.311240	0.137937	1.940292	0.142583	12.280236	0.139366	0.424044
0.134111	0.820017
0.130705	24.644194
0.134270	7.208971	0.150222	6.276179	0.138017	1.900150	0.136673	11.922883	0.139724	0.417241
0.161484	1.014621
0.164059	19.655107
0.140059	7.090214	0.139809	6.110365	0.137706	1.900165	0.140738	11.932741	0.139985	0.419379
0.101307	0.990502
0.165821	19.504137
0.145306	7.265355	0.150540	6.362412	0.138117	1.926622	0.132764	12.147386	0.137686	0.433776
0.144225	0.838718
0.120173	22.695791
0.138060	7.376741	0.143258	6.362816	0.137939	1.901180	0.140843	12.239042	0.137856	0.442830
0.145492	0.961652
0.131680	19.444795
0.127974	7.317160	0.142792	6.283448	0.138298	1.999059	0.139904	12.294047	0.142189	0.425308
0.139568	0.809846
0.124622	20.154326
0.140324	7.225008	0.137134	6.212396	0.137912	1.864356	0.142760	11.988952	0.138037	0.421836
0.168509	0.849044
0.137779	19.852774
0.141637	7.118902	0.141348	6.069281	0.138068	1.827320	0.138275	11.801832	0.140115	0.413511
0.138036	0.795698
0.131501	21.427925
0.140900	6.849235	0.134149	6.172977	0.137555	1.844006	0.139825	11.790933	0.138707	0.408869
0.135377	0.809309
0.130910	20.039063
0.139568	6.946117	0.140232	6.144510	0.138016	1.826620	0.134078	11.805088	0.143314	0.425486
0.147231	0.828594
0.131239	21.406376
0.137497	6.973372	0.139556	6.130983	0.137940	1.829622	0.133984	11.926397	0.137236	0.450854
0.142078	0.858855
0.127462	19.836703
0.152392	7.090867	0.144562	6.157403	0.138043	1.825275	0.142526	11.949008	0.134215	0.405473
0.141726	0.760364
0.131042	22.618465
0.144134	7.058808	0.148949	6.109235	0.137991	1.816843	0.138216	12.122386	0.139539	0.414172
0.137239	1.039032
0.127244	20.177620
0.139556	7.012111	0.143613	6.058233	0.137888	1.807800	0.140460	11.793447	0.136439	0.434509
0.134886	0.949179
0.132042	20.249438
0.128753	7.156956	0.142246	6.097637	0.137786	1.828302	0.134818	11.782452	0.143350	0.418419
0.135341	0.656205
0.131860	22.111362
0.154573	7.020038	0.142820	6.095746	0.138067	1.832650	0.138712	11.814771	0.134701	0.401396
0.079987	0.979363
0.131214	23.706830
0.141318	7.056509	0.143807	6.050585	0.137401	1.818729	0.143118	11.952843	0.135938	0.408209
0.152424	0.858734
0.132678	19.245406
0.135336	6.973185	0.148951	6.191352	0.137786	1.813598	0.140748	12.003817	0.140425	0.408082
0.131612	1.048227
0.126209	20.653116
0.138811	6.948804	0.137235	6.192572	0.138015	1.823415	0.139384	11.802902	0.140060	0.407077
0.149210	0.792132
0.132348	18.480764
0.134618	7.152651	0.145524	6.223937	0.137965	1.825900	0.137161	11.957253	0.148373	0.425746
0.136697	0.882753
0.158950	19.957538
0.131035	7.020187	0.144699	6.182980	0.137786	1.809367	0.145058	11.833738	0.143212	0.426432
0.078662	0.813290
0.163983	22.579854
0.139385	7.041042	0.149722	6.050207	0.137811	1.799477	0.136468	11.803429	0.136407	0.419327
0.069516	0.824013
0.131820	19.782972
0.138674	7.128170	0.138838	6.021334	0.137990	1.838102	0.142261	11.839427	0.141213	0.473646
0.133605	0.866050
0.131999	21.968816
0.140575	7.149612	0.137699	6.093273	0.137683	1.816066	0.142681	11.984446	0.140085	0.415197
0.137841	0.914496
0.132212	19.050252
0.128933	7.033693	0.138556	6.072271	0.137888	1.967501	0.145167	11.802329	0.137911	0.416080
0.139775	0.865664
0.131516	20.379983
0.153237	7.155053	0.141735	6.021210	0.137937	1.832043	0.137266	11.771670	0.136851	0.531233
0.141292	0.834198
0.133243	21.658819
0.149738	7.078722	0.142487	6.015422	0.137761	1.811907	0.136502	11.771951	0.142137	0.523827
0.149147	1.015130
0.131965	21.916989
0.139334	6.910201	0.130488	6.182062	0.138067	1.827909	0.139956	11.770729	0.136676	0.415628
0.146624	1.117967
0.128107	20.377979
0.139722	6.976115	0.142053	6.056674	0.137708	1.813935	0.140703	11.785268	0.134470	0.444991
0.151350	1.022056
0.162289	21.000057
0.133986	7.061658	0.146053	6.064595	0.138221	1.842411	0.141288	11.965717	0.140452	0.407562
0.147135	0.785426
0.122063	21.989318
0.136953	6.903132	0.145520	5.992679	0.138119	1.895622	0.133733	11.820717	0.142591	0.431010
0.135496	0.839871
0.133184	21.165308
0.134216	6.901474	0.148120	6.058304	0.137706	1.833164	0.139723	11.883158	0.137274	0.406242
0.153761	0.968030
0.152099	20.763650
0.151129	7.073345	0.140809	6.084658	0.137759	1.831598	0.142980	11.803228	0.137349	0.413017
0.157987	0.873286
0.130807	17.915482
0.135126	7.036927	0.154206	6.156675	0.137886	1.824207	0.140217	11.837263	0.135534	0.404935
0.154618	0.862872
0.138195	18.667972
0.131018	7.075237	0.144826	6.115030	0.137860	1.845842	0.140790	11.777538	0.136954	0.405038
0.138837	1.071144
0.130607	20.189198
0.140354	7.064163	0.150969	6.072446	0.137734	1.810738	0.142025	12.001210	0.135388	0.436667
0.141114	0.916589
0.117979	21.426389
0.141773	6.934118	0.141163	5.950299	0.137938	1.834358	0.136660	11.984427	0.135350	0.413751
0.138998	0.836853
0.138745	19.268140
0.150574	7.039414	0.149898	6.182445	0.137939	1.885309	0.136225	11.801614	0.138483	0.547032
0.132778	0.950491
0.131010	21.482458
0.138321	7.079875	0.141017	6.101434	0.137682	1.812240	0.147218	11.813338	0.138918	0.406963
0.135540	0.815217
0.116541	22.541261
delta = 3.000000, m = 90
0.139227	8.133353	0.150322	6.916496	0.137989	1.929791	0.143190	14.556670	0.140818	0.480109
0.132818	0.828273
0.131303	21.992595
0.146487	8.077832	0.131521	6.941992	0.137733	1.936916	0.138864	15.259989	0.136545	0.457086
0.114876	0.879561
0.130365	22.230622
0.138190	8.132128	0.141349	6.912758	0.137864	1.948632	0.141576	14.576538	0.135865	0.625057
0.138946	0.804104
0.131710	24.116611
0.140947	8.099286	0.147164	7.069772	0.137914	1.966320	0.136784	14.606273	0.135124	0.602338
0.138578	1.080925
0.131431	24.358587
0.136657	8.179728	0.136135	6.924208	0.137914	1.986472	0.140924	15.232501	0.138373	0.460321
0.157607	1.235636
0.131618	24.228710
0.131662	8.116133	0.140818	7.138790	0.138015	1.968298	0.135240	14.853075	0.137323	0.451034
0.143873	0.876241
0.131225	22.533702
0.134461	8.094230	0.139310	6.794477	0.137812	1.949473	0.137345	14.588745	0.138630	0.462213
0.144113	1.109159
0.133966	22.055669
0.135671	8.208488	0.141619	6.904162	0.137965	1.939208	0.137967	15.196499	0.136956	0.461939
0.136079	0.794276
0.155209	20.907479
0.135157	8.077293	0.142230	6.981185	0.138169	1.954167	0.142049	14.693084	0.135672	0.465684
0.133020	0.804805
0.138473	22.033650
0.142522	8.166866	0.139512	7.121475	0.138221	1.955416	0.142449	14.594116	0.138994	0.466067
0.116842	0.958824
0.154525	20.975313
0.148180	8.084160	0.146279	6.829034	0.137864	1.932636	0.134343	15.202963	0.137195	0.457222
0.049190	0.821508
0.131282	23.906373
0.130008	8.104010	0.141975	6.971159	0.137608	1.949259	0.140660	14.737591	0.137477	0.450174
0.136540	0.784182
0.132326	20.837477
0.140970	8.149099	0.137390	7.014224	0.138015	1.963559	0.148198	14.807891	0.140138	0.450981
0.153844	1.082489
0.131724	21.598210
0.136749	8.150894	0.138294	7.000069	0.137655	1.963626	0.141000	15.380049	0.140190	0.452945
0.160386	0.862003
0.125616	21.793555
0.141936	8.106257	0.143054	6.973956	0.137937	2.071586	0.138246	15.105653	0.137913	0.469226
0.075349	0.975733
0.157074	23.016530
0.140086	8.141013	0.151981	6.930136	0.137887	1.956499	0.138036	14.596911	0.137604	0.469830
0.116605	0.954761
0.130515	23.867160
0.142849	8.092226	0.140857	6.941376	0.137809	1.951449	0.137287	15.180931	0.137068	0.463174
0.094953	0.922803
0.134433	22.582815
0.142036	8.078382	0.133507	6.983916	0.137683	2.006705	0.142603	14.581067	0.139438	0.476056
0.087392	0.927626
0.120590	22.081249
0.143126	8.246982	0.138923	6.977200	0.138017	1.940722	0.135036	14.665429	0.136269	0.465124
0.106939	1.036835
0.127829	23.641853
0.140659	8.191443	0.138580	6.835791	0.137580	1.946589	0.134712	15.237206	0.136853	0.471406
0.134771	1.113521
0.132076	20.496748
0.151415	8.122190	0.154511	6.988239	0.138117	2.042687	0.141550	14.847378	0.134810	0.466993
0.002445	0.815848
0.129847	21.085278
0.142109	8.224228	0.142249	7.010051	0.137761	1.952177	0.138579	14.747390	0.137525	0.457870
0.134395	0.935498
0.132961	22.507391
0.133839	8.125014	0.144937	6.992719	0.138093	1.966312	0.140634	14.729124	0.137209	0.503676
0.132947	0.969852
0.130314	23.395420
0.138660	8.070632	0.138379	6.900741	0.137758	1.970129	0.136186	15.352648	0.136806	0.474375
0.144122	0.976659
0.132671	22.640985
0.143224	8.121106	0.142854	7.043855	0.138015	1.969792	0.142207	14.862803	0.139411	0.461084
0.148432	0.897186
0.134114	21.419615
0.140705	8.137736	0.137443	6.942358	0.137990	1.993741	0.136856	14.730000	0.140951	0.462458
0.155928	1.114759
0.120420	22.004166
0.135951	8.048906	0.144314	6.930724	0.138195	1.954723	0.136217	15.151831	0.138270	0.589066
0.136207	0.883487
0.128546	20.261322
0.149010	8.139912	0.135914	7.084553	0.138067	1.952310	0.140634	14.578563	0.136654	0.448322
0.136019	1.019619
0.134721	22.330610
0.139210	8.195632	0.136868	6.849167	0.138247	1.954736	0.142182	14.684666	0.142197	0.480403
0.134902	0.868763
0.132271	23.570072
0.144903	8.116140	0.137729	6.879184	0.137809	1.934578	0.138656	15.347111	0.139463	0.467194
0.164533	1.261595
0.131144	22.699868
0.142264	8.273792	0.145519	6.877787	0.137888	1.955308	0.140686	14.753834	0.140399	0.463928
0.158225	1.082127
0.153729	23.160037
0.141367	8.100594	0.138837	7.124517	0.138042	1.941329	0.139877	14.696457	0.135056	0.461206
0.157664	0.900085
0.132990	20.838963
0.142931	8.108882	0.139851	6.968587	0.137657	1.936553	0.138451	15.302758	0.139361	0.454373
0.080189	0.925625
0.132755	19.765097
0.142505	8.186806	0.151872	6.959439	0.137937	1.941642	0.143216	14.674602	0.138785	0.453301
0.142608	0.956872
0.132070	22.854982
0.139279	8.109697	0.149986	6.934373	0.137761	1.937660	0.142156	14.921303	0.137890	0.609984
0.138890	0.830322
0.130659	20.678900
0.133901	8.151753	0.142350	6.872532	0.137860	1.958007	0.139929	15.352315	0.138968	0.462949
0.142530	1.031936
0.132233	23.768862
0.142857	8.104963	0.144793	6.805105	0.137911	1.944533	0.139643	14.544945	0.135351	0.459666
0.156518	1.088577
0.132715	21.969255
0.133152	8.288339	0.136104	6.938933	0.137811	1.945414	0.137988	14.768906	0.134814	0.455676
0.136264	0.838208
0.116804	25.364806
0.131384	8.128559	0.146134	7.011423	0.137991	1.935976	0.138319	15.092406	0.139773	0.475726
0.094544	0.867282
0.125854	22.816959
0.140141	8.155332	0.151097	6.910975	0.138272	1.965529	0.140660	14.721503	0.133858	0.470597
0.142474	1.166181
0.131698	24.847026
0.141928	8.072978	0.138970	7.035647	0.137863	1.961728	0.137005	14.669163	0.137014	0.472503
0.141130	0.930817
0.131908	24.287950
0.136772	8.168943	0.147495	6.912874	0.138195	1.959281	0.137884	15.683187	0.140720	0.461088
0.139515	1.258642
0.131350	21.094959
0.137369	8.099266	0.136419	6.962309	0.137966	1.947730	0.138178	14.583408	0.140451	0.456403
0.122470	0.912623
0.131891	25.485972
0.146362	8.253290	0.137235	6.922212	0.137989	1.943674	0.138271	14.620364	0.139280	0.459003
0.015706	0.812011
0.131640	21.678199
0.141819	8.033931	0.141641	6.896190	0.138041	1.953373	0.134487	15.327300	0.138838	0.480479
0.151149	1.025146
0.130615	22.630639
0.136802	8.015546	0.135638	6.944575	0.138143	1.950577	0.136397	14.750862	0.145617	0.462628
0.134457	0.846982
0.114675	22.605899
0.132504	8.112181	0.145606	6.992033	0.137606	1.951101	0.140007	14.861909	0.141577	0.466768
0.162222	1.204014
0.139078	23.040779
0.145886	8.012897	0.137776	6.899930	0.137862	1.939055	0.137792	15.757771	0.142078	0.467612
0.136347	0.815245
0.129828	24.449574
0.136010	8.030282	0.144101	6.875288	0.137966	1.945004	0.135789	14.603529	0.138215	0.458777
0.138921	0.876369
0.138394	21.766509
0.139955	8.048771	0.137570	6.950215	0.137784	1.955484	0.141947	14.627994	0.139671	0.448381
0.142771	1.072071
0.132112	23.923132
delta = 3.000000, m = 100
0.144342	9.173351	0.141290	7.902304	0.137708	2.061332	0.142506	17.439897	0.138707	0.507938
0.015850	0.933616
0.127038	21.568502
0.140976	9.227920	0.137705	7.912720	0.137941	2.072082	0.141053	17.575020	0.138891	0.505031
0.116474	0.857860
0.116763	25.269381
0.135338	9.172059	0.142507	7.935369	0.137888	2.057276	0.139723	17.561771	0.135780	0.487595
0.161229	1.028595
0.132058	24.461039
0.145666	9.185675	0.145912	7.912976	0.137911	2.035396	0.137521	16.765226	0.136724	0.491347
0.141002	0.871056
0.154089	24.768118
0.138195	9.313253	0.140324	7.892820	0.137937	2.044172	0.137266	17.690862	0.134327	0.663151
0.158010	1.007776
0.168674	23.395423
0.138578	9.151425	0.148022	7.805470	0.138066	2.043254	0.141472	16.991374	0.137916	0.489664
0.099075	0.884208
0.165224	22.767192
0.146384	9.228085	0.145004	8.068026	0.137989	2.053708	0.140790	17.682427	0.138631	0.493120
0.139201	0.858542
0.137418	24.449820
0.138164	9.149998	0.141088	7.794599	0.137735	2.023779	0.138920	16.875346	0.138606	0.652855
0.024796	0.932878
0.125536	24.017793
0.139643	9.159519	0.147936	7.823943	0.137784	2.047539	0.141131	17.761259	0.140190	0.493562
0.156847	0.827575
0.132705	24.867699
0.148103	9.277363	0.142715	7.871783	0.137990	2.065793	0.138786	16.940253	0.136749	0.487092
0.148033	1.012636
0.131724	21.385438
0.145225	9.129437	0.141604	7.742968	0.138092	2.041889	0.138295	17.630043	0.136088	0.483460
0.161237	1.060604
0.130804	24.354099
0.135346	9.239737	0.137596	7.821467	0.138169	2.043978	0.137657	17.200134	0.138243	0.485145
0.142050	0.934911
0.129643	23.418799
0.139985	9.258203	0.141694	7.843407	0.138041	2.065208	0.138478	16.985571	0.139565	0.502231
0.141554	1.005360
0.133997	26.509157
0.136878	9.181041	0.140365	8.046223	0.138169	2.046222	0.141605	17.105213	0.137417	0.492342
0.096540	0.917426
0.123917	25.152532
0.138604	9.417857	0.136977	7.791740	0.138195	2.040663	0.136815	17.111090	0.138229	0.553247
0.013117	0.939537
0.130816	24.013273
0.144430	9.195788	0.137161	7.973507	0.137654	2.120683	0.137419	17.268784	0.134822	0.502493
0.014196	0.970767
0.133035	26.383463
0.137985	9.173811	0.145323	7.791962	0.137861	2.043803	0.134775	17.969796	0.133250	0.542766
0.139073	1.060047
0.131764	26.760202
0.127643	9.187797	0.139930	7.931838	0.137835	2.056613	0.142423	16.835908	0.137347	0.493880
0.070870	0.922731
0.146831	25.971154
0.134325	9.188565	0.149190	7.953567	0.138041	2.040114	0.138560	17.471265	0.136962	0.480818
0.096848	0.900198
0.131008	24.240831
0.138889	9.112145	0.139253	7.763188	0.137812	2.028594	0.135704	17.030389	0.139385	0.490942
0.152042	0.950329
0.133438	22.079230
0.131510	9.279397	0.136265	7.808288	0.138195	2.055796	0.137677	16.910061	0.139747	0.511098
0.154545	0.991984
0.131443	24.515917
0.144304	9.277369	0.142659	7.769464	0.138066	2.117355	0.140164	17.289797	0.137432	0.489491
0.144291	1.086915
0.130911	23.611566
0.150536	9.240709	0.145948	7.789235	0.138298	2.073116	0.137677	16.898471	0.137726	0.491347
0.141681	1.034377
0.130863	23.612709
0.144064	9.311910	0.149194	7.823536	0.137991	2.034221	0.138060	17.513058	0.138684	0.495776
0.097980	0.955622
0.160303	25.708025
0.148337	9.459488	0.141552	7.876596	0.137912	2.033600	0.139619	17.333544	0.140242	0.504437
0.135827	1.099306
0.131896	22.539390
0.136849	9.286777	0.151973	7.969864	0.137606	2.035559	0.136843	18.486545	0.134841	0.498484
0.142999	1.120611
0.125824	25.026317
0.146210	9.400397	0.140795	7.864360	0.138246	2.047842	0.138306	16.865211	0.138011	0.652931
0.138429	0.890594
0.137454	26.360709
0.137785	9.203016	0.143528	7.761983	0.138298	2.042161	0.140659	17.509588	0.139462	0.496048
0.139329	0.827503
0.160293	24.537747
0.139671	9.231335	0.136700	7.857328	0.137913	2.182832	0.136405	17.329081	0.135829	0.490553
0.166602	0.980568
0.132565	24.072735
0.140880	9.228742	0.135411	8.008717	0.137887	2.055004	0.136351	17.604017	0.137657	0.487361
0.149126	0.893504
0.133243	23.059590
0.134690	9.227209	0.145988	7.970301	0.137862	2.062061	0.135193	16.941288	0.136302	0.492698
0.147670	0.902013
0.131217	23.077253
0.133607	9.219169	0.140948	7.911979	0.137939	2.086116	0.138528	17.812747	0.136424	0.491052
0.151302	1.078193
0.132490	23.986150
0.141054	9.163607	0.139235	7.897123	0.137989	2.039299	0.139460	17.063014	0.137164	0.499709
0.014227	0.993079
0.130033	27.273941
0.140244	9.335886	0.144777	7.923311	0.138401	2.026543	0.137529	17.617112	0.139957	0.490737
0.134855	0.873249
0.132155	26.712642
0.132118	9.266720	0.142601	7.948236	0.137937	2.041383	0.139569	16.936963	0.138737	0.516667
0.160186	0.900129
0.129187	25.928247
0.136833	9.415897	0.142150	7.926718	0.138066	2.051549	0.138721	17.812758	0.138840	0.509868
0.155849	0.865223
0.131237	24.722542
0.135980	9.294625	0.141402	7.930385	0.138018	2.044633	0.139025	16.929268	0.138686	0.487017
0.160076	0.848306
0.129604	23.400847
0.133328	9.251618	0.145081	7.834859	0.137886	2.049930	0.136555	17.632976	0.136613	0.676351
0.022583	0.874087
0.131626	26.376943
0.141110	9.300971	0.145300	7.819011	0.137811	2.101463	0.141052	17.051778	0.137802	0.494132
0.158368	1.139785
0.132289	24.135596
0.139585	9.301445	0.136184	7.845495	0.137734	2.044963	0.139228	17.669360	0.137650	0.490367
0.047209	0.819735
0.163974	24.517602
0.136827	9.288306	0.151523	7.867442	0.137991	2.043168	0.147849	16.870519	0.139903	0.510643
0.157399	0.995592
0.133994	24.108741
0.145024	9.186789	0.142346	7.820177	0.138069	2.039820	0.138067	17.565970	0.139177	0.502513
0.160267	0.937201
0.134383	22.816821
0.142989	9.264952	0.141041	8.038724	0.137837	2.037440	0.137674	16.968752	0.138197	0.478737
0.134586	1.026844
0.133689	23.915589
0.138693	9.202724	0.138656	7.960364	0.138169	2.061887	0.139616	17.835371	0.139408	0.496670
0.023427	0.852867
0.131936	24.144949
0.140034	9.314071	0.138397	7.922828	0.137682	2.037956	0.139799	17.103368	0.140346	0.487174
0.153401	0.991765
0.117809	23.870261
0.145545	9.239449	0.145905	7.848928	0.137427	2.039994	0.137534	17.646039	0.140372	0.498432
0.136604	1.305155
0.131442	24.555114
0.141377	9.142913	0.143577	7.934877	0.138375	2.051289	0.139435	17.090473	0.139435	0.494921
0.164487	0.958517
0.132717	25.259000
0.145422	9.211438	0.140356	7.958096	0.137963	2.065350	0.135408	17.737605	0.137191	0.657261
0.132770	0.809408
0.134779	25.968838
0.127789	9.230783	0.133075	7.787674	0.138066	2.065062	0.136300	16.895884	0.140164	0.488054
0.139934	1.089162
0.131751	25.428752
0.140487	9.126828	0.153237	7.924998	0.137965	2.042024	0.140294	17.448148	0.139851	0.494941
0.139304	1.039865
0.138526	24.420014
