delta = 0.230000, m = 10
0.118707	13.774756	0.121736	0.385294	0.117629	0.358978	0.122360	1.782520	0.118838	0.161523
0.101179	1.080708
0.151484	15.486372
0.117523	0.360067	0.122217	0.350401	0.118340	0.346357	0.121589	1.811399	0.117505	0.125787
0.006624	1.583089
0.140841	16.786550
0.119907	0.403613	0.118274	0.420011	0.122360	0.348375	0.118099	1.801701	0.121085	0.131820
0.089460	1.426112
0.152513	14.434948
0.117757	0.355686	0.119907	0.379135	0.120940	0.352868	0.121523	1.815341	0.118707	0.168171
0.093934	1.180779
0.143048	15.534349
0.118686	0.412549	0.122416	0.379520	0.120421	0.308705	0.120893	1.825975	0.121710	0.159400
0.083608	1.324989
0.152513	15.924778
0.127355	0.389654	0.117609	0.496088	0.118358	0.349813	0.120958	1.799929	0.117783	0.135696
0.001480	1.192447
0.151484	13.805658
0.121737	0.346015	0.118274	0.423383	0.118581	0.311774	0.117783	1.799011	0.117294	0.143682
0.000309	0.998370
0.145994	16.651773
0.118770	0.426136	0.118382	0.418072	0.118766	0.345371	0.121523	1.791887	0.118581	0.107027
0.000142	1.060351
0.145806	14.622779
0.118707	0.363847	0.123122	0.376714	0.118358	0.339933	0.117980	1.810461	0.116120	0.161582
0.003645	0.958383
0.144157	15.261749
0.117980	0.371337	0.118581	0.344816	0.118766	0.362239	0.118074	1.769440	0.118707	0.150908
0.117115	2.044967
0.146801	13.397165
0.120958	0.407318	0.118553	0.416726	0.118046	0.312612	0.117333	1.793246	0.117333	0.166158
0.075936	1.450700
0.151484	15.764059
0.117989	0.339257	0.117994	0.353913	0.118599	0.344703	0.118581	1.796776	0.121404	0.149852
0.097962	1.136973
0.151484	12.068784
0.117783	0.400638	0.122249	0.440196	0.117333	0.359769	0.122360	1.762978	0.117278	0.144457
0.005088	0.989523
0.151484	14.450583
0.120465	0.398996	0.128736	0.335162	0.117629	0.351853	0.121589	1.788440	0.120542	0.144001
0.012426	1.127455
0.146652	17.039125
0.117533	0.420423	0.121843	0.392515	0.117980	0.354894	0.118846	1.757307	0.117317	0.152096
0.000284	1.108894
0.152513	15.939045
0.117696	0.401694	0.121523	0.417894	0.117980	0.361853	0.118046	1.779253	0.117783	0.159694
0.001796	1.239594
0.151484	14.696283
0.118581	0.373774	0.119621	0.381486	0.121523	0.339815	0.117609	1.816257	0.121654	0.157198
0.001481	1.077838
0.146020	15.826392
0.121311	0.436928	0.117333	0.444716	0.121516	0.303411	0.117629	1.806023	0.117278	0.165589
0.000153	1.207299
0.147467	16.784181
0.121997	0.402643	0.120875	0.383972	0.117550	0.343663	0.118046	1.781445	0.117333	0.169456
0.003486	0.868583
0.151484	14.863920
0.116839	0.372478	0.119716	0.359479	0.117333	0.346514	0.120940	1.790527	0.117783	0.151220
0.000211	1.290631
0.143947	13.871487
delta = 0.230000, m = 20
0.117980	0.865551	0.118581	0.717284	0.118313	0.470466	0.117278	3.548807	0.117980	0.191590
0.117989	1.343056
0.165483	21.794351
0.120237	0.735055	0.117523	0.759947	0.118046	0.501437	0.120958	3.530361	0.118525	0.204420
0.113573	0.954748
0.161559	25.122824
0.117783	0.736668	0.120940	0.805948	0.120958	0.526389	0.118074	3.579251	0.117609	0.213667
0.117625	1.004864
0.164217	23.875552
0.118274	0.803514	0.117609	0.778226	0.117592	0.524972	0.117278	3.561657	0.118766	0.183722
0.121080	0.984894
0.163020	23.942386
0.120940	0.728473	0.118099	0.720229	0.121700	0.525862	0.117931	3.542175	0.118046	0.217951
0.120165	1.019866
0.147602	24.538634
0.117333	0.795719	0.117980	0.814267	0.118099	0.523780	0.122217	3.546614	0.120958	0.198142
0.006835	0.875842
0.159323	22.873168
0.121523	0.747882	0.117333	0.705578	0.118599	0.502785	0.122378	3.562249	0.117783	0.206085
0.118948	1.252737
0.160574	23.443092
0.117592	0.858567	0.121700	0.765541	0.118274	0.527214	0.117560	3.537989	0.121682	0.204491
0.115557	0.741671
0.156478	24.427408
0.117783	0.739381	0.118099	0.744251	0.121589	0.509782	0.117523	3.589443	0.121367	0.206549
0.123876	1.100882
0.167257	22.456265
0.118274	0.830555	0.117931	0.731780	0.118274	0.536302	0.120958	3.574216	0.120393	0.213834
0.119562	1.023466
0.159323	24.511654
0.117592	0.804736	0.121523	0.710768	0.117592	0.551136	0.121523	3.591330	0.118046	0.184409
0.109309	1.106928
0.159323	23.324578
0.122217	0.803039	0.118274	0.764161	0.117312	0.515968	0.117783	3.579267	0.118603	0.213901
0.122834	0.945931
0.159323	23.245065
0.118766	0.800836	0.118099	0.787211	0.121516	0.511695	0.117931	3.584106	0.120958	0.216183
0.115491	1.046566
0.159323	23.095786
0.122217	0.746549	0.117592	0.740692	0.120940	0.516385	0.118046	3.594316	0.117433	0.217692
0.000006	0.766288
0.156478	24.689916
0.121516	0.788298	0.118046	0.715647	0.120940	0.495329	0.117931	3.566824	0.119486	0.206464
0.124163	1.142797
0.145137	23.304134
0.118553	0.817015	0.120940	0.733810	0.122360	0.521050	0.117278	3.600738	0.117433	0.206562
0.115488	0.976179
0.140495	20.912276
0.122378	0.834353	0.122360	0.807229	0.117433	0.529913	0.117592	3.621217	0.122388	0.162903
0.114470	1.769518
0.136298	22.378547
0.117931	0.861832	0.121720	0.746354	0.122217	0.519413	0.122217	3.625369	0.117629	0.179490
0.115207	1.205153
0.147418	24.135971
0.121852	0.757552	0.120940	0.691491	0.121997	0.488477	0.118046	3.574648	0.117505	0.218463
0.119610	0.928160
0.109518	23.173965
0.120958	0.751517	0.118581	0.819437	0.118581	0.515230	0.117931	3.675369	0.119430	0.158656
0.127026	0.919519
0.164217	23.123460
delta = 0.230000, m = 30
0.117980	1.372897	0.120958	1.205359	0.121700	0.693449	0.117980	5.453846	0.117629	0.253150
0.111124	0.911324
0.159756	30.957441
0.120627	1.208588	0.118046	1.244793	0.121523	0.694207	0.117523	5.401492	0.122360	0.253348
0.127717	1.794956
0.156961	30.301547
0.120958	1.211058	0.122217	1.167970	0.117592	0.678488	0.118099	5.446263	0.121682	0.262962
0.115517	0.737884
0.185599	29.988574
0.117333	1.383979	0.122360	1.235906	0.121315	0.648992	0.120958	5.390030	0.118099	0.243839
0.118117	0.923040
0.156467	29.891041
0.117523	1.309633	0.117609	1.248201	0.121852	0.697261	0.121516	5.429285	0.117577	0.261252
0.117998	0.892655
0.145927	31.498774
0.117333	1.260929	0.117278	1.172387	0.118046	0.704148	0.122360	5.470102	0.118046	0.246803
0.111738	0.765288
0.128223	32.301372
0.117312	1.325555	0.117931	1.198468	0.118274	0.689411	0.118046	5.481984	0.119069	0.216070
0.115632	1.103014
0.158597	27.975623
0.121523	1.301287	0.118581	1.210785	0.120958	0.695755	0.120940	5.456831	0.117609	0.227243
0.115446	0.987145
0.148129	33.125624
0.117523	1.362716	0.121700	1.272983	0.117278	0.693475	0.118099	5.600496	0.117523	0.225589
0.119733	0.822251
0.134701	30.664126
0.117523	1.234014	0.118274	1.216093	0.120875	0.699642	0.121589	5.403273	0.118581	0.258737
0.115727	1.392479
0.180818	32.707520
0.117609	1.288612	0.118099	1.196864	0.117333	0.691819	0.117560	5.441634	0.122378	0.229003
0.120238	1.311849
0.142880	31.546284
0.117333	1.342333	0.117523	1.168332	0.121523	0.692574	0.118074	5.397307	0.122360	0.254031
0.121526	0.874165
0.172195	29.563159
0.118603	1.433408	0.117980	1.216074	0.121523	0.691578	0.118603	5.432347	0.117629	0.259275
0.115718	0.988093
0.179163	31.965036
0.117333	1.372362	0.117783	1.174687	0.120893	0.666129	0.118099	5.435090	0.122360	0.348086
0.115974	1.171534
0.128735	31.766652
0.117931	1.413701	0.117278	1.169525	0.117609	0.700142	0.120940	5.436911	0.117577	0.265738
0.114783	0.929269
0.162202	30.895257
0.122217	1.517518	0.118046	1.359631	0.118046	0.871971	0.117609	5.921856	0.117333	0.296220
0.003096	1.116951
0.180818	26.698111
0.117560	1.353706	0.121852	1.178853	0.120958	0.705533	0.117592	5.432546	0.117609	0.251603
0.117090	1.210610
0.165887	34.755442
0.117931	1.437380	0.118766	1.362826	0.120958	0.807470	0.117931	5.928975	0.121533	0.260000
0.124675	1.345256
0.189848	36.214697
0.117783	1.630602	0.121852	1.387790	0.118581	0.773153	0.118099	6.002931	0.121589	0.276547
0.113366	1.542485
0.174441	30.881324
0.117312	1.293632	0.118603	1.270220	0.117523	0.825485	0.117931	5.484346	0.117592	0.264224
0.003374	1.011735
0.172739	29.763105
delta = 0.230000, m = 40
0.118766	2.122177	0.121516	1.584068	0.117629	0.857670	0.121700	7.309304	0.120875	0.302376
0.109714	0.974041
0.124053	36.008474
0.117523	2.022638	0.117278	1.648810	0.121664	0.810472	0.117592	7.335911	0.117278	0.297122
0.112223	1.056810
0.158346	41.723936
0.117278	2.791749	0.121700	1.717664	0.122378	0.977221	0.120940	7.916516	0.117433	0.385599
0.106946	1.109095
0.151691	43.736187
0.118581	2.120111	0.117278	2.025489	0.118603	1.040804	0.117523	7.521578	0.117931	0.399088
0.111948	1.590235
0.136457	41.729036
0.117523	2.426876	0.117980	1.938231	0.118099	0.961874	0.118046	7.530824	0.118046	0.344921
0.006644	0.934527
0.136940	40.087513
0.121523	1.926832	0.117560	1.713510	0.117523	1.015643	0.117561	7.505060	0.118707	0.291292
0.115093	1.187659
0.149882	42.793357
0.121700	1.832969	0.121523	1.650026	0.118274	0.864035	0.117980	7.426525	0.117783	0.305569
0.004078	1.036007
0.144518	45.403749
0.118099	2.425891	0.117592	1.807800	0.117931	0.887171	0.117278	8.028776	0.121404	0.315696
0.111943	1.023124
0.151900	38.356361
0.117931	1.893262	0.118074	1.628030	0.117592	0.867780	0.118766	7.305035	0.118581	0.296938
0.003879	0.736339
0.133947	36.497492
0.121523	1.945965	0.117609	1.615843	0.117629	0.926554	0.117560	7.420836	0.118046	0.293651
0.118610	1.018475
0.144294	36.766644
0.117560	1.925587	0.120958	1.715285	0.118074	0.990278	0.117629	7.339229	0.118099	0.294727
0.112866	0.880180
0.145567	39.914333
0.118046	1.951029	0.117592	1.780573	0.117312	0.922592	0.121523	7.769834	0.121516	0.291225
0.005877	1.242824
0.150581	38.285276
0.117278	1.864866	0.118046	1.654251	0.118274	1.024603	0.118101	7.321205	0.117609	0.298816
0.114385	0.943119
0.124060	38.073775
0.117931	1.897308	0.122360	1.600480	0.119716	0.805508	0.122217	7.316142	0.119069	0.251042
0.112423	0.875604
0.139300	38.420474
0.117980	2.031483	0.118581	1.716410	0.117560	0.863390	0.117783	7.325473	0.118581	0.295213
0.118524	1.135479
0.136030	37.980489
0.117783	1.958566	0.117592	1.752614	0.118525	0.839269	0.117333	7.286545	0.117560	0.287711
0.105754	1.054152
0.124707	36.534858
0.120893	2.119970	0.120958	1.643065	0.117278	0.860065	0.117523	7.492393	0.117980	0.319565
0.001477	1.023081
0.129631	38.306821
0.117592	1.952271	0.117333	1.696796	0.117523	0.955012	0.117783	7.292868	0.118581	0.304290
0.117916	0.866499
0.139300	37.642464
0.121523	1.801684	0.118581	1.644114	0.121161	0.836990	0.117523	7.334055	0.118766	0.288125
0.119507	0.897344
0.154930	35.398526
0.118581	1.915388	0.117783	1.689963	0.118588	0.832294	0.117931	7.334588	0.118046	0.324000
0.109958	1.102532
0.132059	39.177072
delta = 0.230000, m = 50
0.118099	2.718375	0.118046	2.088756	0.117783	1.162838	0.121367	9.193439	0.121227	0.361266
0.002835	1.054158
0.150725	41.976975
0.117783	2.578719	0.118766	2.174077	0.117333	1.031260	0.118046	9.518294	0.117312	0.367121
0.004924	1.067226
0.143088	43.311911
0.118766	2.701253	0.117278	2.167258	0.118046	1.181429	0.121852	9.250474	0.117609	0.369214
0.005081	0.958920
0.192422	43.962853
0.117278	2.729892	0.118581	2.073333	0.118581	1.186890	0.121682	9.349108	0.118603	0.339796
0.107163	1.329496
0.197220	43.043392
0.117523	2.593452	0.117561	2.193235	0.121516	1.165658	0.118581	9.382634	0.117561	0.346490
0.001646	1.233816
0.171584	40.046899
0.120893	2.688492	0.117931	2.311288	0.118581	1.109780	0.118274	9.333830	0.122217	0.358320
0.112934	0.984133
0.182480	45.609772
0.121516	2.439731	0.117278	2.172036	0.118046	1.018991	0.121589	9.609056	0.118581	0.374026
0.033485	1.030536
0.127432	43.377332
0.120677	2.456405	0.118581	2.196252	0.121852	1.138327	0.118099	9.810640	0.118074	0.348802
0.109682	1.257406
0.182274	43.593222
0.120738	2.589239	0.117561	2.193643	0.118588	1.018961	0.118046	9.543148	0.117980	0.375858
0.106868	0.961281
0.152519	44.323794
0.117931	2.694601	0.118603	2.241468	0.121852	1.151903	0.117278	9.457379	0.117523	0.355267
0.115013	1.353673
0.132946	40.359382
0.117278	2.680771	0.120958	2.200698	0.117333	1.045591	0.118603	9.572602	0.118042	0.310904
0.004385	1.397731
0.139392	45.345190
0.122360	2.597722	0.121516	2.189063	0.120627	1.109034	0.121516	9.315216	0.118766	0.362660
0.014828	0.852122
0.158346	44.825378
0.121997	2.586651	0.120417	2.138368	0.122378	1.160292	