delta = 0.100000, m = 30
0.013875	0.019293	0.032099	0.016096	0.003014	0.019010	0.004626	0.280224	0.035716	0.008426
0.002597	0.024493
0.000053	0.057345
0.013514	0.017187	0.007000	0.014846	0.000310	0.017026	0.007803	0.282396	0.003156	0.006603
0.003120	0.028027
0.006125	0.055360
0.001281	0.016883	0.001798	0.016096	0.012856	0.017357	0.035716	0.277538	0.009558	0.006806
0.001567	0.030677
0.000000	0.050845
0.000444	0.017453	0.008006	0.015537	0.017510	0.016669	0.007277	0.279347	0.003660	0.006397
0.002576	0.033966
0.001257	0.055244
0.001761	0.018337	0.001487	0.015219	0.000003	0.017329	0.012502	0.280579	0.003626	0.006986
0.002681	0.025931
0.000172	0.051293
0.000443	0.018129	0.024313	0.015189	0.001076	0.017173	0.004116	0.278774	0.005670	0.007258
0.001386	0.019264
0.000380	0.053243
0.007362	0.017561	0.001015	0.014992	0.009273	0.017133	0.004819	0.288669	0.007705	0.006769
0.000236	0.028944
0.000110	0.050828
0.001633	0.016091	0.007870	0.015218	0.007260	0.016829	0.003861	0.277260	0.000565	0.007241
0.006625	0.033393
0.007071	0.055602
0.016593	0.017529	0.000565	0.015587	0.001373	0.016920	0.008989	0.277033	0.001802	0.007110
0.001372	0.036779
0.000109	0.055142
0.002138	0.017909	0.005338	0.015720	0.019305	0.018506	0.012138	0.290725	0.016312	0.006446
0.002004	0.027238
0.000474	0.057129
0.019229	0.017346	0.032852	0.015077	0.004831	0.017508	0.005552	0.278118	0.022241	0.006870
0.001121	0.027472
0.001115	0.057289
0.028273	0.018189	0.000565	0.015413	0.001381	0.017068	0.019299	0.277096	0.001816	0.007253
0.009985	0.032049
0.002188	0.053166
0.002922	0.017102	0.012731	0.015467	0.019305	0.017420	0.014482	0.280382	0.004899	0.006600
0.001611	0.029665
0.003786	0.050025
0.035941	0.017499	0.001878	0.015606	0.001978	0.017473	0.008788	0.280176	0.005627	0.007223
0.002411	0.028825
0.000013	0.051506
0.030019	0.020203	0.000915	0.023627	0.008701	0.021560	0.004919	0.280069	0.006898	0.006659
0.012074	0.041760
0.000088	0.050175
0.005352	0.017863	0.016517	0.015582	0.013496	0.017152	0.008460	0.279459	0.000340	0.006700
0.003252	0.030282
0.000529	0.059799
0.009659	0.017142	0.036852	0.015117	0.022241	0.017389	0.000193	0.278850	0.003043	0.006829
0.001205	0.028783
0.000403	0.058150
0.007306	0.017033	0.000005	0.014377	0.041162	0.018221	0.006754	0.279410	0.005273	0.007288
0.001412	0.034849
0.000253	0.053675
0.000654	0.018347	0.003388	0.016007	0.012856	0.018223	0.009935	0.279633	0.017362	0.007207
0.002485	0.031630
0.000613	0.058853
0.007141	0.017565	0.011277	0.015253	0.002715	0.017380	0.004011	0.280177	0.021925	0.006874
0.001073	0.035702
0.000945	0.050496
0.001143	0.017042	0.000209	0.014471	0.014609	0.017243	0.006481	0.280512	0.043575	0.006770
0.001602	0.030598
0.000241	0.050077
0.005300	0.018199	0.005338	0.014762	0.011048	0.016795	0.013496	0.279391	0.006582	0.006637
0.000519	0.032169
0.001115	0.053262
0.003093	0.017511	0.001798	0.015019	0.007880	0.016489	0.001866	0.278715	0.003020	0.007389
0.005328	0.028093
0.002019	0.055113
0.009594	0.017618	0.004079	0.014815	0.004181	0.017487	0.003020	0.288502	0.014160	0.006794
0.001753	0.022731
0.001885	0.057791
0.011992	0.017583	0.002569	0.015056	0.014945	0.016457	0.001381	0.281073	0.011840	0.007782
0.001532	0.025547
0.003846	0.049443
0.005557	0.017834	0.012116	0.015306	0.008898	0.017301	0.002682	0.278133	0.006855	0.006693
0.002489	0.033657
0.005093	0.051520
0.000915	0.017352	0.011992	0.016210	0.024313	0.017746	0.003861	0.282522	0.002454	0.007020
0.009733	0.029441
0.001554	0.051952
0.009794	0.017699	0.008547	0.015958	0.021003	0.018180	0.003273	0.291065	0.009266	0.007373
0.005836	0.026412
0.000014	0.053606
0.006004	0.017253	0.031215	0.014171	0.000261	0.017399	0.004189	0.280396	0.001276	0.006806
0.001290	0.029318
0.001552	0.062580
0.007362	0.017578	0.025942	0.015824	0.001796	0.018858	0.007110	0.278635	0.012138	0.007166
0.002212	0.023358
0.004137	0.054213
0.011048	0.018705	0.005348	0.015542	0.029774	0.017960	0.000565	0.278027	0.000253	0.007216
0.001002	0.026243
0.001419	0.055055
0.001752	0.017466	0.006621	0.015161	0.005001	0.016833	0.007260	0.281603	0.001363	0.007383
0.002069	0.026499
0.000370	0.055203
0.013595	0.017053	0.012322	0.015245	0.012359	0.017376	0.016142	0.279384	0.012138	0.007149
0.003005	0.029739
0.003758	0.054028
0.001598	0.018539	0.009273	0.016422	0.022241	0.017992	0.005497	0.280299	0.023258	0.006701
0.002772	0.030033
0.001774	0.056248
0.003882	0.018576	0.027659	0.016224	0.012138	0.016450	0.000133	0.279491	0.000277	0.006524
0.003960	0.027810
0.001116	0.047477
0.009778	0.017951	0.014097	0.016279	0.000602	0.017367	0.016884	0.278233	0.007417	0.006860
0.000571	0.034176
0.000053	0.059846
0.013600	0.018055	0.011124	0.014697	0.004831	0.017588	0.002700	0.277728	0.008014	0.007959
0.006049	0.030241
0.006923	0.068180
0.007110	0.017528	0.002074	0.015365	0.016567	0.017149	0.053761	0.277000	0.031973	0.006970
0.000709	0.022739
0.000804	0.058613
0.000510	0.017456	0.002666	0.014443	0.008792	0.017196	0.012856	0.277204	0.011828	0.006805
0.002999	0.025991
0.000563	0.060402
0.014484	0.017996	0.007110	0.015689	0.008517	0.016802	0.010845	0.277444	0.009418	0.006909
0.001591	0.029889
0.000503	0.056464
0.012643	0.017309	0.004024	0.015448	0.004181	0.017387	0.000310	0.277080	0.006166	0.006855
0.004013	0.034736
0.000581	0.058002
0.000565	0.017011	0.027940	0.015260	0.011543	0.016853	0.009778	0.276688	0.014432	0.006673
0.004676	0.027841
0.000001	0.052311
0.024380	0.017634	0.023150	0.015114	0.035716	0.016516	0.024167	0.278013	0.007771	0.007660
0.002111	0.028409
0.002293	0.053416
0.007260	0.017785	0.001863	0.014889	0.001659	0.017716	0.008102	0.279249	0.033374	0.006829
0.002240	0.028726
0.000004	0.057393
0.010739	0.017008	0.011406	0.014933	0.027543	0.016959	0.006621	0.278479	0.024891	0.007114
0.003694	0.032752
0.000333	0.056991
0.000955	0.018583	0.013496	0.015809	0.002136	0.019680	0.024313	0.278347	0.003273	0.006517
0.002917	0.029409
0.002093	0.049970
0.002347	0.017808	0.001487	0.014688	0.000280	0.017608	0.009418	0.281437	0.013496	0.007420
0.003020	0.029692
0.006802	0.056235
0.008153	0.017143	0.026745	0.015046	0.014449	0.017202	0.007110	0.276785	0.007121	0.006472
0.002525	0.029512
0.000467	0.045882
0.010632	0.017941	0.008341	0.014789	0.009665	0.018333	0.016312	0.278162	0.019403	0.006735
0.005079	0.029405
0.001294	0.056038
0.025942	0.018394	0.000489	0.015835	0.012856	0.017510	0.002639	0.276744	0.005627	0.006772
0.004585	0.027758
0.003941	0.054356
delta = 0.200000, m = 30
0.035716	0.018570	0.017159	0.016559	0.005214	0.017850	0.016476	0.368167	0.019203	0.007962
0.001511	0.025143
0.000675	0.057025
0.012025	0.018106	0.006632	0.015679	0.005763	0.017090	0.019229	0.373845	0.012856	0.007486
0.002615	0.033084
0.000176	0.050129
0.004215	0.018605	0.003029	0.015903	0.003582	0.017383	0.007110	0.388482	0.008524	0.007702
0.001999	0.026778
0.000220	0.053907
0.013823	0.018055	0.003348	0.015855	0.002034	0.017562	0.007110	0.379639	0.013722	0.009007
0.002324	0.038269
0.001702	0.061593
0.002320	0.017609	0.008158	0.015670	0.004089	0.018132	