delta = 2.900000, m = 30
0.583156	0.249027	0.530411	0.208702	0.538284	0.120944	0.545869	1.228930	0.525896	0.050197
0.608454	0.162409
0.596741	1.929555
0.581549	0.240391	0.507552	0.193496	0.534461	0.129096	0.540462	1.204982	0.542217	0.042834
0.560837	0.154573
0.622984	2.167837
0.581853	0.246672	0.459773	0.212292	0.532858	0.116842	0.547041	1.198493	0.513081	0.040161
0.593580	0.170485
0.580798	2.436638
0.500157	0.263777	0.562526	0.201513	0.532909	0.122865	0.538490	1.209780	0.522746	0.041114
0.610976	0.168059
0.612889	2.283974
0.552031	0.249414	0.484414	0.223707	0.535392	0.117251	0.564421	1.192724	0.515649	0.039001
0.487505	0.172366
0.609732	1.924741
0.579612	0.248543	0.528783	0.187392	0.538127	0.125981	0.551368	1.207042	0.541796	0.042204
0.581956	0.174239
0.619835	2.210581
0.508984	0.276741	0.524987	0.205614	0.540879	0.121676	0.525778	1.196188	0.503529	0.041523
0.613635	0.188940
0.578072	2.444659
0.546902	0.238701	0.510034	0.198479	0.531810	0.114584	0.524517	1.200689	0.553373	0.042858
0.524571	0.182922
0.623899	1.850040
0.558371	0.271951	0.517994	0.226053	0.544599	0.116686	0.552523	1.192890	0.504990	0.042934
0.582572	0.168511
0.640594	2.233750
0.581738	0.260257	0.534306	0.225323	0.535956	0.122038	0.543802	1.195500	0.507129	0.044873
0.539852	0.193421
0.586582	2.723089
0.554748	0.265701	0.513221	0.222473	0.532834	0.124367	0.526097	1.194769	0.531683	0.044300
0.477267	0.202943
0.568384	2.114647
0.518761	0.244230	0.499713	0.194048	0.543419	0.113758	0.535121	1.210896	0.514079	0.044961
0.554399	0.160467
0.624735	1.831836
0.579980	0.266276	0.524258	0.194833	0.533814	0.118960	0.494741	1.188029	0.551709	0.047545
0.536794	0.180968
0.535745	2.354410
0.589347	0.281842	0.569358	0.202375	0.534815	0.124568	0.531462	1.205406	0.526560	0.042748
0.561181	0.176946
0.585226	2.240345
0.494341	0.252144	0.501698	0.202340	0.530808	0.132501	0.546364	1.207492	0.542940	0.043841
0.562317	0.139438
0.555200	2.506202
0.507469	0.249949	0.521398	0.203877	0.540886	0.120687	0.532289	1.201598	0.532217	0.041858
0.615279	0.176920
0.574682	2.236542
0.445771	0.267493	0.526337	0.230905	0.549420	0.123646	0.514860	1.205064	0.524554	0.043159
0.578818	0.183118
0.588973	2.347674
0.514245	0.264230	0.509438	0.183115	0.533422	0.118135	0.515771	1.206676	0.544025	0.051162
0.606235	0.199707
0.605718	2.263059
0.555325	0.270213	0.523019	0.199333	0.534030	0.130180	0.540392	1.197440	0.540544	0.045820
0.504876	0.224715
0.486939	2.079568
0.562439	0.261474	0.522018	0.227610	0.539433	0.113012	0.583939	1.204763	0.517980	0.044390
0.548158	0.193697
0.608057	2.276174
0.545380	0.219576	0.516338	0.205375	0.523900	0.125927	0.526693	1.190830	0.538566	0.047391
0.618310	0.160436
0.625453	2.101113
0.559974	0.241273	0.525058	0.195703	0.539544	0.118339	0.558591	1.208660	0.514154	0.044296
0.538470	0.211126
0.594704	2.708397
0.572126	0.266337	0.535345	0.201173	0.538263	0.120513	0.520480	1.191831	0.536310	0.053343
0.618532	0.177513
0.580442	2.305419
0.552692	0.244200	0.567215	0.201532	0.533535	0.126418	0.538319	1.191093	0.537964	0.047579
0.614412	0.179381
0.639663	2.276791
0.501790	0.260274	0.534393	0.229437	0.537080	0.118195	0.535861	1.207325	0.530999	0.058620
0.593171	0.184410
0.609690	2.119282
0.580737	0.260108	0.531358	0.191662	0.536101	0.132962	0.542594	1.201535	0.553608	0.050404
0.540930	0.202127
0.562018	1.883030
0.518530	0.249369	0.533710	0.209571	0.544657	0.113666	0.509534	1.200947	0.471223	0.043237
0.536925	0.178613
0.612532	1.816829
0.533250	0.257025	0.512657	0.192897	0.535933	0.132076	0.545111	1.219600	0.535385	0.048294
0.548685	0.168192
0.586448	2.218035
0.486896	0.267819	0.543992	0.205297	0.541922	0.122292	0.558342	1.189820	0.539494	0.041990
0.567299	0.170207
0.575447	2.173605
0.524195	0.247584	0.523563	0.201276	0.523940	0.129505	0.508807	1.192381	0.528611	0.044494
0.597278	0.159893
0.597118	1.877618
0.522182	0.253781	0.531918	0.205278	0.545473	0.118605	0.526557	1.200046	0.518380	0.038136
0.608023	0.161588
0.584830	2.237353
0.545589	0.255910	0.590158	0.209964	0.542916	0.114026	0.525441	1.208991	0.501466	0.045956
0.597911	0.163839
0.601506	2.359610
0.564802	0.233311	0.531459	0.214432	0.536367	0.115760	0.584646	1.198054	0.450701	0.046598
0.539032	0.175782
0.627410	2.261666
0.520503	0.263133	0.578087	0.199860	0.550403	0.116094	0.538505	1.193789	0.532931	0.042741
0.574889	0.164630
0.576112	2.403763
0.568451	0.246928	0.562298	0.207501	0.537029	0.122051	0.534194	1.206249	0.458418	0.044000
0.551148	0.209897
0.628979	2.372056
0.535459	0.221734	0.528313	0.206870	0.527104	0.119563	0.543662	1.194955	0.529688	0.039555
0.608564	0.192141
0.585003	2.037236
0.520530	0.244215	0.560323	0.199121	0.531038	0.138131	0.544028	1.190512	0.511002	0.044028
0.585691	0.178673
0.599883	1.874149
0.589837	0.272453	0.523303	0.196751	0.534217	0.116694	0.535120	1.207243	0.547744	0.043331
0.534653	0.177492
0.592757	2.584165
0.502602	0.223233	0.549258	0.201138	0.536135	0.121413	0.542227	1.198874	0.512142	0.043950
0.611012	0.195949
0.630844	2.434298
0.524468	0.240365	0.538059	0.219035	0.533743	0.132247	0.527739	1.193578	0.513001	0.048763
0.533423	0.175149
0.598784	1.911528
0.531392	0.246041	0.568842	0.218193	0.536326	0.124877	0.520845	1.196675	0.475330	0.043174
0.507294	0.164548
0.593543	2.225441
0.526887	0.263031	0.534434	0.197315	0.531121	0.118678	0.527883	1.203169	0.544836	0.053154
0.524202	0.194942
0.597190	2.092651
0.530296	0.265227	0.521212	0.192593	0.535691	0.119945	0.540774	1.194892	0.522401	0.046612
0.562681	0.191885
0.595354	1.959451
0.544580	0.246661	0.529887	0.212992	0.533219	0.116386	0.527849	1.201696	0.529181	0.041880
0.495861	0.207082
0.644038	1.853819
0.591095	0.248261	0.519004	0.204913	0.534522	0.117121	0.509883	1.197053	0.527644	0.041079
0.574357	0.177579
0.615329	2.071685
0.549190	0.244859	0.567208	0.200212	0.539163	0.116408	0.546722	1.198325	0.535454	0.040907
0.515858	0.160153
0.655710	2.268000
0.638451	0.253587	0.555420	0.198138	0.537734	0.118900	0.548254	1.196676	0.536493	0.049897
0.502206	0.177923
0.559539	1.855569
0.510163	0.242957	0.549349	0.200566	0.531307	0.121829	0.534146	1.205118	0.524732	0.045344
0.581465	0.178003
0.575183	2.218113
0.538947	0.248866	0.511327	0.206444	0.531801	0.116497	0.538505	1.198499	0.524783	0.049515
0.581012	0.183215
0.503977	2.023845
0.583076	0.254376	0.521692	0.193279	0.535204	0.114336	0.553005	1.200655	0.547010	0.044864
0.576300	0.165673
0.578118	2.658908
delta = 2.900000, m = 40
0.522361	0.362955	0.537164	0.266995	0.539370	0.139309	0.529806	1.783394	0.533681	0.050401
0.627712	0.154072
0.567903	2.555977
0.564793	0.380717	0.537528	0.285472	0.540873	0.139096	0.547555	1.783290	0.538266	0.067330
0.623952	0.188943
0.548586	2.392527
0.556972	0.339229	0.536045	0.270936	0.546677	0.140547	0.538841	1.793850	0.548092	0.051279
0.621743	0.156241
0.615533	2.307040
0.585054	0.374941	0.533701	0.263481	0.534421	0.144576	0.547407	1.790872	0.514936	0.054955
0.614317	0.167353
0.596837	2.988080
0.511555	0.384117	0.529692	0.266078	0.535179	0.138985	0.541835	1.793117	0.542641	0.058614
0.581383	0.210979
0.490408	2.901439
0.576182	0.343987	0.590479	0.264273	0.539235	0.142973	0.525989	1.808325	0.532355	0.050396
0.615074	0.178042
0.569468	2.864753
0.496263	0.332948	0.529342	0.278367	0.536199	0.141476	0.554458	1.793716	0.526368	0.060893
0.608612	0.217723
0.586367	2.636600
0.456520	0.377912	0.534846	0.270848	0.533956	0.154313	0.541924	1.799274	0.529258	0.049747
0.567966	0.159466
0.625970	2.515600
0.529400	0.320626	0.526370	0.259558	0.537356	0.144525	0.532398	1.788067	0.540754	0.046522
0.619374	0.171627
0.625961	2.682841
0.530537	0.358465	0.531046	0.280621	0.531520	0.150795	0.531480	1.780826	0.509278	0.049841
0.498449	0.232479
0.598456	2.253566
0.583954	0.303124	0.528335	0.281812	0.529873	0.141660	0.532551	1.812858	0.507435	0.068907
0.563340	0.184822
0.535778	2.255131
0.563412	0.358062	0.524449	0.255999	0.534170	0.153931	0.539201	1.794579	0.513490	0.051678
0.617340	0.162923
0.571162	2.474865
0.591595	0.327147	0.546169	0.279392	0.538533	0.147404	0.536422	1.788990	0.543532	0.053531
0.619641	0.182946
0.574759	2.728607
0.510088	0.354501	0.529117	0.278436	0.548315	0.145950	0.543621	1.795872	0.538822	0.051316
0.619558	0.178503
0.595534	2.165335
0.550960	0.372644	0.533300	0.279971	0.541090	0.149657	0.538653	1.807037	0.518738	0.059859
0.621824	0.165548
0.589852	2.635725
0.542317	0.330847	0.493076	0.280462	0.535688	0.153029	0.539957	1.793251	0.538750	0.051651
0.593365	0.172323
0.578638	2.064302
0.515086	0.349439	0.577244	0.287104	0.534099	0.158318	0.530429	1.800254	0.530577	0.067932
0.607021	0.186515
0.633428	2.149513
0.595834	0.346842	0.585521	0.281729	0.533971	0.154969	0.536209	1.792739	0.522932	0.046676
0.625565	0.171800
0.589561	2.652825
0.521753	0.342825	0.540406	0.272310	0.536595	0.147494	0.548996	1.797043	0.515147	0.057521
0.569916	0.208336
0.614314	2.660675
0.490754	0.325091	0.533198	0.286945	0.541190	0.139922	0.552149	1.810009	0.518643	0.057374
0.616745	0.170188
0.609921	3.064392
0.532330	0.374212	0.529101	0.293052	0.536545	0.153337	0.536194	1.832089	0.518997	0.049291
0.616725	0.197966
0.594646	2.865184
0.506477	0.365710	0.537297	0.288469	0.536014	0.144589	0.532639	1.841018	0.550791	0.048449
0.598615	0.201918
0.547012	2.504973
0.551523	0.352212	0.530895	0.289506	0.532368	0.142884	0.534140	1.807437	0.530330	0.049990
0.621870	0.216326
0.589186	2.761892
0.534753	0.352845	0.536434	0.288739	0.548665	0.142332	0.530284	1.824927	0.552043	0.059979
0.548063	0.200712
0.613443	2.553997
0.597701	0.325529	0.527876	0.277744	0.548155	0.145430	0.536795	1.814076	0.533231	0.054975
0.615148	0.181173
0.607999	2.509960
0.569987	0.348873	0.534370	0.270653	0.534806	0.150710	0.542772	1.814231	0.503844	0.057334
0.623268	0.204978
0.597612	2.596362
0.517482	0.331133	0.535406	0.278925	0.532647	0.140672	0.541606	1.807736	0.515852	0.052488
0.591250	0.202556
0.574687	2.561146
0.576230	0.380764	0.530536	0.271289	0.529189	0.147221	0.545720	1.807444	0.527874	0.048514
0.585041	0.163135
0.566710	2.625020
0.587949	0.348205	0.519590	0.304889	0.538476	0.158357	0.531324	1.794280	0.523319	0.067372
0.621543	0.197817
0.604804	2.527855
0.561463	0.370803	0.524223	0.278097	0.545044	0.138233	0.535109	1.815914	0.529728	0.068528
0.615094	0.156224
0.590305	2.377591
0.586561	0.351523	0.541721	0.279361	0.538203	0.144945	0.530799	1.817583	0.545595	0.056176
0.617343	0.156337
0.598678	2.762715
0.493998	0.306380	0.535490	0.271858	0.579892	0.142031	0.523324	1.803135	0.527458	0.054680
0.603164	0.212789
0.602104	2.726025
0.587132	0.364793	0.538689	0.282445	0.537469	0.140954	0.540946	1.805633	0.522399	0.056516
0.610164	0.175996
0.631673	2.301704
0.570766	0.330095	0.449014	0.280900	0.534146	0.141973	0.540732	1.807284	0.528305	0.046054
0.591344	0.194218
0.623866	2.654928
0.547828	0.342281	0.531698	0.288294	0.533055	0.141663	0.531318	1.803345	0.531105	0.056091
0.612648	0.201383
0.558119	2.308465
0.562039	0.371290	0.510065	0.278973	0.535959	0.148357	0.537858	1.815067	0.536563	0.047815
0.591577	0.211823
0.622927	2.510569
0.518482	0.339632	0.533150	0.276570	0.534408	0.147494	0.551479	1.820110	0.531313	0.063268
0.619573	0.177641
0.570559	2.952639
0.586005	0.313703	0.531870	0.284655	0.549370	0.145619	0.538926	1.802661	0.531019	0.050795
0.583331	0.188686
0.587216	2.993670
0.567559	0.333896	0.534191	0.283072	0.534667	0.137187	0.522737	1.808574	0.548781	0.060469
0.601051	0.147160
0.619087	2.075892
0.571749	0.386046	0.597082	0.278121	0.543474	0.141342	0.521612	1.800242	0.527864	0.058077
0.608214	0.180792
0.590221	2.826495
0.533802	0.387466	0.528932	0.286146	0.533819	0.150040	0.531259	1.796243	0.528482	0.052003
0.599995	0.188453
0.576578	3.129088
0.532288	0.355759	0.529212	0.273512	0.542752	0.149879	0.521253	1.798644	0.536395	0.061873
0.610794	0.181117
0.591584	2.981683
0.573843	0.383832	0.583983	0.264005	0.535040	0.157270	0.529519	1.808602	0.535859	0.048045
0.622262	0.191025
0.574070	2.942415
0.565220	0.358136	0.551080	0.293510	0.534458	0.160849	0.545247	1.808529	0.522798	0.046840
0.602424	0.188027
0.580043	2.587856
0.492896	0.355716	0.543234	0.276386	0.542535	0.139562	0.534502	1.797603	0.532306	0.059121
0.556569	0.181917
0.577563	2.512197
0.528340	0.371211	0.521052	0.273989	0.534384	0.140312	0.544730	1.814659	0.527884	0.057423
0.616394	0.192029
0.623054	2.679374
0.579625	0.373419	0.527762	0.277952	0.534738	0.142495	0.515629	1.808176	0.537059	0.055863
0.588758	0.202393
0.640246	3.152717
0.519053	0.347865	0.454393	0.281091	0.532892	0.140525	0.541780	1.801861	0.531864	0.054552
0.609130	0.205582
0.590770	2.172273
0.576459	0.338954	0.535549	0.279527	0.534621	0.140014	0.524353	1.807751	0.542713	0.069674
0.537480	0.200608
0.571541	2.566223
0.498944	0.333568	0.528725	0.284841	0.539279	0.143216	0.531381	1.796796	0.532457	0.048202
0.617670	0.176769
0.599453	2.799074
delta = 2.900000, m = 50
0.567038	0.491881	0.529401	0.357546	0.534218	0.177158	0.522671	2.551738	0.513722	0.070751
0.618558	0.178863
0.593222	2.840656
0.586960	0.430763	0.522484	0.357040	0.530880	0.181143	0.538951	2.538634	0.524589	0.059668
0.623069	0.180421
0.607948	2.460321
0.527615	0.459284	0.531049	0.382574	0.548534	0.165219	0.543022	2.568422	0.537123	0.056585
0.625221	0.224452
0.619106	3.271148
0.552311	0.485625	0.531580	0.379663	0.534617	0.167938	0.541142	2.548386	0.533067	0.059460
0.617141	0.223064
0.615014	2.967820
0.589403	0.432977	0.530457	0.340780	0.534591	0.176565	0.525689	2.563068	0.533709	0.060703
0.597938	0.170852
0.607125	2.586806
0.576409	0.494821	0.517759	0.356782	0.533750	0.170326	0.539174	2.544703	0.532011	0.060605
0.610105	0.216304
0.598596	2.895132
0.530839	0.443017	0.516613	0.352084	0.534762	0.172878	0.531297	2.540900	0.522655	0.058956
0.611278	0.218273
0.574295	3.076642
0.554720	0.430989	0.530690	0.355431	0.534290	0.180375	0.526283	2.555891	0.532414	0.060632
0.625782	0.228004
0.613813	2.547106
0.545696	0.505246	0.545937	0.351856	0.544063	0.167575	0.525560	2.547645	0.519539	0.067581
0.625567	0.194126
0.587615	2.837070
0.449595	0.426980	0.533952	0.351983	0.533830	0.185500	0.578873	2.567942	0.534872	0.063856
0.629767	0.201823
0.593177	2.672771
0.558465	0.428457	0.532322	0.353645	0.546648	0.173973	0.541669	2.543078	0.525302	0.062042
0.623569	0.171259
0.623421	3.139034
0.517815	0.462665	0.531271	0.352994	0.534118	0.176942	0.551958	2.539999	0.528604	0.081146
0.620825	0.175860
0.616043	2.702635
0.582265	0.465933	0.529029	0.359847	0.543537	0.168333	0.546558	2.547787	0.536304	0.058821
0.619624	0.180249
0.601644	2.629251
0.576418	0.483872	0.541811	0.370359	0.536650	0.165741	0.531369	2.558698	0.515708	0.058433
0.532342	0.186871
0.598527	2.329302
0.576077	0.470659	0.529760	0.367698	0.533355	0.170516	0.534546	2.535606	0.509226	0.062292
0.607898	0.199849
0.600348	2.756149
0.526178	0.493257	0.528369	0.354805	0.533733	0.170873	0.528699	2.561317	0.536703	0.059726
0.613928	0.207560
0.606637	3.395079
0.477810	0.431844	0.528532	0.368160	0.536591	0.166253	0.549386	2.547152	0.541100	0.058119
0.621735	0.212183
0.616545	2.709541
0.540904	0.442320	0.536228	0.360886	0.535689	0.182204	0.521052	2.554076	0.536556	0.066075
0.604890	0.180563
0.603550	3.175010
0.514446	0.449046	0.516402	0.354325	0.533001	0.166209	0.528303	2.546390	0.581803	0.064158
0.588455	0.222115
0.634313	2.709811
0.587702	0.442651	0.520717	0.368982	0.544167	0.163035	0.530598	2.563306	0.513007	0.061709
0.632180	0.199871
0.571591	2.477793
0.621362	0.479383	0.518170	0.368659	0.535519	0.167339	0.536144	2.534427	0.513461	0.070010
0.615352	0.197208
0.578431	2.461545
0.560508	0.464990	0.523373	0.364368	0.534139	0.180007	0.542970	2.554217	0.546515	0.058840
0.597097	0.199324
0.614270	3.095557
0.579348	0.448958	0.513587	0.354304	0.530492	0.166274	0.535157	2.566442	0.527721	0.058724
0.619834	0.186523
0.587639	2.790247
0.534174	0.431254	0.535940	0.353716	0.535398	0.181593	0.533352	2.551711	0.519659	0.060925
0.613776	0.204916
0.617191	2.790268
0.580516	0.453198	0.520487	0.350107	0.539787	0.169914	0.530050	2.563056	0.532506	0.066223
0.623698	0.200730
0.597455	2.882769
0.570388	0.443935	0.535938	0.354749	0.535880	0.168014	0.540660	2.576125	0.507388	0.073670
0.632408	0.178847
0.598187	2.805883
0.515147	0.494744	0.537150	0.368656	0.535885	0.190634	0.533373	2.548051	0.536488	0.071677
0.609701	0.192957
0.577363	2.701847
0.579048	0.474503	0.531195	0.361656	0.533840	0.170689	0.543624	2.556297	0.580992	0.068478
0.594229	0.201917
0.577175	2.529059
0.571418	0.489966	0.525645	0.356532	0.533304	0.179960	0.540938	2.571743	0.522425	0.063180
0.622995	0.226741
0.635485	3.533295
0.537694	0.492350	0.410587	0.369407	0.533992	0.189713	0.535654	2.580099	0.540286	0.057418
0.578359	0.194950
0.597829	3.176351
0.567000	0.455843	0.533340	0.371603	0.551514	0.172397	0.535965	2.564254	0.539775	0.069657
0.558431	0.160987
0.541896	3.235307
0.619148	0.438796	0.532879	0.384067	0.539307	0.165843	0.530626	2.567094	0.528823	0.057649
0.619012	0.188531
0.570905	3.229741
0.427710	0.449609	0.533701	0.352812	0.545285	0.174567	0.536242	2.568920	0.511940	0.064757
0.619323	0.217891
0.595015	2.395242
0.533554	0.466649	0.525760	0.348730	0.530299	0.170580	0.534444	2.548756	0.539769	0.055701
0.615294	0.178858
0.601720	2.967563
0.577155	0.462838	0.570110	0.342054	0.550831	0.172661	0.542408	2.556875	0.540324	0.058425
0.603438	0.225807
0.596780	2.713403
0.524729	0.442498	0.530157	0.376707	0.550444	0.169424	0.538462	2.551097	0.526475	0.057078
0.609988	0.216712
0.591185	3.087254
0.584405	0.419076	0.519951	0.355140	0.535569	0.166367	0.537810	2.565354	0.530050	0.057505
0.618541	0.222391
0.611351	2.847113
0.576897	0.450647	0.533485	0.368898	0.535539	0.197130	0.509804	2.562027	0.542371	0.070341
0.590558	0.172936
0.615265	2.748872
0.532113	0.491698	0.525844	0.350133	0.520890	0.170450	0.539690	2.554710	0.529183	0.059789
0.581219	0.204590
0.626899	2.666235
0.544971	0.441691	0.540843	0.364922	0.552452	0.177327	0.531948	2.557006	0.530867	0.076476
0.630442	0.199356
0.619682	2.503722
0.566370	0.452102	0.536087	0.335354	0.540362	0.163040	0.532656	2.556337	0.545673	0.061854
0.630241	0.218339
0.596318	2.949002
0.496284	0.463042	0.536538	0.358114	0.532815	0.166416	0.531626	2.571852	0.530741	0.059265
0.581997	0.202459
0.612631	3.030504
0.585731	0.415278	0.574887	0.355322	0.537084	0.165061	0.539984	2.565171	0.521512	0.066502
0.612722	0.230983
0.611575	2.943189
0.537202	0.445127	0.511481	0.363260	0.533267	0.169076	0.533169	2.569370	0.525029	0.106773
0.606273	0.225523
0.585983	2.687554
0.508645	0.464804	0.523530	0.368081	0.533668	0.172331	0.541568	2.560453	0.540141	0.062789
0.636562	0.165201
0.591216	2.999736
0.583324	0.425506	0.529006	0.381672	0.453649	0.167631	0.578428	2.562427	0.510119	0.065478
0.539187	0.199850
0.617870	2.825841
0.514225	0.449770	0.525984	0.346448	0.543113	0.168613	0.550268	2.552191	0.529807	0.055424
0.553431	0.214878
0.591383	3.196922
0.529902	0.468250	0.518936	0.353769	0.544783	0.169692	0.556110	2.547393	0.521033	0.062083
0.605437	0.236438
0.590271	2.584039
0.564311	0.493119	0.575559	0.352903	0.534971	0.172109	0.545012	2.579880	0.537570	0.062190
0.600676	0.186374
0.606345	2.601039
0.468024	0.451609	0.528034	0.360644	0.537967	0.172600	0.534393	2.548449	0.526914	0.057667
0.626837	0.184740
0.638731	2.534718
delta = 2.900000, m = 60
0.518736	0.609754	0.551988	0.446797	0.546993	0.187364	0.533615	3.272124	0.531763	0.079037
0.621070	0.224235
0.609456	2.835336
