delta = 0.400000, m = 30
0.085041	20.450349	0.033153	20.853642	0.280465	13.192236	0.037323	8.995252	0.042655	2.366090
0.431222	7.004337
0.379998	189.280707
0.154971	19.891048	0.182069	20.507571	0.233734	13.343850	0.026507	8.915862	0.194585	2.120635
0.421697	6.718510
0.349626	181.028882
0.044757	19.912875	0.042730	20.538440	0.018467	13.185247	0.092739	9.052706	0.025711	2.354579
0.428131	6.337674
0.304210	190.352930
0.080409	19.164842	0.144504	19.807856	0.288580	12.800410	0.177877	8.913464	0.063645	2.183519
0.434222	6.734174
0.309790	185.792711
0.046415	19.213880	0.064766	20.079504	0.102454	12.818236	0.006232	8.891099	0.057751	2.043063
0.433336	6.915350
0.294957	194.343526
0.100065	19.277841	0.040022	19.835737	0.198557	12.810310	0.085717	8.892535	0.211044	2.162862
0.423299	6.406602
0.374457	184.055421
0.058140	19.414576	0.052266	19.969037	0.308790	12.748903	0.121088	8.798431	0.006216	2.107743
0.450062	7.262026
0.281321	175.119804
0.023194	19.251010	0.049794	19.895348	0.240544	12.777024	0.051961	9.106593	0.030570	2.116688
0.442650	6.718550
0.341907	194.538366
0.061021	19.445892	0.042564	20.029534	0.332578	12.764635	0.166752	8.898643	0.051188	2.113692
0.459452	6.646239
0.315539	182.612755
0.221874	19.174779	0.126884	19.870398	0.137059	12.606118	0.148409	8.962277	0.134505	2.171198
0.426997	6.541453
0.335394	196.299242
0.078292	19.318127	0.145245	19.876878	0.250859	12.868628	0.074777	8.983458	0.171603	2.023363
0.444831	6.560857
0.318782	188.398737
0.133723	19.276625	0.127003	19.906829	0.260581	12.872382	0.019749	8.966734	0.127660	2.132830
0.419673	7.300519
0.353127	190.448330
0.143659	19.130376	0.201953	20.017005	0.286769	12.708846	0.177228	8.889566	0.045053	2.205621
0.448423	6.551869
0.309066	175.057951
0.160522	19.331522	0.141679	19.832015	0.304144	12.804644	0.021005	8.900983	0.038254	2.173826
0.431009	7.551164
0.324245	184.856678
0.080426	19.132338	0.042702	19.803673	0.286162	12.759650	0.210588	8.846044	0.006909	2.114562
0.440713	7.039773
0.327253	184.344282
0.105177	19.270698	0.042267	19.749805	0.186535	12.774181	0.005915	8.885408	0.124399	2.133817
0.454962	6.913111
0.372339	188.249975
0.178009	19.297073	0.126499	19.887266	0.053329	12.865152	0.154858	8.872217	0.125857	2.126211
0.435418	5.905451
0.333312	192.223911
0.029199	19.409125	0.062218	20.108440	0.235588	12.802873	0.132519	8.848643	0.215954	2.118033
0.427925	6.710363
0.296640	185.638353
0.008565	19.427769	0.105835	19.797719	0.197533	12.777306	0.194565	8.857553	0.123688	2.154955
0.439745	6.540958
0.379801	188.929339
0.045362	19.300265	0.155865	19.836023	0.281033	12.707526	0.209440	8.940149	0.155927	2.190953
0.458116	6.136738
0.275493	187.180115
0.272872	19.340723	0.106779	20.221334	0.269226	12.689166	0.234690	9.207152	0.028724	2.126184
0.430195	7.514257
0.332638	181.778538
0.011509	19.191641	0.054326	19.978604	0.089511	12.767198	0.069862	9.013181	0.018467	2.314841
0.468279	6.624628
0.319389	181.059968
0.047587	19.261832	0.129491	19.930304	0.245167	12.785828	0.157795	8.820143	0.038054	2.298089
0.459345	6.311538
0.363562	188.166828
0.112004	19.292683	0.022650	20.115086	0.225597	12.746275	0.157912	8.849923	0.216421	2.143060
0.434824	7.416174
0.343221	184.291549
0.036907	19.226489	0.100997	19.970308	0.241407	12.872247	0.115329	8.909277	0.062611	2.088649
0.448782	6.764626
0.316777	184.437428
0.142221	19.193938	0.111774	20.099419	0.196701	12.881305	0.178249	8.957423	0.166098	2.163809
0.460129	5.664987
0.329420	182.819326
0.062078	19.388371	0.059821	19.992532	0.272029	12.797663	0.108435	8.939388	0.129565	2.324661
0.457994	6.339834
0.287730	181.427021
0.119184	19.386303	0.083536	20.088364	0.269634	12.852629	0.133476	8.914668	0.131822	2.109845
0.467772	8.356778
0.314640	184.327273
0.160216	19.183337	0.056242	20.006929	0.276022	12.811981	0.066266	8.965985	0.171655	2.152662
0.464196	6.686717
0.317781	196.182097
0.080102	19.335876	0.049907	19.824415	0.255945	12.797224	0.176978	8.919374	0.054779	2.158259
0.425085	7.122799
0.369706	186.834561
0.137686	19.388061	0.129207	19.959093	0.277720	12.748023	0.143463	8.951928	0.172162	2.189914
0.432681	6.307588
0.368174	189.507420
0.199470	19.174839	0.031976	19.982449	0.273010	12.882958	0.114467	8.893356	0.098006	2.086523
0.429119	6.332032
0.326969	194.043460
0.127538	19.186733	0.068177	19.942970	0.296715	12.745312	0.131506	8.980078	0.152930	2.081480
0.417067	6.445531
0.381167	192.135272
0.071693	19.136464	0.099687	20.011974	0.310892	12.590084	0.167781	8.892632	0.143686	2.138179
0.427118	6.840233
0.297203	193.969255
0.076760	18.863668	0.014012	19.736876	0.196529	12.774326	0.183429	8.769295	0.168849	2.208908
0.423581	7.177103
0.313140	184.981498
0.129452	19.152508	0.039601	19.875940	0.349576	12.548173	0.052665	8.768837	0.236867	2.051559
0.450544	6.143916
0.310112	186.182005
0.073541	18.966456	0.066256	19.831157	0.256146	12.606137	0.036437	8.812993	0.145732	2.168326
0.444210	7.543043
0.404905	171.424935
0.221934	18.906825	0.070987	19.686156	0.125132	12.538252	0.200367	8.690535	0.171232	2.070870
0.407231	6.723140
0.332624	190.842589
0.065484	18.892738	0.189309	19.709624	0.304821	12.652752	0.205485	8.828771	0.212128	2.049319
0.426288	6.380080
0.330315	182.233441
0.105491	18.941751	0.097161	19.525961	0.046516	12.800154	0.026707	8.877803	0.020801	2.091465
0.447977	5.853446
0.332491	158.371792
0.056997	18.929653	0.055886	19.791878	0.161986	12.664950	0.179622	8.843892	0.140493	2.065906
0.440168	7.045871
0.341229	189.044537
0.010785	18.976550	0.168811	19.759849	0.269664	12.606347	0.159054	8.731442	0.115983	2.221006
0.435888	6.778384
0.368102	188.360525
0.283615	18.879825	0.102720	19.730385	0.249629	12.607970	0.053914	8.765173	0.222453	2.106023
0.458211	8.725929
0.302031	187.600953
0.225289	19.092622	0.089313	19.635066	0.282914	12.559135	0.132342	8.752103	0.069143	2.169844
0.396053	7.713512
0.336591	179.191828
0.161384	18.947374	0.055817	19.602270	0.174643	12.783002	0.210755	8.737561	0.119543	2.217656
0.454331	6.936881
0.311435	171.747840
0.110496	19.020798	0.052010	19.613729	0.261812	12.704577	0.021800	8.833446	0.146053	2.143280
0.441552	6.701820
0.351074	181.625096
0.180424	18.900084	0.076950	19.727259	0.331394	12.632841	0.078371	8.873584	0.088392	2.203113
0.430383	6.929873
0.340744	177.076197
0.031530	18.895671	0.193853	19.529009	0.303822	12.501621	0.107918	8.712955	0.099526	2.259322
0.444250	7.045627
0.305528	176.563456
0.087662	18.973199	0.115809	19.676580	0.259230	12.501830	0.116933	8.820771	0.005725	2.147724
0.444822	6.118280
0.351860	177.813794
0.145222	19.144740	0.068496	19.721630	0.250101	12.482374	0.057242	8.888198	0.144668	2.160799
0.448481	6.442132
0.314973	176.247109
delta = 0.400000, m = 40
0.094574	25.405609	0.122360	26.128193	0.213887	13.016965	0.129907	12.340814	0.225049	2.067425
0.473233	7.899547
0.293315	209.145141
0.047221	25.366750	0.043002	25.798624	0.201261	12.994864	0.169964	12.106614	0.188013	2.043342
0.479672	6.994438
0.306363	209.121797
0.142467	25.366695	0.104500	25.952098	0.136909	12.939527	0.191574	12.179118	0.143254	2.154336
0.481255	6.220682
0.309374	199.600654
0.026072	25.398100	0.093063	25.892216	0.173020	12.940163	0.117984	12.287471	0.154493	2.018404
0.487089	7.013844
0.287817	204.613049
0.208612	25.418145	0.107457	25.784436	0.229414	12.877301	0.143781	12.199577	0.174569	2.116847
0.475138	6.389663
0.246579	202.463704
0.101132	25.269907	0.103606	25.956591	0.302697	12.845698	0.144540	12.273660	0.077709	2.224321
0.483712	6.678556
0.282397	201.356053
0.067700	25.437326	0.139451	26.005381	0.240338	12.971243	0.165000	12.183087	0.087900	2.285947
0.481743	7.099277
0.250281	200.611078
0.122770	25.582425	0.224960	25.858290	0.257291	13.023022	0.164453	12.254333	0.201285	2.077590
0.476874	7.149025
0.313739	203.045958
0.060162	25.376652	0.097108	25.925018	0.255813	12.869287	0.117924	12.250692	0.214621	2.096590
0.495625	6.583615
0.274552	198.482727
0.147000	25.307021	0.096708	25.832412	0.286934	12.855262	0.117643	12.205111	0.058153	2.102407
0.466763	7.475508
0.385546	201.658395
0.042887	25.308853	0.101938	25.948560	0.233572	12.905418	0.072658	12.213739	0.149926	2.103835
0.500846	6.864090
0.282241	206.963472
0.146138	25.330186	0.066548	25.877612	0.235214	12.846241	0.208215	12.167723	0.034422	2.130027
0.503831	6.123514
0.280824	209.242552
0.056201	25.431561	0.072393	25.857638	0.188592	12.986592	0.116177	12.206727	0.113348	2.161100
0.425544	7.294700
0.310587	210.147945
0.128164	25.421532	0.099197	25.958428	0.231812	12.832847	0.015576	12.229272	0.221548	2.183937
0.481546	6.921741
0.290604	203.350217
0.054408	25.274220	0.075240	25.983881	0.202825	12.690966	0.139298	12.141618	0.168011	2.019222
0.479423	6.191548
0.251562	199.300702
0.088880	25.378121	0.080128	25.904170	0.314047	12.854342	0.230934	12.216680	0.164571	2.061965
0.502588	8.027681
0.258632	208.275706
0.122184	25.536863	0.047801	25.868527	0.243028	12.865441	0.062308	12.175878	0.136655	2.177737
0.474710	6.339520
0.289665	206.972280
0.135526	25.484692	0.033210	25.833596	0.218329	12.835832	0.180314	12.257266	0.183048	2.145281
0.475631	6.446125
0.263749	209.709331
0.113499	25.468616	0.089579	26.095235	0.227566	12.815649	0.139518	12.288567	0.122271	2.183266
0.460554	7.491478
0.287859	209.680111
0.008280	25.377469	0.069273	25.780888	0.237953	12.916880	0.034172	12.250747	0.210110	2.009945
0.484974	6.957540
0.343095	204.893748
0.062252	25.389835	0.064774	25.966756	0.102743	12.987903	0.119024	12.340349	0.136185	2.101610
0.509519	6.792788
0.340431	208.556065
0.042921	25.497174	0.122420	25.851731	0.251441	12.830048	0.104349	12.250976	0.177882	2.217685
0.497984	7.100581
0.299828	201.417419
0.174760	25.430881	0.179353	25.793003	0.237220	12.835852	0.045742	12.272535	0.131614	2.229946
0.470520	7.068968
0.342944	204.497606
0.067766	25.373007	0.152427	25.866287	0.242449	12.758734	0.010071	12.168964	0.100711	2.191365
0.474695	6.453509
0.292905	195.260132
0.014611	25.450404	0.059808	25.712089	0.222528	12.811070	0.140951	12.188997	0.140908	2.164845
0.511295	6.465882
0.299243	205.019865
0.159386	25.402997	0.064088	25.914088	0.292674	12.802763	0.184037	12.211438	0.041835	2.151056
0.503736	6.606418
0.303805	198.077906
0.129576	25.334561	0.024031	26.227550	0.280185	12.913212	0.038992	12.275966	0.142109	2.086133
0.489218	6.661867
0.320010	208.668132
0.081962	25.260124	0.076372	26.062039	0.203946	12.930572	0.093079	12.223534	0.091914	2.210738
0.486972	6.896153
0.306582	202.576468
0.118965	25.271524	0.101041	25.750530	0.215532	12.913808	0.208805	12.186950	0.031171	2.191220
0.484200	7.077615
0.310816	202.768840
0.121133	25.334481	0.116240	25.807568	0.214612	12.923543	0.113997	12.176178	0.143279	2.063845
0.487929	6.397795
0.313381	205.360511
0.146392	25.404258	0.083116	25.980768	0.192703	12.872143	0.011532	12.231053	0.193806	2.058210
0.497287	7.892431
0.322982	197.269541
0.152419	25.237853	0.102879	25.968332	0.244191	12.835445	0.043683	12.339421	0.059810	2.143532
0.476981	6.761926
0.303893	203.341202
0.023840	25.437817	0.052084	25.917331	0.271261	12.886642	0.180439	12.189616	0.180133	2.077983
0.482639	6.496970
0.273856	204.366297
0.124663	25.429663	0.166179	25.858053	0.196079	12.938873	0.173495	12.194991	0.193440	2.144915
0.494213	6.692563
0.279293	196.453733
0.102374	25.256320	0.085238	25.842040	0.237928	12.828352	0.034196	12.347243	0.179468	2.090612
0.478772	6.597715
0.272493	207.420418
0.062105	25.379759	0.048531	26.021970	0.238638	12.908032	0.045478	12.281137	0.046193	2.153989
0.471780	6.954672
0.323441	201.081431
0.051436	25.514690	0.045589	25.911988	0.232409	12.953208	0.110934	12.137351	0.141168	2.242753
0.481482	7.214696
0.291580	195.927943
0.164551	25.408451	0.095855	25.885088	0.229682	13.029138	0.203356	12.232539	0.113791	2.236514
0.462181	7.864553
0.319054	203.745983
0.065249	25.421981	0.123399	25.959309	0.183715	12.928176	0.010031	12.240195	0.159661	2.166378
0.471682	7.150751
0.356929	203.523783
0.114183	25.430507	0.077404	25.895558	0.147692	12.879201	0.151457	12.241395	0.137204	2.143274
0.484100	6.814916
0.266109	204.692871
0.182607	25.346341	0.056980	25.973382	0.116535	12.888458	0.142927	12.365279	0.067110	2.077333
0.483458	8.143781
0.280836	208.841575
0.180006	25.372457	0.061718	25.926944	0.241877	12.753258	0.118208	12.165379	0.050344	2.213129
0.455443	7.499660
0.323332	202.263864
0.074825	25.464848	0.108648	25.937026	0.290874	12.958369	0.141664	12.222873	0.189514	2.088579
0.492376	6.749575
0.261236	209.393898
0.093629	25.312935	0.102224	26.037385	0.248557	12.866281	0.119440	12.352891	0.006363	2.102243
0.483672	6.586060
0.256622	207.738579
0.181670	25.428354	0.041997	25.928965	0.114144	13.086641	0.010796	12.192760	0.062434	2.145019
0.465170	5.892667
0.298214	208.652481
0.154481	25.459659	0.159003	25.859492	0.164638	12.974740	0.108916	12.250151	0.066513	2.331170
0.486667	6.080405
0.303241	200.709203
0.050175	25.299711	0.078370	25.828264	0.210155	12.872519	0.043659	12.430015	0.138580	2.182403
0.475004	6.597473
0.260707	194.012298
0.049540	26.116156	0.095442	25.917761	0.294803	12.916220	0.225014	12.086639	0.147782	2.088979
0.467573	6.733236
0.287242	209.114352
0.010095	25.312199	0.152912	25.972589	0.164982	12.977938	0.190129	12.146958	0.062273	2.091793
0.500883	7.384022
0.306949	209.277410
0.119047	25.233724	0.020286	25.916448	0.249747	12.864701	0.151835	12.177197	0.091008	2.093646
0.482856	6.273616
0.268379	208.671748
delta = 0.400000, m = 50
0.081886	31.737834	0.030663	32.149232	0.218342	13.517267	0.138321	17.592781	0.027012	2.171494
0.515845	7.890359
0.277293	228.121221
0.216339	31.941555	0.107999	32.269276	0.223570	13.524185	0.040734	17.489291	0.140386	2.261020
0.499029	7.083185
0.317463	228.440115
0.108562	31.922620	0.101470	32.323180	0.168442	13.474265	0.242311	17.640460	0.174183	2.298415
0.498170	7.860790
0.230547	226.796910
0.147737	32.041101	0.069268	32.280414	0.030261	13.732807	0.133109	17.673695	0.258144	2.190150
0.513614	7.441495
0.293977	225.982491
0.026745	32.040836	0.068019	32.404778	0.209828	13.675285	0.139971	17.525908	0.113241	2.247308
0.525451	6.845538
0.287982	228.064297
0.094148	31.890508	0.108009	32.392835	0.182613	13.529015	0.154872	17.737801	0.188784	2.181912
0.514947	7.884241
0.273548	221.844840
0.018880	32.001100	0.028644	32.309787	0.209840	13.622789	0.128086	17.624161	0.186294	2.304824
0.480015	7.121669
0.271853	223.248778
0.108235	31.842699	0.046007	32.481542	0.239500	13.544181	0.157775	17.832645	0.177243	2.227107
0.503556	6.637265
0.300446	221.779388
0.119764	31.822381	0.034063	32.277330	0.181096	13.512621	0.136992	17.359339	0.131667	2.235194
0.512339	7.922307
0.269103	230.871748
0.116828	32.136907	0.112255	32.021097	0.198311	13.527740	0.168611	17.550325	0.112566	2.245477
0.505534	6.512189
0.287189	231.395994
0.048271	32.048943	0.112180	32.326756	0.139227	13.579660	0.143297	17.635487	0.173487	2.292843
0.513260	6.657373
0.256103	221.584884
0.092815	31.978212	0.014381	32.451486	0.201019	13.642997	0.152782	17.488948	0.062143	2.276887
0.519948	6.260487
0.314354	225.150987
0.066809	31.942921	0.100858	32.326235	0.191986	13.482342	0.078609	17.496409	0.069004	2.168781
0.517034	6.962030
0.304475	230.691779
0.142029	32.015324	0.135804	32.245125	0.183261	13.591981	0.116828	17.847584	0.149993	2.368476
0.508567	6.855322
0.286712	227.973932
0.040862	32.115220	0.076837	32.116008	0.168267	13.591465	0.156363	17.437957	0.009504	2.358221
0.493134	7.473709
0.303064	224.362358
0.051932	31.862731	0.090669	32.291618	0.211889	13.469169	0.127475	17.547073	0.174600	2.292013
0.497077	7.798591
0.286050	222.312653
0.037764	31.921046	0.041887	32.444719	0.210628	13.659939	0.134045	17.451205	0.146878	2.337404
0.501834	7.230437
0.299648	230.136280
0.193873	31.998579	0.072291	32.514846	0.222887	13.482581	0.157939	17.587904	0.045918	2.249448
0.491785	7.253955
0.264478	227.424969
0.074333	32.002470	0.117566	32.222432	0.020515	13.715972	0.127988	17.669187	0.190393	2.195935
0.503120	6.712648
0.321400	226.647155
0.124094	31.907037	0.020500	32.637620	0.197697	13.543044	0.172656	17.701077	0.225182	2.198089
0.519928	7.561791
0.287295	224.114438
0.079884	32.083744	0.148480	32.125094	0.205692	13.513251	0.035788	17.697391	0.061980	2.199186
0.485572	6.469727
0.242668	231.562765
0.166972	31.875106	0.025915	32.416455	0.226482	13.524287	0.153210	17.815633	0.189808	2.325813
0.553501	7.642603
0.298739	230.150047
0.123507	31.986367	0.089790	32.072531	0.154514	13.521497	0.167849	17.536640	0.102281	2.170056
0.496107	6.681985
0.254686	230.160109
0.009683	31.948410	0.141694	32.188684	0.225650	13.544901	0.095887	17.661204	0.013735	2.218156
0.492001	8.984611
0.318552	231.335090
0.167248	31.916238	0.081027	32.249317	0.159239	13.564168	0.095125	17.615906	0.158106	2.233775
0.510645	7.559375
0.267534	227.507810
0.091506	31.878324	0.053986	32.592772	0.237943	13.544492	0.167878	17.616923	0.192855	2.348450
0.503569	6.057342
0.264433	225.070996
0.075132	31.866203	0.122667	32.287458	0.012646	13.604187	0.172938	17.592788	0.148322	2.167721
0.535338	7.087740
0.316720	223.490357
0.098959	31.950338	0.059201	32.409788	0.190314	13.482177	0.161483	17.794527	0.178492	2.176830
0.502590	7.361572
0.282793	226.030747
0.073098	32.020384	0.024435	32.233560	0.172815	13.682014	0.096305	17.722027	0.057885	2.233977
0.497282	7.474493
0.256168	226.589222
0.115615	31.932521	0.044516	32.225473	0.229579	13.478651	0.183281	17.568154	0.225103	2.146713
0.539244	6.447926
0.333033	223.201744
0.124713	31.908504	0.064729	32.469754	0.198881	13.590502	0.172625	17.741970	0.076040	2.328404
0.491388	6.366620
0.271845	221.147719
0.060411	32.149596	0.087794	32.104477	0.242300	13.592466	0.119167	17.620658	0.029348	2.274632
0.503374	7.821364
0.240139	222.720470
0.137861	32.044928	0.065037	32.329538	0.212206	13.587375	0.133139	17.621485	0.113420	2.235333
0.506617	7.035426
0.231310	231.693893
0.088475	31.859018	0.120758	32.363921	0.208422	13.568598	0.145273	17.647811	0.214050	2.208858
0.462884	7.240801
0.258152	230.051094
0.014354	32.952667	0.063248	32.298871	0.200077	13.606632	0.173480	17.778303	0.154230	2.231450
0.500086	7.266728
0.339886	223.368967
0.112794	32.026814	0.126765	32.194253	0.169332	13.625736	0.103069	17.524567	0.068920	2.234935
0.506242	7.797771
0.248912	227.434313
0.114302	32.050812	0.042027	32.185456	0.202119	13.432518	0.154936	17.791349	0.216018	2.141087
0.519270	6.651674
0.296294	229.860825
0.028672	32.088296	0.045221	32.471870	0.249992	13.551862	0.030034	17.858228	0.179438	2.152967
0.484238	6.909343
0.277319	231.475269
0.071112	32.000075	0.126052	32.241741	0.099159	13.632866	0.052073	17.941668	0.172495	2.214800
0.515621	5.934139
0.294786	222.029256
0.152786	32.159872	0.042610	32.220044	0.205608	13.414308	0.095064	17.651616	0.136629	2.165758
0.521237	10.641524
0.294542	230.127707
0.142175	31.972893	0.101643	32.472877	0.247818	13.416637	0.146716	17.438135	0.188039	2.171474
0.525392	6.655342
0.297429	222.522082
0.055240	32.087150	0.129084	32.513739	0.193277	13.542374	0.125034	17.673169	0.021003	2.275053
0.521625	9.405516
0.244196	230.722888
0.162710	32.002351	0.075310	32.426591	0.191373	13.685732	0.125700	17.414014	0.096891	2.298635
0.525123	8.146665
0.281990	227.556449
0.089511	31.976004	0.065265	32.522231	0.166168	13.679597	0.180020	17.676233	0.092297	2.162829
0.523042	6.849039
0.321680	230.149537
0.125266	31.977076	0.048228	32.409254	0.209466	13.642712	0.009040	17.633762	0.164375	2.180168
0.494942	6.673536
0.254787	231.420479
0.116436	31.862678	0.185425	32.284772	0.246919	13.516708	0.139507	17.563606	0.189994	2.248726
0.498703	6.625692
0.279201	223.709985
0.164123	32.203409	0.059109	32.198633	0.196558	13.574133	0.152469	17.479746	0.196355	2.217573
0.506542	6.279387
0.257069	229.359697
0.128436	31.780591	0.084671	32.368414	0.222261	13.519747	0.123864	17.755386	0.130742	2.260856
0.512854	7.217516
0.211065	223.042539
0.101849	31.959896	0.086898	32.503932	0.194079	13.584521	0.087576	17.503957	0.175869	2.165232
0.515764	6.844114
0.283606	224.799581
0.136918	32.043533	0.061103	32.472704	0.214584	13.589064	0.185249	17.460974	0.163656	2.222376
0.503365	6.410347
0.271813	231.567258
delta = 0.400000, m = 60
0.074009	38.680288	0.046107	38.638260	0.207985	13.767409	0.064845	23.699075	0.140329	2.142785
0.561719	7.174313
0.255750	248.528400
0.093395	38.663671	0.068122	38.767398	0.183689	13.872396	0.063670	23.825367	0.057154	2.328841
0.552729	7.637623
0.257617	243.101524
0.117478	38.703607	0.166644	39.359043	0.139741	13.838115	0.022202	23.385323	0.127642	2.266979
0.535686	7.186519
0.260259	248.841542
0.121454	38.667345	0.134041	38.741447	0.157267	13.815775	0.221786	23.583196	0.216270	2.525836
0.505851	7.178652
0.256669	246.792935
0.072989	38.607237	0.040437	38.561115	0.202582	13.756833	0.156982	23.436852	0.106414	2.291861
0.535235	7.556797
0.238931	249.147454
0.122476	38.618640	0.032557	38.636345	0.184135	13.717270	0.205207	23.522137	0.207471	2.288867
0.522052	6.687857
0.323598	246.542814
0.131007	38.661799	0.100125	38.744741	0.303741	13.818731	0.112063	23.722715	0.069716	2.249748
0.539392	7.210694
0.302652	245.229361
0.152053	38.599315	0.086241	38.576017	0.201696	13.764194	0.153076	23.511294	0.186241	2.260394
0.539714	7.124287
0.224717	247.501236
0.082835	38.679226	0.145374	38.612433	0.171260	13.669885	0.140950	23.467405	0.154131	2.198317
0.539485	7.941183
0.277876	244.800637
0.257110	40.508899	0.118794	40.787702	0.248001	14.758249	0.090105	24.750932	0.108235	2.601578
0.506114	6.074304
0.249104	257.025336
0.064301	40.212264	0.081588	40.459784	0.179419	14.406028	0.093382	23.911410	0.084814	2.399554
0.523452	7.508329
0.239011	252.411434
0.114452	40.923358	0.064360	40.712277	0.303752	14.637001	0.008943	24.012969	0.160371	2.362911
0.537863	8.412972
0.327540	250.490774
0.124892	41.042881	0.036561	42.228711	0.153014	17.770318	0.103088	27.273912	0.038665	2.570573
0.523411	8.492239
0.265348	321.573861
0.132098	48.035412	0.111996	49.561900	0.193061	17.291475	0.020322	27.763073	0.134571	2.612362
0.505465	8.432730
0.202217	330.225123
0.141125	49.537457	0.157620	47.914185	0.199752	17.442926	0.119944	27.769557	0.141118	3.185837
0.524310	9.208667
0.282867	514.791155
0.121859	65.125135	0.033386	63.445539	0.171562	17.998705	0.198016	29.191106	0.211518	2.824937
0.518371	8.972292
0.279177	369.268586
0.032035	49.023703	0.059761	47.778025	0.165119	17.540686	0.213448	30.753479	0.148935	3.433176
0.516863	9.676995
0.268642	374.792175
0.013916	42.459137	0.046456	42.771614	0.156672	15.645185	0.145106	25.733581	0.160183	2.486876
0.551178	7.840988
0.251525	343.749674
0.115791	44.160405	0.171342	48.286861	0.182438	17.796003	0.113150	27.543973	0.193710	2.437431
0.535101	8.156426
0.256470	351.726887
0.161992	48.791523	0.139365	45.610768	0.229347	16.009549	0.142040	28.466295	0.133803	2.875030
0.513022	10.550533
0.261777	327.408231
0.098825	51.224808	0.056646	49.376945	0.214830	18.065041	0.155264	29.199765	0.150679	3.031335
0.524744	9.859276
0.231047	390.318388
0.124320	49.152315	0.067115	47.252353	0.129565	20.476770	0.121432	29.650585	0.165454	2.714474
0.537385	8.758932
