delta = 10.000000, m = 20
0.108800	2.451906	0.128572	2.334197	0.142158	1.714973	0.143949	5.014894	0.141399	0.570153
0.131545	3.269861
0.115558	39.232229
0.137516	2.408423	0.107797	2.307247	0.142273	1.688410	0.139208	4.958357	0.140399	0.553425
0.101697	3.220489
0.155358	33.631878
0.145861	2.474686	0.106910	2.273895	0.142166	1.680251	0.142527	4.958428	0.140130	0.531229
0.135045	2.678567
0.157819	37.075926
0.122634	2.256555	0.142690	2.365343	0.142370	1.690418	0.142165	4.943514	0.141884	0.556735
0.163845	3.819747
0.156321	30.983167
0.142046	2.537945	0.145758	2.458889	0.142123	1.677178	0.138804	5.284637	0.141343	0.554105
0.162890	3.212723
0.156430	38.107665
0.112610	2.265691	0.173446	2.355935	0.141832	1.712297	0.141367	4.931090	0.140979	0.526320
0.140565	3.637917
0.156410	35.618405
0.135119	2.398284	0.125220	2.260263	0.142076	1.692684	0.141097	4.933610	0.141331	0.547617
0.143274	2.481658
0.159380	40.237764
0.141680	2.253736	0.087665	2.398721	0.142170	1.696416	0.142765	4.966403	0.141352	0.550748
0.133565	3.402169
0.156358	34.284903
0.139050	2.205847	0.125744	2.322357	0.141684	1.671678	0.140986	4.939806	0.140730	0.542834
0.136204	2.807958
0.155332	33.773091
0.107290	2.521722	0.134466	2.289187	0.142302	1.690584	0.141712	4.960215	0.141987	0.545936
0.157045	3.562990
0.110542	27.605194
0.101229	2.432824	0.104982	2.404032	0.142171	1.704909	0.140740	4.975861	0.140283	0.551786
0.142582	2.706380
0.156428	39.425679
0.138342	2.305794	0.105480	2.412318	0.142149	1.710818	0.141157	4.981179	0.140105	0.531506
0.148595	2.671054
0.144192	33.852107
0.136236	2.386030	0.139916	2.386583	0.142197	1.704393	0.141518	5.032378	0.141606	0.531705
0.132486	3.420261
0.111947	37.704915
0.122096	2.493496	0.104221	2.280425	0.142033	1.674488	0.138054	4.965906	0.141473	0.545702
0.129806	2.904488
0.099284	34.588055
0.134672	2.439724	0.144353	2.421306	0.142224	1.683742	0.139386	4.939617	0.140738	0.546027
0.142664	2.323662
0.156426	31.581127
0.134102	2.375593	0.145496	2.423419	0.142003	1.686447	0.142805	4.951659	0.141239	0.547402
0.147189	3.792523
0.160644	36.699015
0.105759	2.370888	0.143854	2.418936	0.142160	1.690931	0.109277	4.966707	0.141049	0.527761
0.144456	2.800713
0.156317	37.054504
0.144292	2.535245	0.111149	2.340246	0.142203	1.681107	0.141471	4.965809	0.141556	0.530275
0.138794	3.004238
0.152480	37.365767
0.141889	2.393791	0.122243	2.432274	0.141966	1.687063	0.141124	4.947441	0.140952	0.535141
0.144374	2.324040
0.144270	37.914901
0.141440	2.450318	0.134964	2.277690	0.142212	1.695810	0.131972	4.943397	0.141738	0.548446
0.147738	2.907170
0.131343	37.017307
delta = 10.000000, m = 40
0.140929	4.861340	0.144644	4.528689	0.142113	2.179563	0.142402	9.929206	0.142055	0.693565
0.097338	2.287691
0.117584	59.818148
0.142649	5.163196	0.146154	4.526888	0.142382	2.201948	0.141434	9.878964	0.142035	0.684185
0.140160	2.078807
0.133620	59.804881
0.142320	5.005376	0.134734	4.702229	0.142240	2.156007	0.141974	9.926792	0.142204	0.686249
0.141662	2.873759
