delta = 3.000000, m = 10
0.130262	0.648968	0.150148	0.385090	0.139103	0.642960	0.111727	0.661090	0.163942	0.224112
0.132662	0.318233
0.123122	3.345779
0.114507	0.350817	0.140275	0.346035	0.137818	0.536450	0.163835	0.562655	0.131075	0.096108
0.141749	0.323431
0.136618	2.754907
0.150143	0.352183	0.105805	0.375137	0.138784	0.525826	0.110841	0.573235	0.171269	0.097330
0.111604	0.254497
0.135478	3.042733
0.133837	0.372070	0.116720	0.377464	0.140567	0.506881	0.140175	0.568141	0.058360	0.095548
0.150254	0.212642
0.134863	3.688664
0.144328	0.330924	0.093934	0.354146	0.138915	0.498567	0.152831	0.559047	0.139367	0.092954
0.134842	0.256584
0.133368	3.462029
0.111610	0.336777	0.121076	0.377165	0.138340	0.498978	0.124046	0.563836	0.105633	0.089500
0.091815	0.297964
0.118752	3.322309
0.117161	0.346492	0.092899	0.354828	0.138388	0.497091	0.167249	0.557888	0.144586	0.090263
0.140869	0.240245
0.111350	3.117477
0.162643	0.340030	0.076944	0.374669	0.137877	0.503241	0.157531	0.585050	0.151220	0.093642
0.168900	0.268283
0.137013	2.790644
0.111394	0.380937	0.043750	0.406215	0.138682	0.753558	0.123958	0.799145	0.120048	0.110959
0.092550	0.284573
0.135789	3.715360
0.117417	0.368370	0.114990	0.429226	0.138377	0.511405	0.171879	0.638832	0.137572	0.107788
0.132210	0.253046
0.138281	3.287525
0.119684	0.358364	0.172575	0.358835	0.139191	0.500319	0.090972	0.582287	0.125674	0.095348
0.073484	0.257657
0.135543	3.371037
0.109632	0.352650	0.156796	0.380031	0.139929	0.496130	0.130557	0.563991	0.120030	0.099497
0.177116	0.247152
0.133712	3.105391
0.094218	0.344510	0.102642	0.381814	0.138900	0.522624	0.133713	0.587304	0.147549	0.093172
0.165974	0.245088
0.135531	2.781494
0.161071	0.330074	0.088711	0.383587	0.137160	0.527925	0.150064	0.637884	0.135609	0.101629
0.138750	0.252505
0.135431	2.922468
0.113515	0.348801	0.026828	0.379620	0.138649	0.495538	0.155265	0.561910	0.107679	0.089165
0.114089	0.240347
0.135531	2.759893
0.155194	0.352397	0.138277	0.407684	0.140331	0.544336	0.108590	0.578956	0.103136	0.105161
0.144425	0.272381
0.135279	2.840983
0.133107	0.334536	0.169725	0.348033	0.140365	0.491507	0.148048	0.636574	0.146035	0.104514
0.136531	0.271456
0.135624	3.102727
0.046983	0.349253	0.084756	0.379215	0.137314	0.511297	0.167807	0.718527	0.139324	0.150019
0.087579	0.304406
0.130982	2.963522
0.087195	0.427160	0.155447	0.428314	0.136671	0.560124	0.143010	0.622732	0.151573	0.108814
0.171916	0.241285
0.121482	3.164763
0.136878	0.349555	0.135571	0.377229	0.137728	0.523916	0.131171	0.583347	0.123481	0.120132
0.160777	0.268452
0.135431	3.494916
0.170184	0.350994	0.162166	0.368997	0.140611	0.516746	0.149862	0.573383	0.137846	0.097885
0.139281	0.255723
0.136192	2.420178
0.131052	0.344010	0.171769	0.394471	0.138334	0.573884	0.180956	0.573381	0.157968	0.095395
0.132771	0.240368
0.135062	3.325262
0.105007	0.345227	0.113472	0.387570	0.137420	0.561493	0.152059	0.623663	0.164040	0.099565
0.057546	0.244593
0.135062	3.118381
0.148556	0.352640	0.157673	0.350715	0.140731	0.494147	0.171499	0.611452	0.132351	0.106839
0.095573	0.266463
0.135789	3.216526
0.162149	0.355297	0.163939	0.369562	0.138388	0.501090	0.138332	0.563103	0.096299	0.102398
0.149855	0.245250
0.118284	3.093580
0.139656	0.372968	0.145829	0.405862	0.138132	0.507385	0.105110	0.560395	0.141573	0.095456
0.127423	0.213828
0.135531	2.639178
0.125318	0.342566	0.097559	0.352103	0.139920	0.506038	0.119662	0.627660	0.130805	0.101541
0.132705	0.280207
0.135736	3.262033
0.120083	0.344039	0.149180	0.355539	0.137314	0.499568	0.178339	0.588731	0.151517	0.103992
0.167780	0.233050
0.110667	2.982416
0.154713	0.387037	0.126319	0.364514	0.138890	0.495732	0.145397	0.560576	0.141806	0.094236
0.136653	0.270784
0.135941	3.901093
0.033058	0.398555	0.090353	0.368736	0.139205	0.522851	0.145833	0.580899	0.036486	0.089088
0.001548	0.270340
0.135472	3.001411
0.149809	0.355852	0.160225	0.377536	0.137669	0.517680	0.167714	0.574336	0.096387	0.094631
0.182097	0.243194
0.135913	2.669199
0.094027	0.336373	0.095995	0.370182	0.139103	0.498585	0.164973	0.562839	0.115485	0.101357
0.137250	0.251602
0.135531	2.817861
0.134783	0.349676	0.156429	0.348999	0.140027	0.502066	0.099876	0.577903	0.169170	0.095510
0.165064	0.229945
0.135543	2.301387
0.146425	0.393451	0.126459	0.367799	0.137914	0.508302	0.142642	0.556373	0.123155	0.097609
0.159447	0.238333
0.102886	3.361037
0.114066	0.367031	0.188983	0.400717	0.138793	0.518709	0.120805	0.617029	0.154439	0.104679
0.083601	0.272847
0.122882	3.111176
0.149926	0.365196	0.104003	0.388204	0.137770	0.497046	0.165256	0.583410	0.157376	0.097173
0.084323	0.243156
0.133608	3.032672
0.172743	0.356926	0.108489	0.383337	0.137930	0.501815	0.138349	0.564696	0.152959	0.101531
0.166861	0.237414
0.105181	3.028225
0.117995	0.342128	0.060085	0.371872	0.137882	0.499037	0.129425	0.566475	0.157257	0.096005
0.143314	0.266959
0.135233	3.055663
0.138835	0.326771	0.158516	0.405251	0.137415	0.543124	0.152500	0.652879	0.081390	0.095865
0.142901	0.251749
0.135531	2.736416
0.118435	0.379660	0.145494	0.416236	0.138249	0.505147	0.147881	0.576211	0.059267	0.114481
0.140422	0.251316
0.135789	2.655515
0.144615	0.337083	0.075247	0.400715	0.138031	0.540765	0.143613	0.582610	0.091380	0.107164
0.153029	0.307795
0.135531	3.188268
0.126502	0.377707	0.060231	0.395624	0.138143	0.562224	0.141919	0.577667	0.152394	0.094559
0.148899	0.259108
0.132252	3.178809
0.179795	0.395253	0.137147	0.374587	0.139231	0.486259	0.154882	0.560111	0.154982	0.098115
0.139583	0.245448
0.135691	2.927809
0.152501	0.337374	0.168621	0.366391	0.137024	0.511000	0.123035	0.607018	0.062324	0.136541
0.179161	0.286012
0.135789	2.668675
0.087143	0.357310	0.169423	0.351406	0.138127	0.492380	0.132960	0.558233	0.139944	0.093704
0.129964	0.242644
0.133954	3.258145
0.125963	0.345399	0.112052	0.359084	0.147251	0.497336	0.116308	0.564758	0.159960	0.098237
0.141716	0.232940
0.135062	2.532481
0.096562	0.343103	0.160926	0.361539	0.138431	0.484779	0.180154	0.566594	0.128351	0.096484
0.130790	0.221153
0.126195	3.578494
0.158028	0.349133	0.113557	0.356388	0.138436	0.496902	0.142351	0.556517	0.173361	0.094257
0.153529	0.253464
0.135431	2.726813
0.126385	0.349854	0.101125	0.343119	0.138281	0.499053	0.128595	0.566191	0.158156	0.094044
0.100489	0.216140
0.135774	2.830889
0.064161	0.331096	0.141867	0.364130	0.138793	0.494011	0.085699	0.554133	0.088867	0.095321
0.161443	0.234514
0.135285	2.672223
delta = 3.000000, m = 20
0.123834	0.701191	0.146832	0.679157	0.139551	0.572123	0.147577	1.198447	0.137964	0.103095
0.054228	0.269515
0.137717	4.033198
0.146403	0.712412	0.146500	0.703765	0.140281	0.561094	0.148704	1.198512	0.138517	0.105049
0.135494	0.338281
0.136589	3.856646
0.156709	0.716282	0.154747	0.707444	0.140327	0.562351	0.135168	1.194672	0.145844	0.104990
0.165098	0.326201
0.133215	3.605065
0.149111	0.716627	0.149119	0.702504	0.139285	0.565554	0.139463	1.198013	0.162093	0.104293
0.133234	0.346611
0.085459	3.852721
0.155233	0.710667	0.132545	0.696163	0.138983	0.569126	0.128185	1.201836	0.132662	0.102353
0.144922	0.305087
0.102512	3.825589
0.150454	0.727651	0.117088	0.701406	0.139414	0.559194	0.171610	1.200614	0.125474	0.105683
0.166878	0.317868
0.133156	4.156018
0.137268	0.693573	0.119186	0.736289	0.140170	0.556547	0.145420	1.195327	0.146715	0.104942
0.125660	0.332222
0.137107	4.091591
0.157200	0.714309	0.130860	0.732378	0.140647	0.559361	0.086050	1.187145	0.168220	0.101223
0.158528	0.445836
0.137394	4.109566
0.127127	0.700318	0.152377	0.673758	0.140380	0.565486	0.172178	1.194473	0.146829	0.107184
0.132172	0.361185
0.136394	3.841646
0.115441	0.734376	0.147316	0.705946	0.140023	0.564557	0.145669	1.201298	0.151488	0.102492
0.106326	0.350029
0.136282	4.261126
0.157156	0.699671	0.150055	0.709297	0.141527	0.565538	0.136195	1.190104	0.150654	0.106285
0.139258	0.344950
0.137924	4.038584
0.124181	0.726344	0.137302	0.712183	0.139302	0.565508	0.171945	1.196846	0.151683	0.103587
0.142348	0.288609
0.136907	3.616195
0.149865	0.714524	0.163967	0.670942	0.140742	0.563241	0.132672	1.198792	0.140943	0.109256
0.161824	0.388325
0.137331	4.199626
0.161092	0.669222	0.136269	0.708919	0.140750	0.568716	0.157809	1.192578	0.147951	0.103184
0.138925	0.308653
0.135484	4.327613
0.128057	0.716023	0.138637	0.700063	0.140380	0.561915	0.163493	1.195683	0.117600	0.107553
0.140760	0.405565
0.137309	3.716911
0.156394	0.675924	0.141032	0.660732	0.140068	0.564563	0.165048	1.195038	0.151903	0.103713
0.144128	0.260701
0.129824	3.727261
0.128524	0.677876	0.107072	0.675980	0.140064	0.561043	0.159811	1.196065	0.124268	0.109998
0.139157	0.347785
0.139210	3.493797
0.138207	0.696306	0.149598	0.710465	0.139805	0.567068	0.123447	1.195714	0.154666	0.103417
0.143257	0.368520
0.135854	4.093027
0.141170	0.684261	0.136166	0.694039	0.140639	0.557657	0.140377	1.192745	0.142864	0.102479
0.141286	0.294896
0.128994	3.806495
0.139311	0.678571	0.157072	0.709324	0.139502	0.575685	0.160739	1.210185	0.137793	0.107446
0.047721	0.260831
0.137710	3.535469
0.153765	0.678440	0.160233	0.703277	0.138943	0.564057	0.151595	1.199871	0.149226	0.105232
0.129673	0.310279
0.107160	4.288122
0.167201	0.687700	0.114059	0.670270	0.140085	0.564245	0.138400	1.192779	0.139027	0.103044
0.132150	0.332062
0.122457	4.308055
0.140219	0.760949	0.144739	0.733207	0.139863	0.596050	0.158684	1.220765	0.147135	0.120167
0.136823	0.318669
0.085669	4.215045
0.137414	0.706950	0.137848	0.702394	0.140023	0.564000	0.150075	1.191788	0.134545	0.106193
0.082375	0.277082
0.135791	3.863737
0.143623	0.717114	0.139485	0.693615	0.140076	0.562666	0.140754	1.199206	0.166842	0.103150
0.153355	0.309015
0.135636	4.564794
0.139712	0.701636	0.128899	0.695378	0.140536	0.556903	0.122036	1.194028	0.160866	0.102955
0.174618	0.279581
0.138127	4.546976
0.157450	0.703491	0.143692	0.687063	0.141010	0.565328	0.150635	1.195111	0.142348	0.105451
0.151520	0.331064
0.090982	3.749123
0.159984	0.726883	0.145205	0.666652	0.140023	0.562327	0.160837	1.199102	0.152835	0.104542
0.169587	0.292391
0.104952	3.866519
0.132428	0.731249	0.104330	0.695459	0.140228	0.557553	0.127769	1.199851	0.138969	0.102879
0.149370	0.494925
0.135419	4.334769
0.121761	0.697578	0.162438	0.691039	0.140224	0.562714	0.135888	1.197585	0.138164	0.103824
0.136609	0.296516
0.123688	4.039688
0.129390	0.707292	0.143257	0.685166	0.139876	0.567935	0.141771	1.191961	0.123413	0.106182
0.144268	0.305617
0.136812	3.842599
0.133168	0.707592	0.172425	0.668602	0.140681	0.568313	0.176811	1.201765	0.172701	0.104175
0.138704	0.324646
0.135366	3.947506
0.132619	0.706889	0.101501	0.708782	0.138687	0.557314	0.173218	1.197845	0.136949	0.104857
0.147995	0.311082
0.135544	3.551730
0.120245	0.722562	0.137962	0.685854	0.139867	0.558244	0.168346	1.198524	0.124596	0.108134
0.140652	0.325259
0.125258	3.902621
0.161031	0.687157	0.157263	0.692460	0.140500	0.561782	0.135497	1.195174	0.158897	0.103565
0.135739	0.355837
0.129445	3.479332
0.150729	0.685136	0.137282	0.712563	0.140068	0.562084	0.115031	1.195490	0.158747	0.108344
0.115416	0.361638
0.135930	3.472734
0.159063	0.703500	0.161199	0.656965	0.139645	0.553808	0.139685	1.194833	0.158456	0.110674
0.139917	0.348991
0.137909	3.770587
0.133336	0.727994	0.141237	0.706813	0.139916	0.560273	0.138339	1.194657	0.168711	0.104309
0.164580	0.378708
0.135941	4.391544
0.147963	0.730159	0.165165	0.684092	0.140689	0.566538	0.115977	1.204045	0.110635	0.102270
0.105165	0.277302
0.135531	3.734270
0.140534	0.717043	0.160020	0.699307	0.140750	0.557653	0.131138	1.198763	0.131208	0.106818
0.131830	0.363699
0.135689	4.365901
0.162588	0.720037	0.136270	0.715742	0.140545	0.571823	0.161136	1.207697	0.138491	0.101411
0.143020	0.355971
0.129873	4.009800
0.159008	0.708191	0.151784	0.673711	0.139752	0.562825	0.143116	1.195085	0.140730	0.104894
0.174531	0.284540
0.120514	4.511931
0.140397	0.715803	0.155924	0.668310	0.140323	0.561668	0.144196	1.194384	0.168196	0.108076
0.153817	0.335905
0.137519	3.913248
0.135522	0.700327	0.108787	0.688118	0.140174	0.680529	0.151919	1.285788	0.142653	0.116595
0.054350	0.349983
0.135081	4.692434
0.106771	0.827215	0.132421	0.730475	0.140068	0.562487	0.166588	1.306385	0.118273	0.109734
0.131315	0.332776
0.136018	5.360791
0.138477	0.804053	0.127482	0.726461	0.140072	0.579065	0.137050	1.226108	0.147879	0.107506
0.128470	0.425988
0.137675	4.321608
0.160067	0.725808	0.091989	0.701954	0.140072	0.564534	0.134690	1.201157	0.130229	0.103465
0.157320	0.434695
0.139577	4.980582
0.134600	0.740830	0.160414	0.708396	0.140174	0.775970	0.142605	1.521849	0.167336	0.164277
0.138067	0.484526
0.145899	4.332461
0.159807	0.772174	0.152968	0.761303	0.140174	0.581396	0.147896	1.298149	0.153557	0.106703
0.124730	0.316207
0.137882	4.282170
0.126860	0.753758	0.141616	0.699282	0.139752	0.566502	0.138587	1.203378	0.163413	0.108274
0.057747	0.292212
0.135572	4.072906
delta = 3.000000, m = 30
0.154076	1.103972	0.136822	1.082328	0.140949	0.650525	0.145949	1.935991	0.149311	0.123780
0.164440	0.326526
0.136147	5.644266
0.117356	1.145119	0.152541	1.094589	0.140023	0.638299	0.155480	1.899214	0.130859	0.122854
0.165531	0.326394
0.135472	5.095969
0.140807	1.106846	0.147807	1.059720	0.141366	0.637817	0.135574	1.898114	0.149107	0.121132
0.136394	0.372948
0.136500	4.869814
0.143730	1.087083	0.143905	1.041542	0.140529	0.638741	0.157602	1.898661	0.135627	0.124758
0.051341	0.314395
0.136896	5.852548
0.142114	1.133358	0.140649	1.044626	0.140269	0.641930	0.145667	1.926459	0.143593	0.127718
0.158711	0.416306
0.172337	5.477145
0.152501	1.163440	0.153426	1.078900	0.140831	0.654597	0.149303	1.941713	0.154142	0.126574
0.138636	0.464229
0.136653	5.369856
0.133373	1.113957	0.134619	1.067825	0.141102	0.655033	0.127533	1.996269	0.154758	0.129096
0.160795	0.358191
0.139990	5.250852
0.144344	1.104102	0.148676	1.056381	0.140323	0.650318	0.135486	1.944811	0.141735	0.122834
0.154852	0.338728
0.135777	4.268534
0.160786	1.141254	0.142582	1.083274	0.140273	0.693787	0.162912	1.923975	0.167740	0.128781
0.059270	0.372185
0.136341	4.446969
0.142985	1.166644	0.147165	1.086836	0.140433	0.654560	0.145304	1.936507	0.125360	0.126930
0.163000	0.324325
0.136035	5.641645
0.154386	1.114343	0.143903	1.059192	0.140072	0.652121	0.148962	1.929432	0.143610	0.126980
0.128300	0.431878
0.148076	5.429881
0.139725	1.110237	0.153982	1.065682	0.140582	0.651017	0.142009	1.931827	0.173628	0.135253
0.140538	0.314561
0.138500	4.975269
0.104866	1.112510	0.148412	1.041466	0.140953	0.649327	0.163354	1.922169	0.136122	0.125492
0.167009	0.423415
0.135220	5.879644
0.132706	1.131306	0.115712	1.094673	0.140323	0.674608	0.140843	1.929730	0.151359	0.131919
0.142425	0.374249
0.111646	4.906032
0.148571	1.172107	0.138330	1.108169	0.141048	0.644699	0.148769	1.952004	0.152163	0.130453
0.166270	0.321843
0.136912	5.924647
0.136544	1.123119	0.150830	1.067590	0.139649	0.651581	0.151258	1.929395	0.160472	0.125486
0.138051	0.409165
0.136547	5.639536
0.137594	1.136479	0.144022	1.073451	0.141113	0.663908	0.153386	1.972780	0.135763	0.127375
0.165136	0.375130
0.144869	4.929039
0.137592	1.111402	0.161095	1.079782	0.140739	0.645544	0.137749	1.922067	0.168483	0.130906
0.162202	0.377317
0.135935	5.209064
0.149543	1.133669	0.152958	1.048788	0.140117	0.638553	0.142265	1.929262	0.128177	0.127445
0.127334	0.406611
0.136983	4.371042
0.136038	1.120998	0.135388	1.094418	0.140429	0.647912	0.139042	1.926842	0.138712	0.128147
0.115602	0.376341
0.160235	5.338306
0.130385	1.108252	0.140025	1.042982	0.140113	0.649509	0.148434	1.923667	0.135884	0.131091
0.155185	0.347865
0.169354	5.122994
0.144458	1.152420	0.147544	1.090265	0.140376	0.647313	0.161206	1.975070	0.140003	0.122370
0.134685	0.431339
0.138049	4.784043
0.139020	1.098319	0.127071	1.043668	0.140327	0.642988	0.134034	1.923199	0.156051	0.129952
0.143972	0.429819
0.137013	5.011216
0.151237	1.121399	0.156159	1.076302	0.141052	0.660303	0.139836	1.945363	0.152072	0.130291
0.142275	0.337935
0.137462	5.083982
0.142853	1.132155	0.132039	1.045184	0.140479	0.637665	0.144346	1.934711	0.165207	0.127257
0.164201	0.348112
0.136612	5.316484
0.136102	1.120742	0.136612	1.026168	0.140376	0.641126	0.156384	1.917663	0.126425	0.123998
0.141848	0.357073
0.121212	5.136764
0.119294	1.147204	0.140282	1.056274	0.140739	0.647592	0.145856	1.935508	0.154401	0.126496
0.149077	0.415063
0.162458	4.428845
0.137752	1.140772	0.155128	1.080534	0.140277	0.637638	0.150971	1.916150	0.134911	0.126826
0.131995	0.415240
0.128734	5.227128
0.138923	1.128629	0.143759	1.052069	0.140475	0.651306	0.134290	1.932236	0.137618	0.127042
0.161836	0.440774
0.134951	5.866060
0.150323	1.146785	0.152301	1.053217	0.140323	0.643491	0.137271	1.917591	0.149636	0.128490
0.139102	0.382452
0.136494	5.343296
0.144023	1.150445	0.146670	1.094809	0.141205	0.649039	0.165991	1.960002	0.143807	0.124341
0.153350	0.569523
0.138360	4.327020
0.141823	1.128162	0.147456	1.087366	0.140433	0.654811	0.135583	1.923820	0.140522	0.133459
0.131483	0.417062
0.137072	5.140590
0.117883	1.151171	0.136815	1.043604	0.140742	0.643838	0.146330	1.952273	0.154502	0.128685
0.139081	0.365763
0.136288	5.866587
0.137987	1.112294	0.136937	1.053289	0.140846	0.654555	0.141473	1.920070	0.161961	0.124315
0.136851	0.348162
0.137192	4.847042
0.150348	1.155424	0.139313	1.016201	0.141688	0.649780	0.143648	1.930388	0.137414	0.124045
0.169863	0.347564
0.137765	5.517258
0.149560	1.059630	0.159333	1.059400	0.141159	0.641396	0.167369	1.935350	0.149974	0.124337
0.138217	0.325974
0.136206	4.851588
0.140837	1.124586	0.133716	1.041122	0.140586	0.649318	0.141842	1.924952	0.163795	0.128263
0.163768	0.337433
0.137288	5.473067
0.146976	1.128467	0.147902	1.071498	0.140483	0.648416	0.134576	1.918049	0.151006	0.125988
0.162064	0.398006
0.135581	5.672611
0.147009	1.100607	0.155708	1.066559	0.140895	0.648825	0.141375	1.928203	0.147727	0.126352
0.142004	0.307218
0.135495	5.604329
0.142083	1.151220	0.141646	1.060209	0.141106	0.653886	0.134652	1.949883	0.153614	0.128493
0.129677	0.428868
0.135930	4.783844
0.149255	1.178938	0.137529	1.068323	0.140953	0.643810	0.131138	1.926809	0.131946	0.131175
0.150916	0.441224
0.133753	5.421825
0.161307	1.125812	0.142176	1.069177	0.141262	0.656363	0.139743	1.930777	0.129224	0.126977
0.133011	0.384474
0.138634	5.285620
0.150060	1.114868	0.159342	1.048185	0.140117	0.652977	0.134511	1.923453	0.148248	0.123184
0.129156	0.323725
0.137468	5.930091
0.147389	1.196363	0.138446	1.086831	0.140578	0.650354	0.152490	1.933424	0.165673	0.125581
0.145276	0.316473
0.135848	5.595990
0.145036	1.135487	0.158053	1.076326	0.140273	0.644546	0.147339	1.933630	0.136721	0.125629
0.138314	0.344049
0.131517	4.804489
0.124697	1.187193	0.144265	1.039593	0.141102	0.648354	0.135608	1.921565	0.166131	0.128249
0.168638	0.377662
0.160416	5.251805
0.152412	1.122182	0.169756	1.069266	0.140849	0.650151	0.150352	1.931642	0.137967	0.126490
0.143946	0.284323
0.159476	4.843750
0.137896	1.129181	0.147296	1.105132	0.140635	0.660341	0.143506	1.923529	0.140207	0.132576
0.140588	0.295479
0.138615	5.375765
0.142317	1.139880	0.152667	1.030697	0.141362	0.638103	0.153891	1.899935	0.168061	0.120766
0.159125	0.410895
0.170672	5.812077
0.149598	1.131654	0.142196	1.070878	0.141320	0.644688	0.141219	1.911784	0.145363	0.127923
0.058192	0.419393
0.148608	5.630794
delta = 3.000000, m = 40
0.145803	1.509454	0.141344	1.414198	0.140842	0.672809	0.134737	2.641490	0.142052	0.141820
0.145336	0.581968
0.135965	5.704521
0.139227	1.502767	0.153854	1.379147	0.141366	0.678392	0.141542	2.634543	0.144196	0.133767
0.158044	0.323439
0.135385	5.683623
0.141003	1.506015	0.149889	1.357222	0.140895	0.673565	0.144094	2.646866	0.150933	0.139531
0.119768	0.434013
0.144194	5.417187
0.128300	1.567976	0.150219	1.388953	0.141362	0.682625	0.139068	2.639572	0.138752	0.133418
0.138795	0.382068
0.136837	6.004676
0.122875	1.501685	0.135338	1.374362	0.140635	0.687099	0.139445	2.638239	0.150588	0.135714
0.134597	0.392162
0.125239	5.869822
0.145686	1.528112	0.147576	1.416504	0.141205	0.678637	0.157537	2.628160	0.138775	0.135547
0.160872	0.365878
0.136932	5.690699
0.141715	1.559090	0.140894	1.377736	0.140945	0.689454	0.146869	2.688518	0.136017	0.140014
0.123175	0.658528
0.142002	5.487392
0.142265	1.585443	0.151308	1.499601	0.140995	0.683634	0.133629	2.657696	0.145466	0.146281
0.155878	0.369701
0.135349	5.169264
0.143008	1.541118	0.158086	1.451922	0.141677	0.679809	0.154773	2.667067	0.148599	0.139692
0.138635	0.394992
0.137821	5.957641
0.146381	1.527522	0.141289	1.487871	0.140529	0.689635	0.139263	2.784421	0.144623	0.153468
0.153709	0.431482
0.138143	5.910454
0.145408	1.510565	0.153669	1.393695	0.140635	0.669530	0.148549	2.642731	0.144771	0.134676
0.145134	0.374440
0.136572	5.923737
0.122754	1.517047	0.164422	1.360403	0.140895	0.692170	0.141845	2.651536	0.129793	0.137973
0.165869	0.376996
0.137013	6.566894
0.150884	1.511996	0.142107	1.438861	0.141259	0.692791	0.144126	2.637042	0.159575	0.137814
0.153118	0.391366
0.145293	5.950886
0.139209	1.556812	0.121320	1.432980	0.141677	0.676709	0.142680	2.631776	0.134710	0.135536
0.169302	0.404860
0.135302	7.117387
0.158084	1.544921	0.141471	1.431155	0.140838	0.678187	0.143816	2.635585	0.141380	0.134814
0.152750	0.403972
0.163846	5.281629
0.161177	1.532668	0.139669	1.400534	0.140739	0.677076	0.144988	2.636340	0.143702	0.136645
0.151987	0.387920
0.170254	5.557411
0.137759	1.529795	0.153691	1.378376	0.141420	0.683448	0.142390	2.631965	0.137793	0.138322
0.136287	0.347861
0.131740	5.695940
0.128023	1.540941	0.154708	1.428143	0.141098	0.678999	0.134941	2.642586	0.146395	0.137108
0.158494	0.328323
0.135977	5.827648
0.143222	1.550700	0.152485	1.366884	0.141312	0.683889	0.150756	2.632952	0.135938	0.140248
0.149047	0.377458
0.136277	5.226820
0.138843	1.496193	0.145630	1.393242	0.141213	0.681514	0.169056	2.632476	0.160575	0.138775
0.148652	0.377534
0.126078	6.080282
0.150286	1.505266	0.138479	1.466526	0.140536	0.673331	0.155769	2.638169	0.151008	0.136328
0.158983	0.405591
0.119284	5.478109
0.142087	1.514016	0.137929	1.426862	0.141048	0.684624	0.149094	2.633814	0.141796	0.134260
0.136140	0.350893
0.137922	6.145665
0.157302	1.480702	0.141418	1.431941	0.140685	0.686718	0.129436	2.648672	0.137601	0.138924
0.134928	0.337617
0.136530	5.667403
0.147744	1.551034	0.136245	1.442137	0.141731	0.682488	0.147795	2.658362	0.141097	0.140428
0.164114	0.311381
0.170898	5.359084
0.138959	1.501029	0.131823	1.426666	0.140582	0.684796	0.139047	2.643447	0.141081	0.135985
0.054750	0.301332
0.139596	6.206439
0.140828	1.514179	0.149320	1.449539	0.141312	0.683147	0.167859	2.648387	0.145360	0.134609
0.152506	0.308786
0.121190	6.183864
0.143346	1.503791	0.145843	1.417517	0.141359	0.675578	0.136364	2.638475	0.145429	0.137250
0.144385	0.331739
0.172942	5.969899
0.158049	1.558611	0.159626	1.409982	0.141259	0.686138	0.153913	2.645230	0.146655	0.139471
0.159046	0.336956
0.135802	6.123254
0.141893	1.487030	0.143650	1.413251	0.141202	0.676173	0.141682	2.638011	0.130982	0.134949
0.051209	0.366275
0.136241	5.931090
0.129071	1.524384	0.142584	1.424107	0.139850	0.681685	0.167929	2.643433	0.155521	0.137495
0.125558	0.345685
0.136716	5.907240
0.140505	1.554881	0.153603	1.421117	0.140742	0.672970	0.142553	2.638069	0.152853	0.135177
0.147374	0.358807
0.134411	5.846160
0.141009	1.463775	0.141809	1.396170	0.140792	0.670685	0.140311	2.641486	0.139629	0.135692
0.140178	0.355693
0.145512	5.877712
0.144352	1.539301	0.150084	1.428650	0.141306	0.686420	0.135584	2.645541	0.136610	0.143773
0.168583	0.315757
0.141135	6.431349
0.146771	1.474644	0.153391	1.412532	0.140685	0.671657	0.143349	2.645443	0.137749	0.145384
0.136748	0.362723
0.129322	6.371794
0.166454	1.487183	0.143940	1.427858	0.141205	0.682404	0.140853	2.630618	0.147734	0.139820
0.136778	0.401843
0.144097	5.730517
0.142269	1.488757	0.137840	1.414747	0.141205	0.679154	0.142598	2.686225	0.139960	0.133010
0.145717	0.354863
0.163999	6.365745
0.151283	1.536582	0.146549	1.438057	0.141413	0.678828	0.139583	2.634690	0.136579	0.135664
0.160373	0.395860
0.129844	6.295116
0.140217	1.499651	0.142590	1.428884	0.141359	0.683189	0.140523	2.637683	0.145276	0.142843
0.159197	0.335828
0.139676	5.714094
0.141153	1.505414	0.134928	1.402852	0.140988	0.683415	0.166565	2.638245	0.145159	0.140896
0.157895	0.417950
0.135742	6.465058
0.137904	1.562834	0.141113	1.411776	0.140685	0.683158	0.162180	2.642437	0.135568	0.136251
0.133029	0.342570
0.160645	6.036181
0.134971	1.491332	0.133919	1.378104	0.140323	0.676491	0.135623	2.636038	0.142060	0.137583
0.171838	0.471369
0.122488	5.124359
0.145688	1.547714	0.145296	1.438474	0.140163	0.684147	0.139384	2.635721	0.142105	0.132999
0.144060	0.381699
0.169183	4.844859
0.123974	1.497761	0.125115	1.427611	0.141259	0.681367	0.137780	2.639102	0.138435	0.133714
0.151904	0.364302
0.147964	6.436438
0.141948	1.518901	0.149590	1.426913	0.140578	0.679807	0.137879	2.649460	0.156119	0.137861
0.142062	0.452617
0.143246	6.027401
0.137860	1.525912	0.160002	1.376747	0.140685	0.687112	0.154212	2.641487	0.143499	0.137971
0.119774	0.369236
0.123820	5.264329
0.146916	1.508975	0.147206	1.374720	0.141520	0.682558	0.133684	2.633069	0.142269	0.134457
0.143447	0.386159
0.135481	5.177576
0.134845	1.516358	0.141207	1.400238	0.140949	0.682713	0.136497	2.639033	0.135141	0.140474
0.164075	0.335368
0.137580	5.621654
0.131467	1.527928	0.160397	1.394024	0.140742	0.680358	0.139060	2.632875	0.160417	0.139063
0.148770	0.379424
0.136247	5.128572
0.149079	1.524210	0.164680	1.381103	0.141420	0.681400	0.141379	2.642048	0.142434	0.137971
0.147705	0.355005
0.136932	5.658493
0.136661	1.570223	0.155418	1.438270	0.141470	0.679243	0.146929	2.645913	0.144802	0.137239
0.161402	0.450671
0.158652	6.728381
delta = 3.000000, m = 50
0.138740	1.946377	0.131651	1.789001	0.141052	0.746964	0.138098	3.745305	0.157683	0.154482
0.172774	0.371715
0.134887	7.776765
0.142388	1.965845	0.149812	1.778451	0.141106	0.748117	0.139570	3.769177	0.143078	0.156669
0.143013	0.424471
0.134480	6.055918
0.130531	1.951547	0.150411	1.799091	0.140525	0.741354	0.153166	3.764871	0.155008	0.156464
0.157484	0.335796
0.143400	6.721351
0.144720	1.970184	0.136341	1.819978	0.141205	0.741490	0.139064	3.760915	0.142254	0.158114
0.051095	0.411258
0.122313	6.395209
0.140816	1.991424	0.146509	1.764796	0.141209	0.745796	0.147840	3.762337	0.143172	0.157389
0.145492	0.348557
0.168905	6.707601
0.148722	1.929187	0.161913	1.779568	0.141259	0.739399	0.152085	3.763140	0.144929	0.157370
0.158328	0.568863
0.131743	7.189167
0.144249	1.917812	0.144238	1.795312	0.141520	0.754436	0.156654	3.749644	0.156448	0.159698
0.167924	0.523780
0.167706	6.409162
0.140183	1.957171	0.146011	1.801788	0.140739	0.747295	0.138810	3.788343	0.139999	0.154477
0.147105	0.349363
0.135297	6.875962
0.151701	1.967921	0.141317	1.801353	0.140792	0.750374	0.135276	3.760515	0.139031	0.152971
0.149384	0.339975
0.132166	6.171682
0.142919	1.936198	0.152855	1.753109	0.141102	0.748653	0.141662	3.749542	0.138962	0.153671
0.154750	0.395070
0.135092	6.168405
0.146981	1.997142	0.138069	1.821042	0.141106	0.741472	0.147750	3.765285	0.136360	0.154001
0.153730	0.375413
0.171418	6.162669
0.141370	1.942709	0.133762	1.757232	0.140945	0.739407	0.142954	3.757975	0.139288	0.156363
0.153550	0.365749
0.135977	7.226003
0.159507	1.956196	0.138328	1.772138	0.140892	0.739124	0.137072	3.754955	0.153807	0.157492
0.143026	0.455637
0.180182	6.343224
0.137861	1.949355	0.141321	1.731268	0.141356	0.744370	0.138961	3.749196	0.143197	0.157684
0.143864	0.368714
0.123331	7.241641
0.145736	1.941918	0.142052	1.789629	0.141205	0.742032	0.143060	3.752767	0.149856	0.157033
0.146212	0.366734
0.139628	6.532945
0.142317	1.933597	0.144983	1.752264	0.140892	0.743195	0.135771	3.758936	0.138438	0.158282
0.152511	0.397841
0.129881	7.021331
0.150717	1.986776	0.131635	1.843069	0.141356	0.741944	0.145576	3.760352	0.140166	0.154317
0.152907	0.374493
0.135639	6.498417
0.135339	1.921185	0.148936	1.727470	0.141677	0.742615	0.137488	3.774586	0.149937	0.155801
0.171291	0.417326
0.169518	6.236723
0.160098	1.974389	0.148504	1.797262	0.140892	0.736806	0.134698	3.760596	0.141688	0.153219
0.146059	0.462297
0.121475	6.877463
0.146650	1.975847	0.147000	1.822904	0.141781	0.742503	0.147840	3.759476	0.151417	0.160552
0.151134	0.373067
0.143189	5.904400
0.143074	1.965436	0.150721	1.753115	0.140892	0.749633	0.147739	3.753067	0.135965	0.163959
0.144106	0.323852
0.134929	6.612208
0.143655	1.962932	0.158046	1.783400	0.142096	0.731868	0.143972	3.763970	0.145573	0.154389
0.158785	0.381629
0.135466	6.941312
0.141340	1.967855	0.138398	1.827056	0.141727	0.783415	0.140155	3.768032	0.145199	0.158723
0.147154	0.408102
0.143457	7.007762
0.168141	1.984180	0.137475	1.792524	0.140949	0.736880	0.136248	3.765340	0.136477	0.162425
0.145458	0.386450
0.135197	6.667183
0.143379	1.940924	0.143278	1.790807	0.141052	0.735327	0.146491	3.764057	0.144578	0.160666
0.143675	0.376132
0.135572	6.435732
0.160867	1.940448	0.138280	1.797247	0.141205	0.748692	0.140181	3.761882	0.139156	0.158671
0.142529	0.403297
0.140359	6.467844
0.146867	1.931636	0.146003	1.783998	0.141466	0.747011	0.149342	3.742654	0.137326	0.165450
0.143599	0.379412
0.164706	6.180042
0.152047	1.987802	0.143817	1.795239	0.140842	0.744824	0.148330	3.752903	0.131591	0.160106
0.039362	0.330388
0.166562	6.846917
0.135925	1.956786	0.148344	1.812776	0.140842	0.750277	0.142425	3.749960	0.141394	0.158575
0.146133	0.378302
0.135960	6.387568
0.145047	1.995218	0.138588	1.812225	0.141356	0.736637	0.145163	3.755769	0.145696	0.159114
0.141470	0.340243
0.135713	6.686944
0.138213	2.019464	0.158802	1.781208	0.141205	0.736931	0.145957	3.769167	0.141986	0.157924
0.168122	0.416337
0.136366	6.826867
0.141004	1.973943	0.133941	1.788807	0.140792	0.744165	0.143548	3.777678	0.138750	0.153588
0.152003	0.432449
0.164688	6.299038
0.140452	1.968620	0.147198	1.793732	0.140788	0.735726	0.141367	3.774025	0.144826	0.157516
0.138692	0.441257
0.135944	6.091965
0.152851	1.968607	0.141045	1.824097	0.141724	0.759208	0.141834	3.767846	0.153407	0.156696
0.121845	0.362222
0.135871	6.457765
0.138009	1.925220	0.150930	1.844820	0.141148	0.745019	0.139084	3.752893	0.143595	0.160007
0.153414	0.351862
0.135607	6.641237
0.159158	1.963348	0.139714	1.736997	0.140792	0.740926	0.139346	3.753597	0.141125	0.156224
0.140536	0.368688
0.149494	6.315979
0.146112	1.973540	0.153452	1.823245	0.140731	0.748518	0.142551	3.800665	0.152501	0.160493
0.058637	0.410008
0.163264	6.840746
0.154137	1.998591	0.155257	1.774745	0.140792	0.730193	0.139477	3.745510	0.143758	0.155472
0.146382	0.519283
0.135997	6.824761
0.148672	1.970891	0.144536	1.808282	0.141098	0.746552	0.142805	3.752411	0.141466	0.154786
0.153946	0.363214
0.124794	6.773094
0.146004	1.933938	0.133426	1.784899	0.140681	0.746718	0.138443	3.756974	0.139752	0.163902
0.140055	0.375717
0.135496	6.269040
0.158427	1.947261	0.137956	1.764040	0.140319	0.743223	0.144080	3.767841	0.150021	0.163532
0.137303	0.406350
0.134819	6.069932
0.130502	1.951981	0.153375	1.773498	0.141516	0.738831	0.140145	3.758471	0.142349	0.154139
0.149711	0.356299
0.141687	6.306063
0.154408	1.986148	0.141475	1.819651	0.141617	0.742376	0.141032	3.805710	0.148551	0.156033
0.142321	0.315096
0.131468	6.577647
0.127063	1.983278	0.143178	1.830399	0.141570	0.744860	0.139190	3.754800	0.138398	0.316694
0.145508	0.432256
0.134719	6.797034
0.141875	1.976265	0.141585	1.807096	0.141362	0.735332	0.145227	3.757615	0.142872	0.157208
0.050463	0.338572
0.132238	5.891892
0.146509	1.969535	0.151909	1.803244	0.140681	0.738858	0.153926	3.742685	0.147407	0.155635
0.153825	0.380441
0.136700	7.174956
0.145312	1.964232	0.146996	1.796116	0.141205	0.742731	0.150678	3.764782	0.132026	0.164698
0.170295	0.400199
0.135736	7.753307
0.137890	1.960962	0.134905	1.831158	0.141205	0.742904	0.148004	3.756374	0.138897	0.154952
0.154716	0.361073
0.136145	6.152705
0.147145	1.998354	0.139588	1.872275	0.141366	0.775776	0.147810	3.761305	0.143200	0.157102
0.140555	0.336098
0.136118	7.262675
0.149396	1.967950	0.154089	1.767107	0.141413	0.742636	0.141538	3.753606	0.138314	0.156432
0.159939	0.334420
0.136578	6.880643
delta = 3.000000, m = 60
0.139838	2.403106	0.157280	2.166455	0.141356	0.787966	0.139015	4.700152	0.140508	0.170280
0.162442	0.413809
0.134724	7.779001
0.155029	2.410601	0.155309	2.195348	0.141255	0.785006	0.142541	4.714728	0.143889	0.169472
0.153940	0.343069
0.135783	7.362371
0.150676	2.435845	0.153933	2.190775	0.141516	0.778907	0.139007	4.705653	0.139560	0.170727
0.140632	0.509974
0.159315	7.804803
0.139921	2.451363	0.142954	2.226478	0.141831	0.785556	0.142775	4.706717	0.141963	0.210098
0.144233	0.380490
0.142919	7.330377
0.141207	2.432671	0.150323	2.163088	0.141155	0.790939	0.148438	4.694251	0.142105	0.173116
0.135432	0.394905
0.136071	7.020127
0.139317	2.403479	0.142463	2.172031	0.141052	0.783183	0.139216	4.721670	0.151649	0.169528
0.137177	0.458086
0.130741	6.692404
0.127759	2.428862	0.149097	2.143885	0.140995	0.782822	0.146546	4.695614	0.143398	0.175471
0.137222	0.480090
0.144039	7.457056
0.142591	2.438986	0.136869	2.166681	0.140582	0.781324	0.141873	4.697239	0.142901	0.170613
0.169372	0.376019
0.155247	7.069223
0.139199	2.427795	0.145900	2.219668	0.140999	0.776019	0.137710	4.712887	0.147786	0.171687
0.139954	0.396419
0.126416	7.026947
0.152175	2.395850	0.145303	2.212730	0.141362	0.785784	0.139079	4.719805	0.143380	0.180976
0.135970	0.328846
0.135883	7.124883
0.142072	2.452585	0.147488	2.199187	0.141152	0.784653	0.139698	4.711723	0.154169	0.170284
0.168442	0.600909
0.158927	8.579640
0.140731	2.427127	0.143593	2.179013	0.141262	0.782735	0.142705	4.690892	0.155544	0.171765
0.143095	0.349584
0.160991	6.582541
0.156455	2.437815	0.137322	2.238889	0.141620	0.775981	0.135505	4.707633	0.136608	0.173931
0.148840	0.431532
0.133792	6.860115
0.149733	2.451684	0.154333	2.193114	0.141674	0.785808	0.152966	4.699662	0.137414	0.173109
0.141453	0.379406
0.131208	7.134163
0.154925	2.437274	0.147977	2.204589	0.141567	0.782721	0.154142	4.703924	0.144240	0.172444
0.139114	0.395800
0.135361	7.284065
0.142902	2.410270	0.149543	2.177407	0.141413	0.784599	0.146456	4.685445	0.136114	0.173197
0.139680	0.414012
0.123850	6.875173
0.151948	2.380473	0.153396	2.182711	0.141623	0.784257	0.139471	4.703454	0.137198	0.173326
0.143433	0.319481
0.139085	6.718145
0.139060	2.434350	0.154461	2.194660	0.141416	0.779752	0.151281	4.696225	0.140943	0.173882
0.148732	0.413386
0.135413	7.788743
0.139778	2.429263	0.149640	2.198541	0.141570	0.786074	0.145258	4.698381	0.147136	0.175645
0.170078	0.382008
0.134087	7.195336
0.151799	2.455784	0.147137	2.190255	0.141359	0.794620	0.140032	4.705995	0.139921	0.206937
0.146762	0.352258
0.135314	6.963142
0.145358	2.418102	0.151756	2.223019	0.140842	0.790637	0.138914	4.710622	0.140878	0.168076
0.142582	0.419637
0.133968	7.787244
0.143115	2.444393	0.142146	2.157764	0.141986	0.799050	0.152062	4.705979	0.139262	0.172320
0.143494	0.470259
0.164330	8.090924
0.132960	2.478057	0.147051	2.224277	0.141102	0.779501	0.141687	4.706093	0.145166	0.172406
0.161123	0.390634
0.126111	8.148455
0.142427	2.355525	0.152371	2.187156	0.141567	0.782933	0.140591	4.683040	0.145211	0.172587
0.049646	0.385625
0.131673	7.715285
0.139787	2.455328	0.142551	2.148595	0.141052	0.782019	0.144019	4.707259	0.147097	0.169599
0.146060	0.438265
0.138532	8.155156
0.154274	2.446372	0.144505	2.200639	0.141306	0.785734	0.137356	4.690425	0.135223	0.171358
0.155309	0.339825
0.168201	7.156565
0.132354	2.401906	0.146886	2.229373	0.140895	0.775068	0.152930	4.695652	0.139013	0.172107
0.137630	0.424923
0.130526	6.607623
0.159143	2.424116	0.134417	2.280751	0.141986	0.780189	0.144504	4.699741	0.143418	0.167600
0.138754	0.376047
0.140041	7.674478
0.142059	2.430241	0.147536	2.161090	0.141045	0.783252	0.150463	4.690902	0.142311	0.172361
0.139636	0.396864
0.134614	6.278060
0.143760	2.447104	0.152783	2.247687	0.141152	0.782481	0.142451	4.702747	0.141735	0.169382
0.145804	0.485032
0.155485	6.919846
0.140003	2.383606	0.146768	2.129724	0.140781	0.806407	0.143434	4.701160	0.137963	0.169097
0.140847	0.371397
0.143146	7.097935
0.152644	2.474914	0.152914	2.187101	0.141831	0.791664	0.141596	4.755500	0.140013	0.179126
0.148933	0.380790
0.161675	6.579933
0.135405	2.360946	0.156078	2.066438	0.141359	0.761174	0.139015	4.689889	0.138585	0.211289
0.143741	0.481539
0.134990	7.472974
0.146099	2.342691	0.152308	2.105739	0.141627	0.761641	0.147247	4.725097	0.153410	0.177047
0.151337	0.413820
0.124778	7.080220
0.158960	2.444913	0.148605	2.105483	0.141098	0.786390	0.145206	4.699628	0.140985	0.171890
0.134510	0.395756
0.136684	7.765197
0.148800	2.362166	0.141825	2.197471	0.140995	0.776551	0.138426	4.697064	0.143523	0.169306
0.140482	0.486575
0.134756	7.312845
0.153532	2.479739	0.137672	2.166062	0.141932	0.786212	0.148702	4.710479	0.140109	0.182297
0.138664	0.389440
0.136383	6.605824
0.143700	2.462401	0.151835	2.180155	0.141470	0.777565	0.138127	4.701655	0.144076	0.171194
0.154565	0.650302
0.136932	6.885881
0.142109	2.356837	0.137327	2.164139	0.141098	0.806224	0.143666	4.732913	0.140242	0.174834
0.140155	0.433114
0.133678	7.267167
0.134556	2.402604	0.152376	2.202171	0.141095	0.784430	0.139890	4.697469	0.144512	0.174101
0.145583	0.451543
0.132119	7.568011
0.141199	2.452682	0.144639	2.177492	0.141152	0.783017	0.142826	4.705373	0.149310	0.172711
0.166254	0.415741
0.132472	6.234148
0.133895	2.487994	0.151070	2.184288	0.141098	0.782321	0.135792	4.703592	0.138881	0.206354
0.138548	0.421713
0.135663	7.698095
0.134020	2.399015	0.162563	2.174325	0.141882	0.778779	0.141760	4.704476	0.145627	0.172791
0.148539	0.427901
0.136246	6.549237
0.139093	2.462030	0.151525	2.216470	0.140678	0.791161	0.138177	4.697794	0.140380	0.169828
0.137973	0.364153
0.119575	6.724496
0.145311	2.432457	0.143428	2.205502	0.141259	0.784381	0.138248	4.700027	0.145310	0.170676
0.160087	0.381812
0.133096	7.239488
0.146762	2.417667	0.147353	2.182774	0.141520	0.784974	0.137709	4.694831	0.140170	0.176300
0.154741	0.441314
0.131083	6.965591
0.144181	2.458661	0.145358	2.194668	0.141724	0.781395	0.138045	4.698319	0.143190	0.169828
0.143486	0.366653
0.171169	7.250766
0.142158	2.399538	0.154267	2.221623	0.141312	0.780898	0.142487	4.703808	0.143230	0.166399
0.130983	0.421337
0.135977	7.021943
0.145465	2.469556	0.153150	2.216100	0.141570	0.777250	0.146821	4.703060	0.148444	0.168291
0.153850	0.420191
0.135302	7.259064
0.148676	2.437135	0.145041	2.210969	0.141102	0.779999	0.154694	4.703451	0.141077	0.166808
0.055229	0.437098
0.137166	7.038230
delta = 3.000000, m = 70
0.143753	2.934799	0.152265	2.582420	0.141362	0.846474	0.140358	6.378653	0.141379	0.199172
0.149309	0.391063
0.167314	7.861307
0.137047	2.887245	0.145252	2.600688	0.141882	0.847161	0.155453	6.408540	0.138345	0.194329
0.156099	0.425175
0.173080	8.502806
0.158950	2.903061	0.153285	2.594519	0.141362	0.849609	0.145422	6.366194	0.145581	0.204467
0.141647	0.412399
0.138906	7.816391
0.148666	2.939456	0.148131	2.600156	0.141620	0.847772	0.146058	6.372436	0.144289	0.200196
0.172394	0.437772
0.159275	7.964012
0.164096	2.929562	0.157149	2.638538	0.140838	0.898517	0.144823	6.471300	0.139600	0.202352
0.142171	0.394051
0.134976	8.565735
0.147410	2.893851	0.153164	2.596322	0.141255	0.844875	0.154871	6.362944	0.149165	0.199748
0.162996	0.411227
0.135405	7.822597
0.141540	2.977719	0.142424	2.613701	0.140628	0.844883	0.143543	6.354619	0.141430	0.241253
0.118638	0.367081
0.135855	9.267664
0.134238	2.961912	0.142480	2.599125	0.140938	0.848162	0.144234	6.356605	0.143987	0.197321
0.162687	0.397213
0.134145	8.337155
0.139481	2.977831	0.155315	2.596645	0.141670	0.850306	0.145205	6.406298	0.138477	0.193609
0.145457	0.397937
0.135023	8.275070
0.144929	2.863353	0.148221	2.573521	0.140938	0.846179	0.143085	6.379023	0.140550	0.211051
0.133630	0.359917
0.135261	8.140603
0.148021	2.968143	0.130023	2.622615	0.141513	0.861784	0.136742	6.383706	0.140208	0.193116
0.158545	0.389403
0.122643	8.272291
0.163723	2.887183	0.152876	2.606465	0.141152	0.848850	0.144185	6.425764	0.144461	0.199842
0.147407	0.364148
0.136645	8.018696
0.142609	2.926043	0.154704	2.599827	0.141409	0.849959	0.143631	6.377462	0.144526	0.193262
0.142877	0.377940
0.135649	8.244016
0.146380	3.143697	0.162080	2.648987	0.141409	0.850053	0.141825	6.360448	0.142160	0.197639
0.141734	0.489654
0.154573	8.167772
0.137066	2.984296	0.147952	2.573023	0.141045	0.848198	0.141667	6.365828	0.142956	0.196438
0.149740	0.405650
0.139009	9.129932
0.153445	2.930461	0.139017	2.605381	0.141570	0.845927	0.141341	6.377508	0.140875	0.194660
0.165195	0.382823
0.158065	7.712242
0.142382	2.944027	0.151084	2.578416	0.141152	0.851010	0.138950	6.370557	0.147625	0.200206
0.145949	0.459021
0.125438	7.801243
0.139839	2.958087	0.141063	2.632756	0.141102	0.848422	0.142761	6.371665	0.141674	0.193596
0.159505	0.446091
0.138227	8.592294
0.140439	2.945976	0.151674	2.639953	0.141148	0.889238	0.140162	6.365314	0.142928	0.197939
0.150409	0.482231
0.132361	8.455638
0.150406	2.886757	0.144342	2.587777	0.141048	0.847213	0.148439	6.345554	0.142127	0.204224
0.172066	0.411817
0.130869	8.847012
0.136332	2.924153	0.143603	2.642994	0.141098	0.852901	0.148930	6.373062	0.139876	0.199956
0.138707	0.402618
0.114079	8.929649
0.147354	2.989215	0.145529	2.626782	0.141095	0.839644	0.142111	6.379376	0.138664	0.201354
0.150566	0.421430
0.139046	8.584464
0.141596	2.943891	0.142150	2.636086	0.141828	0.849449	0.142990	6.360631	0.145478	0.199217
0.162442	0.488746
0.122135	8.781718
0.138966	2.927350	0.143335	2.652806	0.141309	0.842074	0.139064	6.357475	0.142734	0.202644
0.144394	0.401496
0.165585	8.377640
0.140001	2.917672	0.153740	2.592516	0.140892	0.848056	0.139733	6.370646	0.142093	0.197410
0.145076	0.384009
0.136506	9.232861
0.138640	2.944246	0.148140	2.612566	0.141102	0.850358	0.139573	6.343284	0.142969	0.245428
0.134546	0.391217
0.160496	8.540986
0.145627	2.880376	0.150960	2.662848	0.140842	0.841998	0.140239	6.375827	0.144031	0.250490
0.137851	0.357759
0.120282	7.030436
0.142848	2.894802	0.142169	2.563778	0.141409	0.842129	0.136003	6.375033	0.139923	0.195057
0.145412	0.427402
0.135505	7.748950
0.142961	2.915461	0.149932	2.655617	0.141048	0.840694	0.139493	6.371575	0.143085	0.197717
0.118064	0.356820
0.140899	8.697623
0.141181	2.906763	0.140645	2.583664	0.141470	0.845158	0.146057	6.353220	0.138220	0.194794
0.141842	0.395149
0.140428	7.932987
0.145037	2.924114	0.145632	2.567807	0.141255	0.849787	0.140255	6.360556	0.146867	0.197160
0.154455	0.408805
0.135624	8.385568
0.140218	2.917305	0.146812	2.613500	0.141098	0.858779	0.141929	6.333681	0.141724	0.196131
0.155093	0.460640
0.134956	7.455703
0.144735	2.978621	0.143545	2.596931	0.140685	0.839724	0.141252	6.378798	0.142934	0.199181
0.139863	0.411765
0.134651	8.163619
0.139524	2.890353	0.154070	2.631162	0.141516	0.845217	0.144292	6.372771	0.137300	0.195091
0.133522	0.432972
0.164671	8.903002
0.136244	2.946189	0.146063	2.611967	0.140681	0.846324	0.139630	6.353136	0.146058	0.195989
0.145843	0.434812
0.135807	8.823072
0.139024	2.878456	0.144194	2.623137	0.141048	0.844260	0.139479	6.359804	0.144159	0.206752
0.107415	0.402106
0.147564	8.561204
0.148676	2.957148	0.147498	2.636294	0.140785	0.850382	0.140712	6.486713	0.145741	0.200203
0.145315	0.401202
0.124064	8.155000
0.139949	2.911486	0.145949	2.609425	0.141466	0.843999	0.141027	6.358807	0.140269	0.207179
0.157116	0.365529
0.163653	7.736948
0.145528	2.855056	0.139564	2.622395	0.140785	0.854208	0.144131	6.438947	0.149375	0.198051
0.135325	0.423272
0.166737	8.427549
0.147403	3.010500	0.141735	2.550463	0.140788	0.872253	0.142705	6.448794	0.138958	0.198710
0.160746	0.451825
0.134163	7.880030
0.143389	2.955514	0.143860	2.581749	0.140942	0.849233	0.139113	6.341009	0.140565	0.195161
0.141138	0.447339
0.135539	9.370164
0.158865	2.948772	0.146546	2.577513	0.141309	0.847951	0.141243	6.343039	0.142653	0.199483
0.146603	0.446348
0.135549	8.895846
0.157800	2.902438	0.140389	2.590818	0.141932	0.848052	0.140292	6.352948	0.143992	0.196151
0.144243	0.400308
0.136322	8.222669
0.154573	2.922430	0.138341	2.565675	0.141781	0.847878	0.146171	6.317516	0.139049	0.237766
0.025071	0.394357
0.136514	7.294017
0.142319	2.894679	0.152994	2.618401	0.141416	0.852964	0.144205	6.371297	0.146596	0.198992
0.138855	0.441031
0.134331	7.983647
0.129921	2.918851	0.156231	2.566384	0.141670	0.854264	0.137895	6.306018	0.142008	0.195143
0.144181	0.454808
0.134499	7.726823
0.138284	2.937891	0.132608	2.582558	0.141460	0.845923	0.142853	6.356724	0.145642	0.203522
0.172805	0.421632
0.121523	8.186606
0.139084	2.930020	0.132400	2.585526	0.141516	0.855342	0.142680	6.346088	0.141130	0.192394
0.148822	0.492915
0.130830	7.929836
0.141372	2.896927	0.153181	2.601097	0.141409	0.850078	0.143634	6.339096	0.141148	0.196638
0.137548	0.539800
0.136135	8.976444
0.145951	2.913427	0.144295	2.591244	0.142090	0.854879	0.145789	6.538475	0.147923	0.215900
0.142159	0.419888
0.162612	8.268906
delta = 3.000000, m = 80
0.144984	3.415349	0.149447	3.036123	0.141513	0.897013	0.139783	7.506374	0.143526	0.209260
0.141536	0.504594
0.135455	8.611460
0.144877	3.438879	0.141213	2.941307	0.140472	0.910230	0.141974	7.742399	0.151853	0.213469
0.035646	0.382717
0.122735	9.155132
0.144929	3.384827	0.154327	2.977775	0.141674	0.898662	0.138402	7.478479	0.138917	0.217443
0.145931	0.448775
0.133077	8.999055
0.143385	3.453107	0.146651	2.942486	0.140788	0.881848	0.140960	7.529975	0.140433	0.208687
0.143707	0.377242
0.132357	9.337800
0.135939	3.398992	0.150867	2.961942	0.141413	0.890258	0.138712	7.512833	0.141563	0.209912
0.159499	0.493682
0.166278	8.562076
0.149567	3.441967	0.135780	2.994513	0.141199	0.902168	0.148383	7.494049	0.140298	0.213762
0.120868	0.421583
0.125539	8.652438
0.137756	3.441926	0.148886	3.079016	0.140938	0.903116	0.144556	7.539402	0.139617	0.216118
0.150244	0.400438
0.139803	8.680591
0.150527	3.426912	0.157030	2.974722	0.141620	0.896219	0.142454	7.524006	0.139425	0.214640
0.084987	0.445331
0.135233	8.960794
0.136774	3.387370	0.150749	2.942977	0.141362	0.886377	0.141186	7.568235	0.149976	0.214337
0.148875	0.446710
0.132103	8.718685
0.145415	3.478407	0.141280	3.000100	0.141255	0.888097	0.138456	7.492281	0.142030	0.207843
0.117442	0.398895
0.157230	9.105772
0.135470	3.427679	0.142372	3.057752	0.141306	0.884021	0.143571	7.600418	0.138358	0.207570
0.144252	0.420202
0.136029	7.765208
0.155078	3.378985	0.145900	3.034674	0.140731	0.894916	0.141536	7.548139	0.139793	0.211755
0.137730	0.560409
0.166968	9.763406
0.150331	3.446565	0.151341	3.036886	0.141045	0.886848	0.143898	7.541608	0.140361	0.214460
0.150877	0.420607
0.138573	9.918693
0.139842	3.432819	0.139037	3.110949	0.141617	0.902044	0.141674	7.967557	0.141435	0.215030
0.163788	0.496391
0.135877	10.007928
0.136996	3.520759	0.139322	3.131265	0.141828	0.912836	0.142698	7.866605	0.137394	0.220803
0.135011	0.455048
0.135023	8.361934
0.139926	3.478528	0.147906	3.036467	0.141878	0.910179	0.143192	7.973238	0.144396	0.212003
0.146819	0.411506
0.134921	8.609789
0.149922	3.468631	0.147556	3.084006	0.141102	0.906063	0.143344	7.916233	0.142829	0.213884
0.140458	0.403637
0.136716	9.312587
0.142234	3.510651	0.143078	3.019293	0.141617	0.946336	0.140487	7.950467	0.138814	0.212826
0.148832	0.408162
0.138373	9.968256
0.136840	3.476214	0.143654	3.054835	0.140838	0.904089	0.150460	7.914542	0.141989	0.214088
0.134189	0.421917
0.134766	9.759377
0.148021	3.471065	0.151062	3.044920	0.141202	0.912451	0.146329	7.882855	0.137643	0.220133
0.147949	0.435321
0.135408	9.130232
0.144340	3.467003	0.152381	3.112759	0.141048	0.913397	0.142504	7.873335	0.143152	0.215781
0.147790	0.452828
0.130721	9.503214
0.145316	3.461257	0.152176	3.062028	0.141670	0.910183	0.140550	7.862433	0.140973	0.216435
0.142637	0.469533
0.134782	9.359829
0.154162	3.505557	0.148238	3.125342	0.141828	0.919050	0.139098	7.844165	0.141192	0.217553
0.122125	0.415391
0.124716	9.062488
0.137280	3.503746	0.160452	3.143347	0.141102	0.904534	0.143273	7.837048	0.141967	0.215779
0.163040	0.427977
0.134509	9.155156
0.149283	3.531825	0.141516	3.105433	0.141306	0.928870	0.143346	7.922491	0.142138	0.221048
0.150838	0.567011
0.145036	8.558949
0.143913	3.460147	0.153638	3.088376	0.141463	0.904180	0.145799	7.966083	0.140169	0.217434
0.106463	0.427824
0.135332	9.836435
0.141916	3.502513	0.148333	3.042702	0.141567	0.923458	0.145105	7.830965	0.140541	0.280382
0.146170	0.428436
0.123811	8.276610
0.139240	3.513087	0.143494	3.045564	0.141774	0.931101	0.145844	7.875725	0.144929	0.226048
0.120142	0.451230
0.138164	8.355102
0.156319	3.418109	0.147569	3.061143	0.140735	0.912354	0.137943	7.870450	0.142390	0.216704
0.137342	0.416646
0.172246	9.710437
0.136965	3.504757	0.140083	3.127142	0.141828	0.918796	0.142522	7.878718	0.146063	0.217323
0.116543	0.506729
0.135455	9.149768
0.145251	3.555610	0.146381	3.066189	0.140892	0.925676	0.138810	8.004397	0.136591	0.219315
0.141682	0.404202
0.135423	10.179387
0.145792	3.626928	0.142653	3.301559	0.141828	1.018352	0.140386	8.989051	0.140458	0.236181
0.137131	0.416105
0.134007	8.538710
0.131488	3.695446	0.140704	3.199270	0.141513	0.975194	0.149147	8.778320	0.142127	0.221131
0.163191	0.465434
0.159228	9.438867
0.151001	3.706895	0.145951	3.134894	0.140892	0.905972	0.139801	7.932014	0.139992	0.280347
0.029727	0.459839
0.173381	9.573225
0.139428	3.550127	0.146924	3.055881	0.141356	0.910351	0.139365	7.891759	0.140340	0.219876
0.081474	0.430233
0.166936	8.524044
0.142444	3.495780	0.147139	3.061256	0.140942	0.907025	0.149527	7.826310	0.150971	0.216897
0.167335	0.492020
0.131120	8.692775
0.136453	3.569169	0.151233	3.149554	0.141563	0.919747	0.143971	8.115871	0.139318	0.214935
0.149448	0.482063
0.135824	10.212956
0.144607	4.039018	0.136296	3.661372	0.140785	1.057751	0.144684	9.713715	0.145629	0.241092
0.147179	0.440406
0.135978	10.631805
0.144394	3.527968	0.148277	3.027943	0.141670	0.938533	0.138239	8.302454	0.138137	0.232495
0.048780	0.401888
0.131801	10.918534
0.145951	3.526105	0.145145	3.039197	0.140995	0.908142	0.140292	8.088091	0.142090	0.226962
0.036365	0.401141
0.131959	9.977034
0.160526	3.899504	0.143176	3.190083	0.141986	1.021977	0.142814	8.244012	0.139400	0.217566
0.169543	0.467669
0.137529	8.778336
0.135745	3.537517	0.147149	3.102325	0.141309	1.016243	0.141870	8.039019	0.144448	0.295578
0.139560	0.505981
0.135660	8.899250
0.153559	3.519467	0.148662	3.138684	0.141409	0.907047	0.144720	8.191222	0.140239	0.236799
0.153317	0.476282
0.153636	8.827561
0.141179	3.568658	0.150382	3.129265	0.141356	0.952478	0.136442	8.424890	0.140265	0.226790
0.160305	0.475407
0.139735	8.623861
0.142000	3.656699	0.141946	3.058465	0.141778	0.931329	0.144564	8.088833	0.147298	0.223204
0.145114	0.396096
0.135173	11.018707
0.139235	4.279607	0.149430	3.236039	0.141567	1.007152	0.139703	8.068828	0.141965	0.221384
0.159902	0.445645
0.135496	10.062047
0.139036	3.544032	0.144029	3.154500	0.141831	0.960750	0.140035	8.173269	0.145853	0.234943
0.140915	0.422467
0.139628	9.459480
0.142609	3.633246	0.146759	3.195161	0.142146	0.911200	0.138925	8.194634	0.144616	0.223749
0.145424	0.468761
0.135328	9.330892
0.137967	3.531669	0.154454	3.122136	0.141362	0.909862	0.137861	7.997776	0.144776	0.279740
0.143972	0.458782
0.136124	8.782372
0.152366	3.504720	0.142288	3.131968	0.140838	0.988836	0.141875	8.020473	0.143305	0.235661
0.138755	0.441515
0.136899	9.887492
delta = 3.000000, m = 90
0.141737	4.083826	0.140452	3.572288	0.141152	1.097232	0.143461	11.707154	0.140472	0.249147
0.106953	0.539949
0.132001	10.021626
0.147464	4.053997	0.140212	3.525704	0.142090	1.014245	0.140377	10.482824	0.140475	0.257017
0.161709	0.482441
0.135585	9.179526
0.144452	4.882185	0.150738	3.635623	0.141255	0.996446	0.143299	11.122177	0.144837	0.266860
0.143463	0.480144
0.138834	9.823206
0.140968	4.129786	0.148283	3.648787	0.141409	0.989065	0.142741	10.675727	0.140475	0.248081
0.163189	0.500386
0.123777	10.723255
0.132117	4.030724	0.146866	3.661257	0.141670	0.997933	0.141734	11.080503	0.140128	0.246088
0.157682	0.499821
0.127836	10.314208
0.138981	4.033563	0.152222	3.496401	0.141202	1.034378	0.141536	10.739111	0.139852	0.252609
0.166744	0.551423
0.136041	12.191047
0.153974	4.465239	0.146654	3.470527	0.141098	0.989525	0.140571	10.369082	0.142181	0.250040
0.039325	0.416577
0.135528	10.866095
0.144408	4.218838	0.142773	3.547732	0.141359	0.995553	0.142653	10.740302	0.139904	0.241201
0.111793	0.437645
0.166581	9.821290
0.147906	3.948413	0.148058	3.492701	0.141617	0.965422	0.137919	9.791821	0.143029	0.235941
0.140023	0.380040
0.136166	10.318220
0.142658	3.979585	0.148772	3.428912	0.141774	0.969599	0.140926	9.753541	0.138729	0.246246
0.157763	0.418996
0.131019	9.972670
0.146333	3.948443	0.146111	3.473626	0.141409	0.976327	0.143353	9.811198	0.144344	0.238528
0.081137	0.450870
0.122907	8.688249
0.148115	3.899040	0.142964	3.493428	0.141463	0.971475	0.145415	9.807105	0.144022	0.239977
0.140263	0.365942
0.123357	11.281196
0.143704	3.928736	0.142643	3.464847	0.141882	0.967091	0.139524	9.823999	0.139723	0.239546
0.163186	0.551265
0.132154	9.569174
0.151096	3.943210	0.145095	3.462378	0.141255	0.990523	0.140370	10.120609	0.139308	0.303671
0.148927	0.498421
0.164345	9.297541
0.143602	3.981104	0.150334	3.503452	0.141567	0.962765	0.145419	9.776130	0.140208	0.242613
0.154577	0.421280
0.135018	8.872303
0.145148	3.962245	0.144556	3.442351	0.141513	0.962741	0.141184	9.563773	0.142778	0.305622
0.020623	0.404513
0.134699	8.945907
0.144073	4.031958	0.142277	3.456287	0.141882	0.972175	0.142931	9.627294	0.142382	0.240036
0.049088	0.394834
0.134614	9.500385
0.147191	4.008392	0.143088	3.504661	0.141152	0.959549	0.145147	9.603727	0.137317	0.234303
0.001955	0.424451
0.125927	9.559598
0.146813	3.987595	0.144875	3.466768	0.141513	0.962309	0.141470	9.700052	0.141189	0.244340
0.100604	0.432289
0.136975	9.813114
0.140632	3.931910	0.146429	3.433230	0.140992	0.956322	0.139191	9.648322	0.141148	0.234008
0.136724	0.522455
0.135391	10.282366
0.142341	3.952819	0.152548	3.524705	0.141774	0.972576	0.141359	9.570595	0.142612	0.243738
0.159905	0.419627
0.122445	8.126454
0.155444	3.926805	0.141477	3.466789	0.141567	0.961665	0.142674	9.830055	0.139170	0.237572
0.158275	0.444808
0.142132	10.158494
0.142110	3.972517	0.139034	3.455706	0.141670	0.957407	0.140064	9.492096	0.145635	0.235475
0.144774	0.386890
0.135279	9.338867
0.148007	3.928527	0.152320	3.405011	0.141986	0.960553	0.147353	9.732825	0.139146	0.243184
0.163848	0.428157
0.171559	9.874281
0.141819	3.954472	0.151435	3.462469	0.141309	0.951400	0.141702	9.571695	0.141875	0.237310
0.068787	0.467224
0.137018	9.509360
0.147708	3.942932	0.137650	3.441319	0.141620	0.988223	0.148600	9.920007	0.143351	0.236237
0.140425	0.404875
0.122142	9.944441
0.146384	4.005486	0.149209	3.394570	0.141620	0.965821	0.143128	9.752305	0.138679	0.242799
0.097639	0.440395
0.135813	9.994790
0.148668	3.947186	0.144823	3.407188	0.141620	0.959372	0.140712	9.635375	0.143346	0.239702
0.143187	0.410275
0.134688	10.500020
0.138530	4.075155	0.140234	3.509307	0.141617	0.958909	0.138987	9.743935	0.141705	0.237086
0.145638	0.459473
0.127082	10.223147
0.145528	3.968114	0.143716	3.416863	0.141359	0.955221	0.143340	9.583156	0.140490	0.239761
0.122900	0.468544
0.134352	9.742570
0.143966	3.909503	0.146488	3.397728	0.140838	0.950765	0.138606	9.720770	0.142248	0.304366
0.154078	0.449061
0.137117	10.477732
0.138391	4.005512	0.138943	3.438787	0.141356	0.966088	0.142301	9.701485	0.142183	0.239468
0.143815	0.483394
0.160695	10.957472
0.131447	4.025799	0.142276	3.346290	0.141048	0.969701	0.145952	9.582631	0.143387	0.235482
0.140928	0.464602
0.134324	10.609924
0.146013	3.967958	0.145629	3.440931	0.141409	0.959544	0.142691	9.634263	0.144256	0.240703
0.122033	0.400917
0.135602	9.462474
0.146709	3.968558	0.138055	3.458501	0.141413	0.956711	0.142614	9.543236	0.142638	0.240100
0.150989	0.578952
0.123392	8.297265
0.151867	4.024516	0.145519	3.410218	0.141617	0.956563	0.147840	9.579764	0.142218	0.246345
0.135213	0.393162
0.132450	9.828477
0.151436	3.978519	0.145480	3.569716	0.141152	0.957567	0.142579	9.654948	0.144510	0.296817
0.018391	0.460643
0.164635	8.851013
0.146272	3.925685	0.144394	3.354842	0.140942	0.961259	0.143515	9.589314	0.145627	0.239363
0.148951	0.386567
0.133768	9.533895
0.140910	3.918739	0.142668	3.394137	0.141670	0.964921	0.140355	9.728023	0.142663	0.237327
0.089674	0.416913
0.123640	10.019582
0.137384	4.007928	0.151137	3.480730	0.141778	0.965043	0.145412	9.598863	0.144399	0.239663
0.135373	0.428843
0.124270	9.642571
0.148278	3.936881	0.152818	3.484963	0.141617	0.957777	0.142707	9.952748	0.140072	0.236048
0.137172	0.426477
0.134333	9.509336
0.138062	4.036019	0.140478	3.434760	0.141567	0.989513	0.143784	9.702849	0.141520	0.234945
0.136595	0.420457
0.131904	9.781426
0.154157	3.965816	0.144186	3.436258	0.141463	0.956392	0.141882	9.802169	0.141816	0.243849
0.141946	0.433415
0.138798	10.805843
0.140472	4.030064	0.142886	3.383774	0.141724	0.960355	0.144781	9.602969	0.137590	0.313399
0.108596	0.437628
0.136213	10.284969
0.138939	3.953520	0.140497	3.413763	0.141986	0.963113	0.142381	9.552153	0.143707	0.236169
0.151296	0.441655
0.136721	9.212177
0.142066	3.922125	0.142612	3.454417	0.141413	0.959742	0.146006	9.579398	0.141974	0.237674
0.127560	0.445000
0.159354	9.672493
0.149856	3.905030	0.140550	3.439274	0.140628	0.957792	0.142558	9.937308	0.140712	0.239360
0.153509	0.426898
0.135267	9.127372
0.133322	4.009297	0.148341	3.454046	0.141513	0.973848	0.145581	9.581972	0.139074	0.243449
0.162992	0.442435
0.135683	9.697346
0.152619	3.937044	0.141893	3.504532	0.141932	0.962755	0.148713	9.675043	0.141969	0.245906
0.063796	0.443663
0.135333	10.955824
0.139117	3.915548	0.146165	3.402772	0.141670	0.961668	0.141377	9.663632	0.141068	0.311945
0.159411	0.402917
0.138974	9.892964
delta = 3.000000, m = 100
0.137661	4.421568	0.142765	3.767029	0.141148	0.975927	0.140835	11.170958	0.139421	0.243937
0.139740	0.436065
0.134274	10.587877
0.159389	4.359894	0.146326	3.704114	0.141202	0.974142	0.141926	11.356568	0.138566	0.249201
0.142290	0.372868
0.165535	9.945857
0.145200	4.392945	0.139249	3.762782	0.141255	0.983761	0.139129	11.168716	0.141649	0.263395
0.144346	0.402256
0.129171	11.013179
0.139079	4.382808	0.142070	3.716200	0.141567	0.980138	0.142926	11.163397	0.140766	0.248056
0.141911	0.498183
0.136166	10.729318
0.141795	4.363208	0.146866	3.691536	0.141774	0.986193	0.142656	11.174381	0.142311	0.251048
0.117239	0.454346
0.144686	11.660907
0.149898	4.371432	0.147147	3.748864	0.141724	0.978242	0.139711	11.241782	0.143555	0.249407
0.143490	0.405324
0.139946	9.868386
0.145144	4.337132	0.147244	3.753437	0.141670	0.979883	0.140746	11.185967	0.142239	0.251926
0.014844	0.415337
0.164884	9.660252
0.148095	4.441380	0.149049	3.806947	0.141567	0.978908	0.142821	11.159316	0.143545	0.250490
0.149201	0.441052
0.123370	10.027459
0.148668	4.384999	0.143285	3.763577	0.141774	0.973448	0.145090	11.207923	0.143828	0.248102
0.164230	0.416054
0.134016	10.284088
0.138961	4.310647	0.143603	3.815147	0.141828	0.974811	0.141989	11.613966	0.138958	0.286274
0.164663	0.484259
0.135460	9.526645
0.134659	4.375733	0.144513	3.769539	0.141617	0.987482	0.140885	11.181269	0.143329	0.250509
0.135811	0.490399
0.135186	10.269859
0.140878	4.537411	0.143114	3.916299	0.141986	1.008656	0.138943	11.277452	0.136372	0.260722
0.141731	0.416000
0.135907	10.758545
0.159347	4.434664	0.146543	3.878895	0.141202	1.010598	0.146929	11.353117	0.140869	0.257156
0.153944	0.493911
0.134442	10.648331
0.137782	4.516199	0.143989	3.938857	0.141460	1.008557	0.144131	11.277727	0.138460	0.268053
0.049135	0.485067
0.134342	10.441875
0.146382	4.530402	0.145040	3.898249	0.141570	1.009040	0.142866	11.278319	0.142558	0.261923
0.169286	0.484696
0.136077	9.636341
0.146166	4.500512	0.143781	3.871452	0.141670	1.005621	0.142061	11.420610	0.141296	0.257982
0.147808	0.476791
0.140469	11.298676
0.146875	4.442269	0.145844	3.927439	0.140942	1.014106	0.142290	11.303791	0.141252	0.256466
0.136623	0.485281
0.135997	9.885769
0.138962	4.499440	0.143757	3.862512	0.141302	1.023005	0.143090	11.180061	0.139592	0.252853
0.146407	0.433559
0.132235	10.790590
0.144367	4.497144	0.142373	3.886022	0.141774	1.016357	0.143727	11.466163	0.141353	0.256548
0.149894	0.445524
0.135883	10.834753
0.148007	4.534116	0.144829	3.907180	0.141670	1.022918	0.139371	11.317025	0.143404	0.255544
0.162509	0.428595
0.134560	10.756374
0.140521	4.533936	0.143913	3.837135	0.141567	1.014142	0.143400	11.546051	0.141700	0.258344
0.144403	0.458730
0.133485	11.585074
0.147300	4.503712	0.150849	3.922755	0.141778	1.002483	0.144250	11.314856	0.140995	0.253908
0.167773	0.476312
0.135466	11.007898
0.141528	4.497473	0.156969	3.835904	0.141932	1.017185	0.144144	11.307085	0.138541	0.262378
0.138496	0.438763
0.136452	9.462267
0.145199	4.525721	0.142614	3.856152	0.142090	1.005473	0.143039	11.455140	0.142913	0.262539
0.169749	0.452666
0.148616	11.405858
0.135419	4.608525	0.147522	3.916226	0.141986	1.018045	0.145633	11.243702	0.141545	0.344315
0.022299	0.457707
0.136213	12.096890
0.147516	4.578016	0.155218	3.944374	0.141463	1.031890	0.138386	11.338985	0.145574	0.257540
0.160888	0.534293
0.142550	10.381467
0.141583	4.555156	0.149049	3.914602	0.141516	1.037083	0.142926	11.290914	0.149644	0.262248
0.162064	0.484551
0.135729	10.769401
0.138319	4.584451	0.153294	3.983462	0.141932	1.030416	0.139697	11.388707	0.141977	0.260432
0.152237	0.485868
0.135811	9.681510
0.154744	4.614611	0.147708	3.994264	0.141670	1.010996	0.138831	11.373512	0.143561	0.255400
0.135825	0.428004
0.130555	11.280994
0.153103	4.569758	0.147149	3.872927	0.141148	1.017008	0.140319	11.423193	0.139527	0.258065
0.080008	0.412509
0.137172	9.859820
0.146926	4.645175	0.146166	3.980194	0.141620	1.021876	0.146327	11.381905	0.143820	0.330761
0.141588	0.463950
0.136394	10.925752
0.141801	4.616754	0.144771	3.860383	0.141306	1.017673	0.142646	11.289560	0.142561	0.255867
0.138750	0.398900
0.168306	10.500485
0.137644	4.538746	0.143209	3.902349	0.141724	1.025716	0.144192	11.278556	0.138704	0.256891
0.155166	0.473276
0.135649	10.913386
0.136993	4.611205	0.139261	3.917123	0.141774	1.037726	0.138111	11.334224	0.140625	0.255680
0.016407	0.391939
0.134685	11.188506
0.135405	4.557981	0.143065	3.942849	0.141463	1.043247	0.144567	11.296391	0.141092	0.263998
0.169274	0.532755
0.135877	11.232923
0.150862	4.592491	0.149261	3.860965	0.141617	1.017837	0.145588	11.590496	0.145534	0.263068
0.139653	0.418071
0.134893	9.866841
0.153245	4.530536	0.146219	3.866080	0.141045	1.020466	0.143875	11.211111	0.143248	0.255612
0.020604	0.452613
0.135572	10.318971
0.143806	4.530125	0.147572	3.900319	0.140942	1.021460	0.143608	11.571876	0.142295	0.261523
0.110481	0.500959
0.135239	9.515839
0.144458	4.561913	0.146815	3.928748	0.141617	1.017599	0.141788	11.333693	0.144675	0.259489
0.146869	0.553625
0.131193	12.388254
0.140455	4.633728	0.150308	3.909995	0.141152	1.020367	0.141108	11.273323	0.142990	0.252883
0.143526	0.447608
0.135844	9.963323
0.144554	4.535470	0.144344	3.901429	0.141516	1.013239	0.142232	11.349674	0.142926	0.264283
0.160465	0.595892
0.121872	9.105953
0.147840	4.611857	0.144822	3.982510	0.141620	1.033737	0.137822	11.350805	0.139600	0.262488
0.111850	0.446755
0.137119	12.248490
0.145144	4.493206	0.144893	3.931885	0.141986	1.021388	0.141409	11.287059	0.141240	0.258662
0.121363	0.406264
0.134589	11.193467
0.142905	4.606154	0.143327	3.929016	0.141986	1.018222	0.139308	11.711593	0.142033	0.261528
0.137150	0.474254
0.137558	9.806905
0.140166	4.606391	0.142298	3.906087	0.141463	1.021132	0.139720	11.319860	0.143183	0.259525
0.142339	0.429895
0.135318	10.437574
0.144234	4.568264	0.143016	3.948195	0.141674	1.026518	0.142507	11.419977	0.142680	0.255722
0.145412	0.422950
0.138532	10.808139
0.147574	4.566680	0.138185	3.953073	0.141674	1.024199	0.143931	11.355175	0.141420	0.257774
0.171531	0.461797
0.131640	9.821920
0.143557	4.593824	0.143972	3.917430	0.141359	1.021865	0.142507	11.261648	0.140846	0.259505
0.015960	0.460406
0.153246	11.369559
0.143062	4.563695	0.148177	4.004343	0.141721	1.025930	0.145155	11.583521	0.143033	0.258850
0.024438	0.433435
0.161558	11.166112
0.137777	4.537208	0.145575	3.891842	0.141359	1.020369	0.141781	11.291822	0.139269	0.259559
0.103754	0.415851
0.137163	10.275918
