delta = 1.150000, m = 30
0.390171	0.874697	0.369723	0.785373	0.389236	0.666254	0.385231	2.189869	0.366936	0.412532
0.274179	2.995853
0.373657	5.954863
0.380045	1.000366	0.387852	0.778735	0.367943	0.539429	0.367312	2.263916	0.383241	0.323136
0.284616	3.390588
0.362183	5.950349
0.351555	0.854923	0.371214	0.799971	0.378078	0.491068	0.363454	2.287063	0.378115	0.307481
0.282987	3.196385
0.378593	5.837608
0.375701	0.836671	0.364435	0.783748	0.371525	0.578027	0.350738	2.359941	0.399060	0.321403
0.265155	3.523960
0.362835	5.855471
0.402118	0.875194	0.368495	0.784287	0.396008	0.555270	0.397146	2.241804	0.361453	0.368015
0.276553	2.739206
0.372656	5.918306
0.393567	0.782780	0.371028	0.702421	0.390247	0.481812	0.359991	2.224742	0.367855	0.326273
0.246562	2.907105
0.355269	5.882772
0.368457	0.831966	0.381079	0.757022	0.388539	0.553395	0.395884	2.225721	0.396352	0.319040
0.286821	2.791542
0.370892	5.907894
0.363139	0.823856	0.359649	0.792513	0.369019	0.590674	0.370080	2.266073	0.396111	0.420020
0.260230	3.039597
0.370357	5.983855
0.371638	0.854630	0.359996	0.776417	0.392445	0.489900	0.390175	2.276766	0.388750	0.317492
0.264073	3.058254
0.374338	6.009631
0.374309	0.753257	0.387078	0.914343	0.384042	0.520631	0.357547	2.375654	0.377907	0.355317
0.287205	3.693239
0.391506	6.162806
0.351430	0.868541	0.373045	0.792687	0.409838	0.512551	0.383077	2.263178	0.377715	0.323662
0.279033	3.199871
0.378607	6.164858
0.332979	0.816081	0.342967	0.777562	0.381571	0.597327	0.356419	2.362343	0.382541	0.340841
0.248688	3.108834
0.381415	6.163165
0.409479	0.858798	0.357228	0.790149	0.394077	0.506877	0.375400	2.212788	0.360415	0.330903
0.277519	2.768413
0.394372	6.047969
0.353130	1.016487	0.385054	0.703741	0.378763	0.550021	0.342938	2.270181	0.389200	0.391131
0.269733	3.059103
0.369367	6.208880
0.352995	0.803472	0.370769	0.772598	0.369176	0.604230	0.384844	2.399376	0.375841	0.362931
0.253229	3.999917
0.374039	6.221827
0.376682	0.953419	0.370282	0.904363	0.394305	0.489394	0.394109	2.226866	0.368406	0.423546
0.264912	3.687971
0.379215	5.961564
0.361958	0.878909	0.358225	0.767351	0.361201	0.536972	0.370331	2.315815	0.399479	0.423842
0.274912	2.296600
0.374244	6.043884
0.356374	0.894018	0.368619	0.750329	0.373652	0.485136	0.365697	2.211503	0.378907	0.338415
0.266021	3.037399
0.381421	6.077606
0.360993	0.936507	0.373109	0.749483	0.390778	0.531739	0.394281	2.225746	0.354703	0.386293
0.258667	2.767880
0.379477	6.077933
0.391427	0.912006	0.391748	0.830102	0.372545	0.581019	0.365158	2.302763	0.366936	0.315372
0.289605	3.713027
0.350229	6.197581
delta = 1.150000, m = 50
0.375786	1.353440	0.382941	1.295028	0.386693	0.784663	0.359723	4.924606	0.378477	0.409851
0.296268	4.350557
0.395071	9.386821
0.377552	1.488535	0.367164	1.164375	0.386492	0.722213	0.383935	4.606718	0.371416	0.468624
0.303582	3.865458
0.388019	8.695283
0.378093	1.472027	0.382699	1.275698	0.366914	0.805907	0.382289	4.959663	0.367789	0.376202
0.305837	3.998581
0.378405	8.746693
0.372220	1.406669	0.376549	1.276892	0.391250	0.695984	0.374179	4.507595	0.373028	0.485299
0.281586	4.329172
0.399669	8.824031
0.390648	1.432544	0.363942	1.427410	0.378116	0.727016	0.379275	4.587913	0.369439	0.393664
0.300191	4.253143
0.379517	8.657972
0.380896	1.488759	0.368057	1.218972	0.382480	0.676175	0.376486	4.541366	0.395643	0.454662
0.279999	3.773327
0.363985	8.770062
0.375066	1.490202	0.358880	1.384500	0.378676	0.719651	0.381217	4.530535	0.385757	0.408178
0.314387	3.738557
0.388084	8.730035
0.383297	1.541030	0.403238	1.231048	0.388037	0.663561	0.390615	4.751478	0.376771	0.450214
0.316664	4.888991
0.375248	9.414758
0.383677	1.644386	0.375080	1.279253	0.389916	0.762581	0.398042	4.560091	0.380890	0.367510
0.306372	4.084263
0.396360	8.827374
0.386624	1.568337	0.385802	1.120764	0.397421	0.712294	0.364688	4.680445	0.392142	0.406023
0.285577	4.890883
0.381082	9.154590
0.402871	1.482914	0.389404	1.329069	0.380397	0.692115	0.399625	4.592384	0.377075	0.440084
0.301224	3.859767
0.394507	9.205216
0.380073	1.387823	0.369756	1.201688	0.389987	0.675855	0.383452	4.685719	0.387057	0.364180
0.299355	3.809912
0.392160	9.131874
0.388073	1.383038	0.389961	1.297898	0.400651	0.767491	0.370220	4.620073	0.379980	0.388853
0.294860	3.559564
0.386905	9.006159
0.353871	1.646476	0.390795	1.145667	0.382395	0.654339	0.376673	4.586516	0.368752	0.463323
0.311346	4.046555
0.379671	9.010311
0.352975	1.429105	0.353878	1.208975	0.393145	0.724418	0.394581	4.843705	0.366984	0.430290
0.310859	4.354019
0.383808	8.865558
0.356243	1.399437	0.384260	1.177062	0.404961	0.612719	0.387795	4.298877	0.380329	0.340100
0.308617	2.964571
0.359438	8.088027
0.389693	1.449927	0.368707	1.179439	0.400241	0.646176	0.381312	4.342430	0.377389	0.422689
0.323036	3.042657
0.381067	8.219747
0.374316	1.457109	0.372474	1.098635	0.376778	0.609557	0.370457	4.345696	0.367945	0.336075
0.305337	3.989619
0.390229	8.263596
0.365387	1.463597	0.362610	1.190498	0.395489	0.623308	0.381500	4.231275	0.388261	0.429094
0.323284	4.081303
0.393585	8.262310
0.370881	1.340866	0.402734	1.195736	0.373478	0.719734	0.375415	4.367556	0.388626	0.354537
0.301640	3.524221
0.381325	8.155302
delta = 1.150000, m = 70
0.387318	2.065481	0.382577	1.712619	0.379269	0.778608	0.377990	7.135968	0.386224	0.544668
0.317768	4.243625
0.407444	10.642036
0.370656	2.191832	0.366404	1.652357	0.390916	0.829870	0.378499	7.271016	0.374700	0.433391
0.312592	4.294812
0.391158	10.667352
0.382401	2.037673	0.376570	1.772537	0.389714	0.823007	0.371532	7.418223	0.403264	0.428267
0.310831	4.003697
0.399910	11.004149
0.385690	1.990585	0.383005	1.580622	0.367614	0.747728	0.376321	7.445860	0.373600	0.466824
0.294134	3.692242
0.403426	10.797521
0.373075	1.939737	0.381615	1.544948	0.387538	0.761801	0.383762	7.053850	0.365804	0.404434
0.302512	4.908731
0.412937	10.963870
0.370908	2.062392	0.365238	1.605720	0.390547	0.810284	0.378939	7.112419	0.384288	0.417058
0.324833	4.283628
0.385389	10.787149
0.392723	2.070590	0.371105	1.683026	0.382121	0.806035	0.375927	7.345261	0.403061	0.383863
0.317469	3.611697
0.394111	10.547912
0.381379	2.044322	0.377968	1.826072	0.414543	0.793902	0.380756	7.084954	0.371801	0.395508
0.312488	4.110875
0.408084	11.200237
0.391295	2.010228	0.378041	1.675263	0.388723	0.782447	0.382959	7.253341	0.363978	0.402468
0.342472	4.281433
0.391655	10.711047
0.379438	1.972958	0.379278	1.666431	0.378684	0.779448	0.369249	7.241763	0.369768	0.494836
0.315777	3.891997
0.404377	10.671684
0.368177	2.022908	0.381050	1.694290	0.388965	0.780846	0.377756	7.146222	0.372766	0.414442
0.326513	3.425168
0.398028	10.658586
0.380085	2.060284	0.382440	1.640424	0.398151	0.746094	0.378103	7.154930	0.384499	0.448527
0.319290	4.230730
0.388579	10.810309
0.373047	1.975340	0.381358	1.652381	0.392412	0.784399	0.380265	7.112806	0.370956	0.438283
0.326792	4.372003
0.380855	10.801462
0.367174	2.061985	0.375990	1.599467	0.391547	0.767823	0.378331	7.066822	0.369004	0.368866
0.306424	4.263558
0.394939	10.745483
0.402203	2.007686	0.387145	1.642486	0.384094	0.790104	0.376290	7.206889	0.378808	0.379604
0.322727	4.347661
0.411759	10.630731
0.371362	1.914503	0.395689	1.545593	0.397951	0.725453	0.381839	7.032017	0.398939	0.513166
0.315409	3.190654
0.408694	10.694985
0.371447	1.993753	0.368754	1.654737	0.393644	0.839278	0.381060	7.106234	0.397749	0.392955
0.321156	4.165666
0.379112	10.552616
0.364548	2.089091	0.387004	1.773551	0.380282	0.824352	0.362822	7.367778	0.397549	0.437150
0.340962	3.359090
0.393142	10.682548
0.379119	1.993737	0.384573	1.698661	0.380177	0.780400	0.376646	7.495169	0.380311	0.390455
0.327122	4.035023
0.399311	10.749729
0.379971	2.040357	0.399612	1.543166	0.393285	0.840575	0.390045	7.147094	0.365437	0.433062
0.313080	3.629425
0.397928	10.615312
delta = 1.150000, m = 90
0.375218	2.700864	0.399879	2.162498	0.383158	0.894846	0.384095	11.389900	0.390029	0.495905
0.339115	4.821857
0.386814	12.714572
0.379937	2.841350	0.385773	2.227906	0.386181	0.955442	0.386356	10.993351	0.379597	0.448166
0.341977	4.887608
0.406802	12.807620
0.374433	2.756013	0.377500	2.154185	0.383717	0.897390	0.381443	10.529389	0.404832	0.450078
0.321634	4.700837
0.415918	13.290203
0.374263	2.770321	0.383453	2.146456	0.380902	0.960354	0.388704	10.982679	0.389709	0.482733
0.335662	4.038251
0.410154	12.844320
0.382545	2.908453	0.384217	2.229086	0.388313	0.948023	0.403740	10.746373	0.370894	0.516228
0.310541	3.676358
0.416565	13.402914
0.369090	2.774715	0.390301	2.127948	0.380613	0.967601	0.373241	11.444979	0.366824	0.409880
0.314586	4.176762
0.403579	13.584705
0.383843	2.932297	0.365720	2.229712	0.383582	0.906599	0.385545	11.834470	0.378679	0.474601
0.316201	4.512782
0.391040	13.226469
0.366562	2.822066	0.391295	2.207086	0.377282	0.926362	0.383437	11.375199	0.376802	0.504901
0.311004	4.291926
0.404103	13.514729
0.381721	2.869236	0.376821	2.341535	0.395120	0.907611	0.396700	10.802471	0.391690	0.460892
0.326178	5.345384
0.395087	13.072739
0.369870	2.870031	0.374069	2.293833	0.381778	1.044453	0.389491	11.184781	0.373176	0.492499
0.316285	4.428020
0.410433	13.504365
0.369295	2.907504	0.379808	2.143394	0.408240	0.930999	0.396007	11.314626	0.383663	0.450680
0.297897	3.983052
0.398956	13.401556
0.369061	2.911412	0.384870	2.459253	0.391094	0.939194	0.389694	11.581615	0.394968	0.420913
0.332921	3.382450
0.405245	13.630565
0.368379	2.835968	0.382075	2.184816	0.384799	0.866762	0.385510	11.651804	0.398647	0.484211
0.333876	4.127854
0.412105	13.051556
0.379081	2.745483	0.372682	2.203262	0.403200	0.944830	0.368590	11.695638	0.367604	0.556573
0.335963	4.557337
0.406024	13.346172
0.398702	2.948679	0.381072	2.242643	0.387174	0.890332	0.393824	10.977889	0.391737	0.456848
0.325237	5.142431
0.417994	13.482366
0.366331	2.892420	0.394630	2.368604	0.386715	0.924822	0.382378	10.988726	0.388097	0.491629
0.337150	4.760354
0.427452	13.359011
0.370997	2.771385	0.383880	2.334117	0.409602	0.985440	0.384579	10.912003	0.384392	0.501997
0.331682	3.011775
0.397123	13.342562
0.379145	2.938236	0.382350	2.348765	0.382353	0.905080	0.369258	10.681587	0.380879	0.455497
0.330422	3.460417
0.400617	13.413730
0.380008	2.850281	0.377585	2.170220	0.375726	0.954847	0.401916	12.259953	0.376738	0.492209
0.321204	4.549094
0.410700	12.751119
0.362632	2.771889	0.370360	2.280152	0.390699	0.946255	0.384342	12.362449	0.375565	0.504114
0.302079	4.131768
0.401237	12.748896
delta = 1.150000, m = 110
0.359130	3.764046	0.377103	2.886711	0.386692	1.150288	0.389239	17.588818	0.396955	0.508588
0.335543	3.989088
0.401700	14.697375
0.365727	3.737624	0.377353	2.703027	0.394314	1.108637	0.385098	17.109157	0.383746	0.491221
0.337960	4.269922
0.408503	15.648581
0.372669	3.717379	0.377470	2.922731	0.383043	1.152643	0.380609	17.344530	0.379111	0.711294
0.331378	5.063254
0.404256	15.766421
0.367651	3.781478	0.366828	2.725133	0.382825	1.040470	0.384472	15.714597	0.397644	0.530576
0.341282	3.992088
0.406163	14.896414
0.360770	3.610973	0.387198	2.810983	0.386391	1.051242	0.381196	15.817952	0.394437	0.544699
0.350376	4.088116
0.395329	15.208529
0.382828	3.703800	0.392460	2.746860	0.376136	1.107345	0.370421	15.793496	0.388530	0.468322
0.329102	4.231477
0.406933	15.192995
0.395390	3.679183	0.367706	2.788737	0.395317	1.059175	0.389396	15.630600	0.380520	0.526539
0.330473	3.942755
0.427537	15.142943
0.386140	3.713068	0.377790	2.807524	0.377102	1.009209	0.396044	15.387579	0.378098	0.563328
0.342569	4.423075
0.411757	14.950972
0.397232	3.699718	0.384323	2.756093	0.372040	1.110406	0.386677	15.208340	0.377708	0.472994
0.342738	4.106375
0.408029	15.149230
0.392493	3.685626	0.390125	2.862324	0.394238	1.123824	0.380527	14.996037	0.382873	0.489472
0.325548	4.124509
0.419467	15.145198
0.394781	3.803925	0.380974	2.791337	0.402581	1.222099	0.380425	16.187441	0.371825	0.959889
0.329656	3.366403
0.427812	15.201891
0.371842	3.642093	0.386132	2.854326	0.368283	1.028332	0.378085	14.893871	0.372092	0.508860
0.332847	5.055677
0.391863	15.254307
0.377887	3.727016	0.375287	3.038214	0.380659	1.042429	0.389582	15.334273	0.377154	0.591112
0.338034	4.154287
0.402440	15.229357
0.395349	3.769165	0.380985	2.913792	0.391412	1.064723	0.384157	15.036363	0.378636	0.564908
0.345694	4.223966
0.414895	14.737414
0.389102	3.853666	0.381333	2.815162	0.387769	1.066364	0.387139	14.999504	0.414517	0.540112
0.340666	3.268555
0.415526	14.825171
0.383619	3.800742	0.396603	2.878770	0.390798	1.111406	0.382791	14.991173	0.367809	0.964090
0.315475	5.040170
0.383415	15.114422
0.380223	3.860259	0.386137	2.837904	0.379250	1.065519	0.380327	14.916672	0.389212	0.522715
0.355844	5.865233
0.403222	15.078833
0.377085	3.599931	0.376954	2.803157	0.378558	1.043513	0.378398	14.925495	0.394918	0.560193
0.349411	3.826285
0.398424	14.998682
0.385240	3.792729	0.390081	2.901325	0.404888	1.022165	0.375101	15.012578	0.383256	0.480507
0.331006	3.921434
0.407904	15.057257
0.375642	3.717030	0.392836	2.794944	0.373448	1.055169	0.378107	14.986367	0.385734	0.569663
0.324087	4.493728
0.398531	15.186362
delta = 1.150000, m = 130
0.365230	4.824846	0.385807	3.726168	0.389816	1.225400	0.393164	21.585360	0.393528	0.635232
0.325887	4.629961
0.407960	17.536060
0.369472	4.711202	0.384606	3.420112	0.396450	1.177253	0.370648	21.964573	0.379033	0.633560
0.338169	3.552385
0.414362	17.315835
0.391236	4.765233	0.393079	3.647834	0.381954	1.242460	0.380962	22.372249	0.392591	0.647735
0.335963	4.045877
0.408732	17.726402
0.373747	4.643672	0.383765	3.599620	0.385940	1.211587	0.369021	21.490320	0.392948	0.543274
0.349950	4.209144
0.412157	17.224842
0.370548	4.767815	0.398087	3.528796	0.379400	1.203030	0.381785	20.775324	0.390679	0.552004
0.348386	3.530354
0.399510	17.811570
0.375249	4.755161	0.386073	3.491879	0.387143	1.202035	0.399875	23.039947	0.371841	0.627046
0.344625	3.990774
0.411603	17.803892
0.386682	4.652174	0.385080	3.686687	0.373277	1.161400	0.393498	22.296131	0.382677	0.597880
0.323575	4.260241
0.423425	17.030182
0.368666	4.642387	0.381085	3.485904	0.384018	1.140746	0.379381	20.436517	0.365087	0.570134
0.350186	3.956074
0.422283	17.222212
0.381564	4.676917	0.385617	3.560831	0.380883	1.146214	0.365612	20.566303	0.387043	0.572340
0.348418	6.212708
0.405153	15.959952
0.390875	4.619543	0.383241	3.475511	0.377028	1.114138	0.378467	21.569424	0.402438	0.575072
0.346957	3.642055
0.438031	17.104914
0.389623	5.043857	0.394869	3.384000	0.386825	1.186691	0.397321	21.725270	0.402437	0.585242
0.333569	3.813688
0.421518	16.046126
0.387070	4.596335	0.381662	3.520625	0.371829	1.123344	0.381315	20.861526	0.363841	1.067954
0.338245	3.899516
0.420421	16.700634
0.385862	4.692957	0.386465	3.436214	0.361243	1.138903	0.390883	20.531070	0.392595	0.544587
0.304482	4.939744
0.418926	17.053190
0.384395	4.677630	0.394844	3.310216	0.386984	1.115465	0.384901	22.034407	0.382731	0.527251
0.354506	4.467816
0.392742	17.152765
0.380956	4.632726	0.390312	3.474607	0.390907	1.153483	0.380104	21.986798	0.390826	0.590623
0.348743	4.610375
0.405406	17.192058
0.387536	4.684513	0.378029	3.443096	0.394319	1.155936	0.400481	20.668888	0.374244	0.575797
0.366069	3.093495
0.421847	16.911423
0.391991	4.694245	0.394404	3.452351	0.409854	1.134256	0.380626	20.567161	0.373067	0.578531
0.345146	3.666098
0.419419	17.197059
0.389683	4.664182	0.373211	3.539367	0.383294	1.212443	0.388508	21.363733	0.370242	0.610633
0.355625	4.019163
0.410966	16.791131
0.382553	4.555836	0.393329	3.545706	0.382062	1.155757	0.383094	21.610880	0.388013	0.624100
0.321405	3.968856
0.416347	16.406658
0.389270	4.640497	0.372822	3.480704	0.400599	1.260422	0.396216	21.218732	0.383469	0.550418
0.349982	3.526732
0.415070	16.529630
delta = 1.150000, m = 150
0.397415	6.153297	0.403637	4.145847	0.384734	1.304059	0.374728	27.208821	0.399833	0.712865
0.343664	3.835757
0.417414	18.681701
0.371039	5.706850	0.388303	4.139857	0.389992	1.312347	0.362920	28.457606	0.368643	0.680761
0.346528	4.384209
0.424328	18.416275
0.396059	5.827775	0.387500	4.141319	0.376530	1.268592	0.415396	27.137823	0.399165	0.765316
0.340262	5.145697
0.403684	18.542360
0.382405	5.655019	0.370529	4.234389	0.379470	1.311732	0.384934	27.706187	0.383590	0.635725
0.332988	3.532525
0.418994	18.596236
0.380670	5.771268	0.377935	4.355161	0.389147	1.366977	0.381222	26.867368	0.386247	0.662591
0.349389	3.564193
0.417066	18.594111
0.377892	5.791603	0.381947	4.111793	0.395417	1.329388	0.386422	28.607586	0.395396	0.608268
0.336159	4.063922
0.406323	18.497593
0.390552	5.847388	0.380677	4.253552	0.388758	1.284699	0.393409	27.801479	0.382877	0.692916
0.347603	3.274594
0.410355	19.232799
0.386623	6.218132	0.385699	4.085934	0.400431	1.331057	0.398587	28.263127	0.374384	0.630063
0.323592	3.852566
0.420637	18.801025
0.388549	5.815679	0.388945	4.186203	0.383560	1.342306	0.381534	27.152113	0.377517	0.705343
0.342827	3.274129
0.424306	18.828365
0.367831	5.746969	0.394575	4.138114	0.381555	1.306025	0.361631	28.032815	0.361410	0.645483
0.355919	4.099866
0.426239	18.464897
0.389683	5.689322	0.381371	4.288090	0.392068	1.303619	0.380764	27.086291	0.388450	0.635803
0.347897	3.340088
0.417293	18.711308
0.383462	5.824656	0.390992	4.193272	0.390883	1.304210	0.389424	27.930274	0.376523	0.629539
0.337381	3.290264
0.420197	19.009882
0.382583	5.722901	0.387574	4.204509	0.406240	1.325144	0.383432	27.716615	0.386099	0.800006
0.346806	3.987550
0.435381	19.162280
0.365584	5.737191	0.393489	4.203518	0.396130	1.305809	0.397851	28.204704	0.394151	0.657860
0.331820	3.738888
0.407100	18.219070
0.394968	5.663576	0.373000	4.227486	0.375992	1.386598	0.374492	27.989141	0.379170	0.662868
0.352439	3.520269
0.406897	18.523149
0.388222	5.697968	0.397243	4.181175	0.394339	1.309007	0.391012	28.226351	0.395119	0.648743
0.354366	3.567151
0.414032	18.809895
0.380708	6.289644	0.383364	4.175609	0.390187	1.257104	0.381991	28.529955	0.385724	1.215524
0.323505	3.857383
0.425170	18.638205
0.401442	5.744799	0.388623	4.172372	0.395357	1.318951	0.378157	28.115174	0.381121	1.132458
0.327250	4.225936
0.429898	18.988937
0.379001	5.679795	0.381394	4.308074	0.382933	1.282458	0.406288	27.973718	0.372742	0.622222
0.327590	5.141554
0.395279	18.454136
0.388508	5.817962	0.390517	4.174716	0.412390	1.297976	0.376263	28.020428	0.379478	0.612663
0.357937	3.200290
0.438683	18.920603
