delta = 1.900000, m = 30
0.640144	0.084175	0.577846	0.054981	0.573694	0.037617	0.567905	0.671235	0.581470	0.017385
0.552285	0.134255
0.563771	0.333858
0.571072	0.069520	0.581176	0.056490	0.614366	0.039273	0.580223	0.676482	0.583470	0.018961
0.589103	0.136293
0.605379	0.311795
0.597520	0.068715	0.615941	0.057021	0.574097	0.038272	0.584299	0.677082	0.634898	0.022338
0.518610	0.136374
0.581320	0.358845
0.555614	0.063829	0.583413	0.053817	0.629974	0.041099	0.594166	0.673747	0.584928	0.019915
0.574795	0.128042
0.682605	0.281440
0.568934	0.065978	0.567816	0.059019	0.583315	0.036245	0.574466	0.676160	0.596134	0.015301
0.597733	0.125424
0.631149	0.336635
0.593167	0.063347	0.616059	0.057218	0.560431	0.038345	0.585828	0.675689	0.636046	0.019809
0.597578	0.154801
0.559614	0.278955
0.593621	0.063216	0.587367	0.054366	0.637836	0.035911	0.638984	0.674008	0.575460	0.018325
0.587847	0.151022
0.605019	0.287283
0.581209	0.068225	0.595173	0.054375	0.537382	0.036317	0.556359	0.672479	0.612625	0.020988
0.613644	0.120043
0.597912	0.313932
0.595173	0.089274	0.564379	0.055626	0.575328	0.034957	0.581906	0.668759	0.598210	0.017685
0.586216	0.110882
0.622204	0.301013
0.576480	0.071896	0.637325	0.058946	0.587701	0.035238	0.543845	0.662945	0.581834	0.019489
0.635085	0.147650
0.548822	0.327484
0.565364	0.065599	0.571673	0.056277	0.580660	0.035866	0.583149	0.669853	0.581701	0.015628
0.561104	0.140835
0.595353	0.323243
0.615069	0.071027	0.603608	0.056700	0.619553	0.037882	0.578980	0.679926	0.581164	0.017305
0.594773	0.125433
0.584471	0.355574
0.581881	0.079652	0.581076	0.060624	0.592064	0.038505	0.556995	0.670278	0.581569	0.018267
0.572786	0.153420
0.602145	0.333916
0.581699	0.077980	0.592333	0.059164	0.570089	0.038932	0.580068	0.671166	0.596918	0.023082
0.558789	0.130267
0.570430	0.259962
0.570066	0.076046	0.635956	0.057867	0.581781	0.040068	0.640571	0.674297	0.593614	0.016354
0.570649	0.122632
0.591092	0.359787
0.581457	0.064330	0.580798	0.061130	0.557784	0.034666	0.638311	0.672444	0.585653	0.016099
0.609731	0.175481
0.623412	0.317450
0.587127	0.068316	0.578940	0.057361	0.574606	0.037452	0.639618	0.666602	0.573323	0.017433
0.591944	0.140768
0.580439	0.338116
0.583064	0.071437	0.609975	0.056309	0.583099	0.036344	0.580365	0.672030	0.578202	0.018475
0.586461	0.155229
0.553697	0.299210
0.636481	0.071043	0.574289	0.055693	0.592523	0.036313	0.581076	0.668356	0.605997	0.036028
0.544650	0.129773
0.566117	0.279123
0.551654	0.079772	0.610164	0.062117	0.616170	0.039045	0.637635	0.674511	0.579196	0.017963
0.477211	0.138723
0.586532	0.282651
0.611534	0.061438	0.564611	0.058919	0.604822	0.036102	0.637410	0.669265	0.577363	0.015270
0.572801	0.195183
0.655204	0.315264
0.605633	0.074081	0.593735	0.055688	0.640803	0.039740	0.614952	0.669966	0.595942	0.019082
0.589402	0.107355
0.548567	0.312834
0.611534	0.063935	0.640825	0.053172	0.608864	0.038196	0.645294	0.671692	0.588777	0.018586
0.558327	0.171710
0.564533	0.358396
0.612625	0.068456	0.548330	0.057751	0.582077	0.038416	0.611276	0.668871	0.635568	0.015534
0.595344	0.121420
0.571884	0.312252
0.616220	0.067167	0.637232	0.060069	0.640571	0.035655	0.594886	0.670184	0.631376	0.019369
0.606658	0.125882
0.601295	0.320322
0.624694	0.060425	0.577813	0.052465	0.572290	0.035934	0.559673	0.670454	0.639419	0.020693
0.602461	0.144543
0.669225	0.249352
0.612625	0.074141	0.580507	0.055770	0.611244	0.036896	0.581623	0.675835	0.580946	0.019268
0.557853	0.145064
0.613338	0.247169
0.595173	0.068248	0.633850	0.055179	0.580872	0.035882	0.611534	0.679683	0.575530	0.015475
0.562167	0.177047
0.577601	0.326881
0.635880	0.088391	0.559048	0.055467	0.582779	0.037279	0.580968	0.672288	0.581935	0.015916
0.554581	0.126497
0.657502	0.295041
0.634082	0.073952	0.572665	0.058256	0.582317	0.036533	0.618342	0.671468	0.595173	0.016920
0.564842	0.187311
0.578802	0.291153
0.597410	0.070839	0.582045	0.055812	0.571542	0.037032	0.557004	0.670632	0.638005	0.024516
0.599364	0.123446
0.580978	0.306807
0.571498	0.071724	0.575754	0.054879	0.639181	0.040958	0.577635	0.673614	0.605619	0.017219
0.583929	0.120488
0.591016	0.306061
0.583105	0.056126	0.610841	0.055516	0.565928	0.039269	0.582118	0.673600	0.641105	0.016306
0.589548	0.133163
0.591935	0.278217
0.593567	0.072416	0.595722	0.059642	0.583544	0.035669	0.637635	0.675763	0.550453	0.016381
0.574726	0.133875
0.578224	0.347160
0.638389	0.082692	0.574537	0.056798	0.595463	0.037380	0.582388	0.672000	0.602298	0.018624
0.593665	0.127025
0.612383	0.303983
0.611151	0.064124	0.567961	0.053228	0.602909	0.035878	0.574589	0.670087	0.581834	0.017802
0.627401	0.098080
0.567075	0.312264
0.605997	0.075306	0.594826	0.060774	0.595313	0.040722	0.576974	0.668505	0.582725	0.016696
0.607055	0.153648
0.581163	0.306618
0.582971	0.058164	0.580376	0.051265	0.593762	0.034978	0.637206	0.667503	0.581921	0.016996
0.559307	0.113595
0.587555	0.329257
0.563453	0.078027	0.594089	0.052065	0.581122	0.039491	0.608330	0.671291	0.585465	0.021393
0.573773	0.115836
0.590936	0.344976
0.612625	0.080059	0.567904	0.056142	0.639254	0.037815	0.611534	0.676788	0.579035	0.017965
0.572072	0.150342
0.636762	0.277428
0.603985	0.062612	0.580663	0.053736	0.641787	0.036547	0.640702	0.667188	0.589972	0.017479
0.535915	0.147981
0.616646	0.307835
0.616364	0.071460	0.617164	0.052059	0.587898	0.035493	0.587147	0.672465	0.611481	0.019323
0.536418	0.139733
0.593503	0.312445
0.595288	0.068931	0.611534	0.057705	0.580642	0.038998	0.611270	0.674808	0.546715	0.017392
0.564947	0.130175
0.590243	0.324184
0.636436	0.066687	0.617327	0.055412	0.639385	0.035953	0.581225	0.664116	0.588497	0.016746
0.606115	0.133764
0.607645	0.344020
0.568825	0.066096	0.639699	0.055125	0.577822	0.035465	0.637632	0.670261	0.612625	0.017564
0.529574	0.147186
0.659543	0.301389
0.597550	0.063744	0.609680	0.053076	0.582239	0.036065	0.583269	0.666542	0.605997	0.017561
0.529027	0.129753
0.579514	0.336161
0.639940	0.068257	0.579383	0.058102	0.583498	0.044527	0.581399	0.670064	0.629499	0.017902
0.582698	0.143013
0.592304	0.335943
0.580616	0.071690	0.581585	0.056417	0.584222	0.035712	0.632369	0.675734	0.567542	0.016154
0.587814	0.138283
0.566128	0.295284
0.590895	0.074652	0.542515	0.047544	0.641275	0.036176	0.581647	0.672256	0.550775	0.017644
0.594348	0.114131
0.596506	0.314549
0.582217	0.070100	0.599909	0.055085	0.596469	0.041613	0.583300	0.661905	0.558018	0.015646
0.597795	0.159699
0.588674	0.313087
delta = 1.900000, m = 40
0.552441	0.083736	0.585499	0.077199	0.579138	0.048691	0.559187	1.004742	0.611342	0.021064
0.579737	0.128810
0.531471	0.335317
0.581207	0.129868	0.603881	0.080087	0.553899	0.044417	0.596208	1.003086	0.593621	0.023584
0.530067	0.126375
0.584498	0.333001
0.596799	0.093940	0.640415	0.084820	0.573986	0.044294	0.581472	1.004768	0.612185	0.020469
0.604940	0.133609
0.606470	0.364969
0.583012	0.098192	0.565379	0.075460	0.566864	0.045841	0.606885	1.001644	0.561662	0.019967
0.537787	0.132014
0.586508	0.340840
0.596830	0.083544	0.580911	0.080282	0.636943	0.049499	0.611534	1.009686	0.612625	0.028277
0.551443	0.117844
0.594569	0.416084
0.612680	0.095976	0.594278	0.076530	0.562789	0.044544	0.575568	1.010271	0.593366	0.021304
0.600332	0.122878
0.655287	0.391610
0.584146	0.106676	0.641071	0.076636	0.550194	0.043696	0.580795	0.997948	0.581488	0.020564
0.555928	0.122790
0.586800	0.330293
0.617664	0.096170	0.583219	0.078003	0.611534	0.050206	0.623052	1.011623	0.637368	0.022913
0.480744	0.096410
0.530853	0.286088
0.611668	0.091339	0.636524	0.083554	0.584190	0.046770	0.600780	0.999580	0.572025	0.021836
0.586459	0.148243
0.577264	0.373201
0.582672	0.100338	0.610053	0.079637	0.571320	0.045644	0.560947	1.001174	0.581122	0.024030
0.613267	0.134116
0.579890	0.345221
0.612625	0.088781	0.574644	0.080251	0.536666	0.043824	0.581122	1.011196	0.552786	0.020060
0.594624	0.198439
0.576184	0.374755
0.581437	0.105905	0.581304	0.080403	0.589090	0.045143	0.568590	1.014967	0.569704	0.020114
0.602095	0.156688
0.493753	0.364826
0.582223	0.092442	0.582412	0.075890	0.582966	0.045021	0.611534	1.004954	0.582860	0.020709
0.583452	0.166797
0.594470	0.353924
0.609154	0.083834	0.603453	0.081165	0.568369	0.047768	0.570969	0.998284	0.580839	0.022748
0.611583	0.101267
0.582650	0.334359
0.637227	0.095284	0.611534	0.090442	0.571758	0.046206	0.612065	0.987035	0.599519	0.023510
0.606498	0.131161
0.593547	0.325553
0.605753	0.097390	0.638876	0.080286	0.562021	0.045633	0.579911	0.996299	0.584419	0.019521
0.536900	0.143006
0.526583	0.320324
0.572299	0.101326	0.604603	0.075430	0.605426	0.042956	0.580419	1.003060	0.612625	0.035909
0.610500	0.137609
0.587789	0.336368
0.611716	0.090915	0.589955	0.084397	0.611114	0.045609	0.594327	1.002518	0.625358	0.023168
0.594824	0.122961
0.510419	0.334711
0.545201	0.087633	0.572763	0.080630	0.642683	0.044873	0.580207	1.001928	0.566103	0.020493
0.581566	0.111617
0.528235	0.326197
0.611534	0.093753	0.580968	0.081332	0.610029	0.045171	0.581086	0.996917	0.580779	0.018795
0.631135	0.130763
0.547327	0.305889
0.617873	0.105314	0.637596	0.079567	0.579554	0.047265	0.581121	0.989809	0.547468	0.020017
0.613223	0.099239
0.599877	0.384622
0.608190	0.093275	0.581771	0.075039	0.594049	0.046735	0.577298	0.995929	0.612625	0.026671
0.540655	0.114975
0.587097	0.338463
0.583066	0.099885	0.584525	0.078847	0.580572	0.048224	0.574348	0.992171	0.583915	0.019824
0.611052	0.154635
0.520097	0.324033
0.612625	0.115376	0.614075	0.073838	0.553918	0.044550	0.581434	1.011734	0.635615	0.022256
0.562053	0.136203
0.594124	0.368817
0.612625	0.088037	0.582586	0.082162	0.581701	0.044920	0.567079	1.001912	0.581346	0.020919
0.614032	0.136118
0.569598	0.347182
0.634833	0.097254	0.562845	0.080486	0.578327	0.044780	0.579195	0.997423	0.542550	0.019216
0.580678	0.119004
0.595313	0.377290
0.576874	0.081014	0.565852	0.077301	0.598099	0.045574	0.595909	1.003779	0.542586	0.020155
0.558695	0.128217
0.583787	0.375374
0.588535	0.092735	0.581911	0.073882	0.595126	0.047334	0.559267	1.001112	0.636860	0.020979
0.576888	0.129448
0.563630	0.402655
0.611534	0.105233	0.640434	0.073620	0.567903	0.047599	0.636601	1.011979	0.612625	0.024245
0.527291	0.134816
0.511427	0.347971
0.579872	0.101924	0.637635	0.080810	0.611534	0.050703	0.548048	0.997688	0.588894	0.025001
0.583820	0.172543
0.614568	0.338105
0.580859	0.094957	0.606411	0.077845	0.591711	0.044478	0.593670	0.993302	0.603637	0.020915
0.561972	0.121491
0.573188	0.352760
0.624116	0.103880	0.637635	0.082079	0.642735	0.048586	0.637635	0.999929	0.622518	0.022006
0.588936	0.109883
0.642404	0.362476
0.580859	0.103591	0.586691	0.079346	0.577737	0.046083	0.617434	1.000967	0.641344	0.021012
0.558526	0.114796
0.591937	0.328202
0.637031	0.087051	0.581297	0.077864	0.622842	0.052892	0.559110	0.990760	0.580115	0.023659
0.618103	0.114008
0.533945	0.286243
0.580647	0.096070	0.596675	0.082150	0.580762	0.047490	0.580474	0.996158	0.637462	0.019419
0.603509	0.179806
0.568106	0.386037
0.529552	0.097058	0.581461	0.078462	0.566784	0.046774	0.607591	0.998317	0.541438	0.020258
0.609822	0.128569
0.576513	0.309082
0.581549	0.103601	0.582168	0.076892	0.581267	0.047339	0.563224	0.999053	0.583048	0.023072
0.556005	0.137119
0.588093	0.330017
0.587462	0.104952	0.580859	0.080180	0.547056	0.044160	0.606506	1.009540	0.581834	0.021560
0.612442	0.137409
0.501153	0.357525
0.474327	0.088253	0.548764	0.074982	0.568561	0.050129	0.583459	1.000593	0.568368	0.020910
0.601718	0.096554
0.584803	0.348383
0.574631	0.090801	0.595489	0.072882	0.608716	0.044619	0.640825	0.999247	0.603623	0.019446
0.584197	0.121471
0.527388	0.366867
0.593762	0.101145	0.603111	0.080951	0.582017	0.047038	0.577279	0.997074	0.572423	0.026220
0.635318	0.156072
0.635327	0.335685
0.612625	0.104797	0.582223	0.083413	0.580175	0.048306	0.597410	0.998369	0.597628	0.022412
0.577153	0.131391
0.658805	0.312931
0.609765	0.102679	0.639242	0.081221	0.637836	0.049303	0.583846	0.999407	0.584803	0.021153
0.553272	0.144032
0.627890	0.319667
0.635973	0.100660	0.581178	0.074935	0.593190	0.045913	0.580717	1.006732	0.612017	0.021920
0.549474	0.156174
0.572446	0.463393
0.601117	0.099549	0.582038	0.083909	0.578796	0.046719	0.582290	1.004342	0.588651	0.020402
0.624943	0.137130
0.580237	0.334426
0.580409	0.100677	0.567318	0.073183	0.553774	0.044794	0.569799	0.999570	0.543639	0.020248
0.594692	0.142791
0.572112	0.355754
0.544286	0.096316	0.580710	0.076897	0.603875	0.044308	0.606527	1.009780	0.532497	0.021064
0.462729	0.115498
0.524978	0.347407
0.638041	0.114726	0.581579	0.080967	0.584472	0.048984	0.597728	1.007620	0.570368	0.026017
0.603796	0.141340
0.596935	0.309389
0.619536	0.092911	0.569799	0.079110	0.571491	0.044543	0.578469	0.994445	0.639902	0.021012
0.586467	0.148536
0.581705	0.401575
0.552903	0.091273	0.571130	0.079578	0.607920	0.049776	0.634818	1.001212	0.637830	0.022335
0.532801	0.107730
0.619404	0.357360
delta = 1.900000, m = 50
0.619455	0.151696	0.584911	0.104681	0.581355	0.063415	0.566606	1.524038	0.579275	0.028920
0.578201	0.115547
0.607101	0.415770
0.533571	0.124139	0.580903	0.100674	0.582921	0.052968	0.607591	1.292791	0.579085	0.025257
0.609330	0.140295
0.538287	0.332372
0.593232	0.116570	0.641098	0.098238	0.592522	0.055720	0.581122	1.565661	0.580286	0.025311
0.604942	0.145124
0.539403	0.365722
0.596115	0.125949	0.611932	0.101602	0.634621	0.061119	0.604556	1.237063	0.594197	0.023953
0.590137	0.177775
0.532337	0.371020
0.564982	0.113215	0.560947	0.102050	0.577239	0.054274	0.562706	1.237564	0.601688	0.024124
0.614983	0.106721
0.539947	0.350269
0.583844	0.120791	0.578507	0.103119	0.581991	0.056672	0.580564	1.447294	0.599255	0.035058
0.557480	0.115125
0.525757	0.391274
0.589919	0.129786	0.578708	0.104208	0.612185	0.053567	0.581579	1.249850	0.555762	0.024751
0.566081	0.120081
0.615599	0.378915
0.581074	0.117472	0.600594	0.098687	0.576034	0.055524	0.590275	1.325577	0.564893	0.026567
0.608491	0.171530
0.524790	0.436149
0.556536	0.113594	0.534787	0.096909	0.575861	0.055540	0.612875	1.574070	0.590316	0.024334
0.550715	0.116693
0.522138	0.366569
0.638439	0.128357	0.556118	0.098862	0.587183	0.055056	0.610433	1.240103	0.600463	0.028249
0.602889	0.095552
0.539967	0.360478
0.611534	0.120800	0.583209	0.109239	0.554022	0.055113	0.582617	1.587266	0.600941	0.028687
0.631659	0.122552
0.516217	0.366101
0.611311	0.123613	0.572665	0.102723	0.594790	0.055514	0.608813	1.244772	0.634417	0.026850
0.566202	0.107910
0.528510	0.405225
0.634023	0.123541	0.548048	0.096438	0.581418	0.057758	0.637635	1.245029	0.569704	0.032290
0.623031	0.111897
0.590460	0.396519
0.596468	0.127575	0.551774	0.100760	0.598099	0.054382	0.580104	1.242331	0.576755	0.026329
0.435576	0.159303
0.533365	0.384546
0.612625	0.136814	0.561526	0.100613	0.580849	0.053910	0.614515	1.289002	0.638177	0.030511
0.611488	0.132857
0.529377	0.424199
0.633763	0.108561	0.597410	0.103581	0.583043	0.059495	0.636388	1.240834	0.596696	0.026045
0.645773	0.126996
0.512141	0.365294
0.549207	0.125138	0.562895	0.099005	0.602850	0.057488	0.585782	1.577447	0.583295	0.023342
0.531072	0.151241
0.564218	0.399374
0.570041	0.123801	0.568984	0.101193	0.638441	0.054370	0.611932	1.643536	0.568466	0.036976
0.617053	0.100240
0.539347	0.481628
0.571988	0.126635	0.583548	0.099603	0.637875	0.053844	0.594166	1.699029	0.567250	0.027413
0.615680	0.147495
0.524005	0.364040
0.637848	0.135565	0.578618	0.098204	0.570098	0.055161	0.639883	1.646655	0.561882	0.025447
0.614034	0.115269
0.523457	0.436602
0.606602	0.125364	0.577380	0.102012	0.581451	0.054824	0.639145	1.271177	0.529725	0.024729
0.583760	0.114054
0.517675	0.363556
0.594340	0.122141	0.608330	0.100424	0.576303	0.054140	0.582806	1.628918	0.635569	0.028536
0.585794	0.119206
0.524978	0.365410
0.612625	0.134279	0.578181	0.101250	0.611534	0.060287	0.584973	1.236957	0.618673	0.024888
0.599132	0.128710
0.578114	0.361427
0.612350	0.123053	0.548494	0.102735	0.572509	0.052664	0.579814	1.567616	0.579980	0.026711
0.576804	0.144697
0.519127	0.382140
0.581396	0.121756	0.578841	0.105303	0.576376	0.053212	0.580622	1.580334	0.594926	0.023997
0.570831	0.119571
0.512391	0.359766
0.606928	0.123696	0.683316	0.100085	0.580693	0.063232	0.577607	1.553491	0.584236	0.022601
0.589059	0.129290
0.528642	0.486293
0.579887	0.123397	0.583155	0.101654	0.594089	0.055889	0.613835	1.236214	0.583287	0.025697
0.607327	0.119423
0.534627	0.407588
0.549380	0.127000	0.578296	0.104679	0.595441	0.054442	0.584328	1.237917	0.622514	0.029873
0.575410	0.129276
0.597443	0.414364
0.638333	0.133831	0.561526	0.096169	0.580306	0.056915	0.595108	1.238806	0.612384	0.024704
0.552643	0.118793
0.528510	0.385360
0.580904	0.126994	0.582003	0.102473	0.598660	0.054524	0.580169	1.236994	0.580010	0.027644
0.510992	0.109345
0.586087	0.409731
0.584602	0.125500	0.583156	0.094852	0.593577	0.055728	0.565073	1.252440	0.550451	0.024234
0.568964	0.134158
0.516025	0.333638
0.578122	0.126994	0.581547	0.102799	0.580453	0.054233	0.607399	1.241359	0.598000	0.031682
0.602352	0.142139
0.533747	0.402622
0.578072	0.132969	0.640415	0.108720	0.596485	0.054864	0.611534	1.456065	0.612625	0.025655
0.587285	0.096957
0.503732	0.342563
0.570996	0.122793	0.555778	0.100349	0.581757	0.054397	0.611534	1.599369	0.638582	0.027965
0.625759	0.174118
0.526446	0.340872
0.641752	0.127967	0.573904	0.097900	0.581678	0.056313	0.578434	1.237717	0.611534	0.036587
0.614974	0.127706
0.524885	0.354407
0.582043	0.119213	0.611534	0.105618	0.596739	0.054459	0.573268	1.659329	0.578641	0.027684
0.588189	0.113307
0.645832	0.340195
0.634699	0.128865	0.595909	0.103026	0.580487	0.058631	0.580364	1.240423	0.544318	0.023833
0.603518	0.141078
0.517506	0.349825
0.592088	0.125431	0.582025	0.105404	0.642078	0.058840	0.603744	1.564342	0.552010	0.026326
0.557197	0.131335
0.521969	0.400276
0.611534	0.125843	0.573904	0.100915	0.581033	0.057429	0.641098	1.588621	0.639505	0.027296
0.578420	0.130903
0.521146	0.430941
0.693749	0.118135	0.578744	0.098251	0.579797	0.056674	0.520030	1.519331	0.592123	0.029333
0.598420	0.109840
0.619707	0.387928
0.582635	0.125081	0.595173	0.097771	0.609975	0.057818	0.611534	1.446203	0.580566	0.023908
0.591188	0.121921
0.534386	0.388027
0.632276	0.131296	0.635124	0.099366	0.583692	0.057232	0.594340	1.507464	0.570218	0.025533
0.587902	0.128650
0.595387	0.432641
0.589845	0.123974	0.617840	0.100675	0.572138	0.054276	0.581171	1.434243	0.581881	0.026330
0.632898	0.093136
0.598705	0.431526
0.520003	0.127152	0.595173	0.109480	0.585365	0.054701	0.578841	1.474091	0.554927	0.023917
0.596713	0.117735
0.524304	0.359832
0.607381	0.128933	0.587723	0.099413	0.581258	0.054651	0.605997	1.246188	0.594826	0.024649
0.625366	0.114505
0.522742	0.386840
0.566736	0.129760	0.595982	0.102635	0.578426	0.057805	0.572827	1.239008	0.611467	0.027421
0.612084	0.103385
0.588891	0.350884
0.615359	0.119920	0.640702	0.104150	0.567725	0.055639	0.586847	1.240802	0.583848	0.031116
0.603130	0.114585
0.595441	0.370742
0.594839	0.124438	0.582549	0.101217	0.552868	0.054716	0.580564	1.439393	0.608363	0.025746
0.600974	0.110268
0.537106	0.351452
0.581117	0.132275	0.596946	0.105480	0.633432	0.058740	0.579424	1.644900	0.612625	0.026092
0.599212	0.122596
0.520172	0.374771
0.606693	0.129329	0.612625	0.103116	0.545224	0.053175	0.644986	1.548810	0.591198	0.031837
0.542060	0.156897
0.525296	0.331971
delta = 1.900000, m = 60
0.575003	0.154671	0.585117	0.125639	0.603690	0.077134	0.575715	1.642594	0.582229	0.062518
0.579433	0.135704
0.609899	0.659284
0.557809	0.149065	0.583155	0.136407	0.582557	0.077597	0.579306	1.632739	0.638394	0.036863
0.589999	0.151240
0.594089	0.601623
0.583710	0.160962	0.610624	0.128339	0.611019	0.081762	0.575670	1.636181	0.549974	0.032253
0.583715	0.110658
0.503954	0.541838
0.592733	0.170395	0.577118	0.125388	0.610973	0.080710	0.611389	1.637905	0.573076	0.032960
0.604068	0.097183
0.537020	0.532084
0.636999	0.159470	0.568180	0.131412	0.579565	0.079857	0.576133	1.632853	0.581744	0.035449
0.472596	0.122410
0.528277	0.572605
0.558942	0.153218	0.608330	0.129848	0.639842	0.080301	0.568115	1.648852	0.583755	0.036285
0.611693	0.124853
0.514619	0.570031
0.612625	0.168829	0.593670	0.121421	0.566509	0.079161	0.637188	1.632152	0.597792	0.033441
0.592938	0.158653
0.525130	0.619613
0.566203	0.154870	0.623284	0.135459	0.578947	0.085710	0.579151	1.626626	0.581834	0.033714
0.601481	0.142029
0.533048	0.578541
0.598532	0.165322	0.593845	0.124861	0.611534	0.087013	0.582067	1.639717	0.571110	0.031916
0.501341	0.134236
0.524746	0.513944
0.604032	0.157474	0.582412	0.128504	0.580105	0.079889	0.588858	1.634993	0.615951	0.032779
0.611773	0.137606
0.516346	0.619625
0.567318	0.160565	0.637743	0.123442	0.603153	0.079713	0.559062	1.637678	0.611534	0.032851
0.597274	0.132541
0.523986	0.610075
0.539080	0.156268	0.581323	0.121227	0.585135	0.080356	0.587202	1.652550	0.610492	0.033637
0.558475	0.168030
0.532379	0.612062
0.570339	0.160596	0.645294	0.126078	0.605760	0.077485	0.572263	1.631967	0.583873	0.031843
0.594802	0.127604
0.509024	0.659600
0.635535	0.165240	0.573597	0.125724	0.568148	0.081623	0.634002	1.640810	0.591872	0.030963
0.609400	0.123219
0.515357	0.629254
0.604495	0.158693	0.638332	0.133032	0.591968	0.078112	0.587833	1.645222	0.610904	0.035072
0.637550	0.126708
0.538022	0.619831
0.570794	0.161851	0.636425	0.130490	0.579326	0.078715	0.579849	1.634573	0.563830	0.035772
0.547546	0.133462
0.521545	0.628757
0.597936	0.155234	0.642325	0.130643	0.573136	0.076985	0.612667	1.644053	0.583715	0.034519
0.641717	0.121776
0.517768	0.520936
0.543950	0.165628	0.610665	0.128989	0.610164	0.080102	0.578919	1.633114	0.578866	0.035911
0.572396	0.142224
0.525353	0.532335
0.582130	0.171707	0.620962	0.122171	0.597375	0.076770	0.588564	1.640042	0.603515	0.032564
0.622129	0.139313
0.495770	0.637303
0.591986	0.161473	0.640654	0.130316	0.640789	0.083552	0.577638	1.654386	0.609129	0.034572
0.593141	0.111552
0.532821	0.560296
0.638378	0.163158	0.578705	0.121935	0.578450	0.077429	0.612625	1.632003	0.578723	0.031816
0.536557	0.143928
0.508327	0.550978
0.595910	0.157964	0.589822	0.125198	0.583812	0.080493	0.636585	1.637483	0.581699	0.047643
0.546120	0.149781
0.516429	0.590698
0.609301	0.156540	0.587575	0.126140	0.543449	0.077348	0.581074	1.635979	0.555482	0.047274
0.603638	0.111727
0.537226	0.598696
0.580813	0.166219	0.559654	0.120251	0.595714	0.081431	0.546174	1.633666	0.594382	0.032293
0.549390	0.129362
0.587019	0.571043
0.588910	0.152107	0.609078	0.126890	0.603715	0.081003	0.546681	1.637170	0.639478	0.034834
0.558869	0.142723
0.582940	0.570349
0.594343	0.166853	0.580167	0.126913	0.579565	0.083809	0.550353	1.628920	0.612625	0.034710
0.575134	0.103122
0.623155	0.628036
0.592733	0.151268	0.580392	0.124950	0.599864	0.080399	0.594976	1.640053	0.581134	0.034729
0.526519	0.115001
0.528300	0.542117
0.560725	0.166429	0.641675	0.125434	0.555530	0.078521	0.579505	1.631951	0.612673	0.041225
0.596098	0.128543
0.521147	0.596930
0.587504	0.154333	0.580698	0.125857	0.580243	0.080894	0.580008	1.640402	0.640163	0.033156
0.509641	0.125242
0.523774	0.563140
0.556219	0.159337	0.641124	0.122373	0.611631	0.082593	0.579468	1.634266	0.639388	0.045857
0.558452	0.108823
0.525531	0.541819
0.635047	0.152421	0.580124	0.133872	0.639377	0.080544	0.581845	1.635621	0.580527	0.035584
0.584849	0.156894
0.534819	0.527051
0.552096	0.153164	0.618471	0.125255	0.571137	0.081488	0.580826	1.639941	0.553881	0.044218
0.334749	0.225704
0.607946	0.513339
0.611389	0.165408	0.547699	0.127795	0.634896	0.079495	0.611406	1.630594	0.568609	0.032778
0.605309	0.170528
0.599606	0.477063
0.583811	0.155736	0.581418	0.125601	0.636701	0.078982	0.640775	1.643763	0.608374	0.034221
0.494182	0.156425
0.530054	0.519414
0.558340	0.154829	0.616747	0.122811	0.580306	0.081312	0.580365	1.633045	0.602733	0.037619
0.589909	0.144872
0.534397	0.625664
0.574650	0.158805	0.610665	0.135028	0.634098	0.082979	0.580903	1.632370	0.607219	0.044047
0.573265	0.112561
0.536009	0.623150
0.581223	0.142849	0.611534	0.128235	0.608010	0.076571	0.612464	1.636114	0.640599	0.032890
0.641822	0.131655
0.516561	0.580685
0.583413	0.165000	0.595909	0.126391	0.611534	0.083335	0.605794	1.632520	0.574449	0.035072
0.604483	0.132210
0.517884	0.633588
0.611534	0.156265	0.621165	0.126791	0.611493	0.078150	0.635522	1.643042	0.579138	0.032067
0.530444	0.140804
0.529629	0.618712
0.581122	0.163742	0.611534	0.133910	0.581367	0.078781	0.565378	1.636454	0.590926	0.033367
0.515255	0.152887
0.521414	0.481402
0.546475	0.159205	0.596159	0.135841	0.571267	0.079923	0.637204	1.630420	0.637635	0.036426
0.623352	0.134243
0.518152	0.556800
0.562308	0.163426	0.578842	0.133784	0.579926	0.088281	0.606833	1.646515	0.590455	0.034164
0.643348	0.138311
0.532433	0.544378
0.580689	0.158606	0.638763	0.130809	0.611534	0.077473	0.635619	1.630921	0.536691	0.032384
0.584545	0.156487
0.511916	0.645482
0.578758	0.159871	0.640146	0.134867	0.639999	0.084894	0.585165	1.627996	0.636116	0.038920
0.581669	0.111250
0.587323	0.620093
0.570291	0.163869	0.581261	0.127434	0.635144	0.081399	0.576723	1.639460	0.593577	0.035895
0.572373	0.199974
0.525157	0.633117
0.634996	0.150838	0.640415	0.131585	0.639495	0.079241	0.596159	1.629491	0.609975	0.059161
0.621566	0.134850
0.528152	0.598000
0.580813	0.159028	0.640974	0.124849	0.559672	0.082425	0.547044	1.630401	0.581076	0.034650
0.573164	0.138306
0.530001	0.541411
0.530371	0.154362	0.604603	0.133252	0.582544	0.080852	0.638758	1.643892	0.636593	0.035204
0.584557	0.134049
0.595206	0.564365
0.583209	0.167288	0.593577	0.123715	0.611534	0.081970	0.611182	1.633526	0.591153	0.036518
0.596050	0.168860
0.518285	0.596984
0.641125	0.156883	0.582443	0.129428	0.595545	0.078282	0.612625	1.639485	0.589909	0.034232
0.606478	0.123310
0.517817	0.660087
delta = 1.900000, m = 70
0.582373	0.211065	0.581579	0.160284	0.587350	0.092699	0.580771	2.809772	0.580395	0.040843
0.558194	0.110800
0.501741	0.648103
0.562776	0.201151	0.570898	0.154240	0.618467	0.094739	0.566734	2.790465	0.581743	0.054923
0.580929	0.121102
0.517828	0.684716
0.583413	0.206583	0.580770	0.155446	0.582513	0.104572	0.613867	2.757951	0.579141	0.054591
0.479799	0.133465
0.521381	0.661419
0.580798	0.209951	0.581579	0.156511	0.608362	0.091981	0.545954	2.760071	0.573381	0.052690
0.633531	0.124464
0.516768	0.596878
0.606076	0.197317	0.552435	0.149631	0.580308	0.111481	0.580622	2.737186	0.590290	0.039578
0.612671	0.115733
0.526634	0.654497
0.607219	0.197460	0.633599	0.155374	0.606472	0.095631	0.639062	2.745160	0.563374	0.038808
0.616738	0.100074
0.514683	0.684171
0.574927	0.197799	0.595184	0.148506	0.579117	0.091254	0.604339	2.742041	0.639624	0.040865
0.572947	0.122443
0.526466	0.605061
0.635524	0.204492	0.570650	0.160069	0.610099	0.091147	0.583318	2.747668	0.554003	0.060999
0.499200	0.143267
0.531013	0.647025
0.604582	0.200619	0.559673	0.165082	0.559812	0.094297	0.569978	2.748843	0.612625	0.059945
0.463206	0.125853
0.511715	0.726300
0.611534	0.213042	0.581752	0.164372	0.640460	0.111139	0.640330	2.743802	0.582127	0.042625
0.553107	0.232351
0.506917	0.607086
0.598810	0.184739	0.581418	0.157228	0.595170	0.092895	0.582418	2.743922	0.598869	0.041150
0.613526	0.128701
0.507803	0.565934
0.583693	0.203685	0.617284	0.160237	0.549067	0.092834	0.611534	2.754839	0.593599	0.039256
0.634315	0.117836
0.526764	0.620421
0.580616	0.204656	0.589042	0.154231	0.556819	0.090736	0.574356	2.742749	0.610841	0.038858
0.631613	0.117479
0.527191	0.653748
0.560594	0.208117	0.640448	0.150550	0.593221	0.092982	0.606527	2.752744	0.612625	0.050298
0.585241	0.125855
0.514012	0.612964
0.595982	0.195329	0.604032	0.152918	0.579346	0.099523	0.612625	2.750316	0.573276	0.051003
0.581164	0.110923
0.529710	0.778144
0.542649	0.198970	0.547337	0.153576	0.611534	0.120629	0.549434	2.732382	0.639228	0.044432
0.444693	0.127899
0.524831	0.600036
0.615921	0.196545	0.634125	0.159939	0.640081	0.093891	0.595340	2.754641	0.596998	0.045179
0.598613	0.106366
0.501351	0.647992
0.572068	0.196690	0.538286	0.155617	0.636121	0.096744	0.592187	2.743473	0.636970	0.058490
0.632871	0.110529
0.521092	0.581104
0.548761	0.193447	0.582332	0.159555	0.545996	0.091843	0.608083	2.738295	0.568183	0.039100
0.479644	0.149100
0.518590	0.582075
0.579321	0.200170	0.583701	0.152344	0.636468	0.095588	0.582472	2.729528	0.593549	0.038827
0.484568	0.136842
0.510009	0.591281
0.639510	0.201203	0.575164	0.157869	0.637851	0.098977	0.637635	2.824403	0.579913	0.038307
0.589464	0.107277
0.521699	0.648087
0.587727	0.205190	0.612971	0.152277	0.581888	0.092300	0.581518	2.739403	0.635655	0.058700
0.639494	0.115897
0.512992	0.658374
0.634293	0.201231	0.636814	0.155739	0.550097	0.092689	0.581614	2.749247	0.612529	0.040633
0.572392	0.111095
0.533460	0.574144
0.581076	0.205907	0.580358	0.161534	0.640393	0.111413	0.593290	2.736334	0.560401	0.042619
0.445253	0.138449
0.517709	0.658363
0.573038	0.202941	0.587147	0.154763	0.573438	0.116817	0.569959	2.730060	0.579300	0.050796
0.504816	0.161546
0.517634	0.654288
0.565196	0.196317	0.581076	0.156821	0.580245	0.093936	0.581819	2.745637	0.593762	0.038116
0.650737	0.112217
0.532071	0.589821
0.586490	0.193950	0.595184	0.153221	0.636754	0.110326	0.580706	2.740138	0.611635	0.039526
0.605115	0.098494
0.606891	0.620855
0.581122	0.202704	0.583370	0.156950	0.604472	0.094676	0.640779	2.737566	0.577006	0.042595
0.566502	0.115595
0.533375	0.553689
0.549685	0.195252	0.581547	0.155036	0.611534	0.115525	0.575961	2.734587	0.643802	0.043209
0.554734	0.127068
0.521837	0.674332
0.641217	0.206788	0.611621	0.154558	0.597346	0.095287	0.593577	2.738945	0.596049	0.053756
0.514351	0.111369
0.526154	0.571652
0.636727	0.197934	0.604761	0.152186	0.568239	0.091421	0.607116	2.737210	0.591942	0.039436
0.638723	0.131650
0.517019	0.685839
0.580859	0.204201	0.561526	0.154879	0.596469	0.116931	0.595714	2.750679	0.597388	0.038104
0.616531	0.115660
0.511069	0.620454
0.583082	0.204346	0.640970	0.155163	0.580572	0.095801	0.567284	2.731421	0.595610	0.038731
0.606600	0.103006
0.533113	0.626427
0.596952	0.198946	0.629721	0.162474	0.556847	0.108866	0.583850	2.752896	0.597333	0.056749
0.628490	0.131505
0.524476	0.666871
0.629531	0.201117	0.570324	0.165813	0.571299	0.091397	0.576313	2.753399	0.581113	0.038912
0.557016	0.126640
0.500921	0.713633
0.579910	0.200924	0.611389	0.159271	0.581950	0.092563	0.611534	2.751333	0.593621	0.053129
0.495075	0.135614
0.527395	0.677775
0.635702	0.201035	0.611534	0.162110	0.552062	0.091641	0.643802	2.765411	0.620327	0.043765
0.577923	0.114865
0.509523	0.640801
0.639182	0.205302	0.594327	0.158415	0.580243	0.108404	0.583701	2.738005	0.581336	0.057320
0.628224	0.127734
0.523445	0.751794
0.551606	0.192685	0.607805	0.167663	0.574896	0.092357	0.633213	2.755197	0.638828	0.038910
0.600541	0.119113
0.537272	0.618864
0.571019	0.197487	0.595489	0.150168	0.594967	0.093176	0.574429	2.732196	0.612625	0.052833
0.506531	0.125056
0.524808	0.698127
0.541131	0.196446	0.589379	0.157902	0.642065	0.090769	0.640093	2.749611	0.579238	0.038797
0.388897	0.150422
0.511871	0.580087
0.595507	0.200205	0.587147	0.153679	0.571348	0.104224	0.557497	2.751391	0.641145	0.044086
0.536257	0.125896
0.519589	0.549716
0.595893	0.194439	0.600369	0.156595	0.581014	0.093151	0.592118	2.734857	0.614228	0.045941
0.587341	0.115598
0.514007	0.642622
0.613413	0.212814	0.636642	0.159231	0.581073	0.092900	0.554414	2.823977	0.584001	0.043364
0.574013	0.131712
0.501714	0.662836
0.639385	0.207182	0.547934	0.151195	0.581476	0.095212	0.580430	2.751995	0.580649	0.058882
0.630029	0.127966
0.523941	0.644810
0.579806	0.198202	0.571637	0.161683	0.563590	0.090434	0.583701	2.755062	0.582909	0.039508
0.369728	0.174003
0.540135	0.675320
0.634534	0.199879	0.555497	0.159633	0.570666	0.088724	0.583693	2.766432	0.636227	0.041893
0.613554	0.129562
0.511510	0.617407
0.637294	0.198497	0.641616	0.153794	0.640567	0.091039	0.637159	2.742945	0.618452	0.052534
0.634465	0.116856
0.535187	0.694771
0.598265	0.198819	0.582086	0.157121	0.579168	0.095105	0.637159	2.771678	0.581461	0.038587
0.512689	0.131268
0.527027	0.616407
0.576344	0.197532	0.597768	0.169820	0.593270	0.090465	0.552295	2.734151	0.562794	0.050201
0.466707	0.123554
0.512959	0.617005
delta = 1.900000, m = 80
0.585797	0.244547	0.638376	0.191893	0.548144	0.121304	0.641966	3.334523	0.578128	0.060004
0.640861	0.124499
0.518002	0.688624
0.605766	0.239323	0.611534	0.179587	0.578876	0.118307	0.636491	3.334952	0.557640	0.059586
0.598829	0.106892
0.525883	0.756980
0.583183	0.236578	0.573217	0.190991	0.580770	0.120166	0.580905	3.336310	0.553495	0.061473
0.530671	0.156333
0.516112	0.681322
0.549717	0.246376	0.611534	0.194379	0.541915	0.125093	0.644055	3.321587	0.526234	0.057761
0.633909	0.109459
0.516400	0.664070
0.591061	0.245115	0.602788	0.191893	0.485671	0.120560	0.583560	3.339066	0.573303	0.061489
0.607271	0.139881
0.523095	0.631271
0.567091	0.238573	0.595342	0.191597	0.638409	0.120314	0.580795	3.330063	0.543933	0.059336
0.569083	0.119231
0.539988	0.684809
0.586721	0.244265	0.580479	0.182440	0.636362	0.131584	0.602538	3.327104	0.635796	0.049266
0.539669	0.141412
0.499324	0.608863
0.640599	0.241706	0.529286	0.192676	0.636792	0.127998	0.581461	3.335072	0.592388	0.057620
0.604245	0.127467
0.513858	0.632900
0.581450	0.239189	0.560393	0.188584	0.640621	0.122918	0.561811	3.336332	0.636330	0.049362
0.492027	0.118397
0.530702	0.661692
0.610877	0.242817	0.611534	0.194623	0.639367	0.119076	0.572782	3.344960	0.558777	0.058788
0.654658	0.114944
0.521117	0.677945
0.636399	0.237300	0.591101	0.184245	0.581771	0.105336	0.612625	3.339373	0.633809	0.049543
0.623228	0.139219
0.518056	0.700359
0.580365	0.244986	0.580479	0.184216	0.579616	0.120832	0.582223	3.340180	0.581463	0.060581
0.609107	0.138056
0.527413	0.634541
0.580277	0.236384	0.581628	0.188866	0.641884	0.119375	0.581014	3.356970	0.607786	0.061131
0.572634	0.125527
0.523838	0.701058
0.580144	0.243053	0.606244	0.182180	0.645441	0.124311	0.559663	3.318271	0.582418	0.063797
0.446551	0.132998
0.515320	0.729156
0.569092	0.241049	0.639712	0.188142	0.611182	0.125604	0.581830	3.334115	0.589355	0.046899
0.637490	0.146634
0.525272	0.723301
0.578410	0.238666	0.605355	0.186896	0.612404	0.120565	0.633025	3.358091	0.580411	0.066275
0.452424	0.135004
0.526268	0.666589
0.561029	0.234472	0.595691	0.181985	0.563957	0.120916	0.614345	3.340794	0.611534	0.059410
0.479298	0.146718
0.526573	0.638257
0.611534	0.253884	0.641343	0.184643	0.577379	0.105808	0.580490	3.341501	0.570794	0.062274
0.612128	0.126047
0.527347	0.680518
0.570306	0.240607	0.578181	0.191924	0.581023	0.129808	0.581487	3.334420	0.544500	0.045303
0.608017	0.106243
0.533924	0.660454
0.566014	0.237356	0.583761	0.176846	0.556463	0.122466	0.579849	3.319342	0.588409	0.061591
0.605143	0.138695
0.537677	0.727039
0.643215	0.251009	0.580722	0.183990	0.546039	0.124835	0.592786	3.376608	0.637441	0.072388
0.592559	0.123387
0.522327	0.684891
0.583209	0.243360	0.607658	0.192380	0.611534	0.121920	0.636375	3.361464	0.627147	0.057944
0.567686	0.125308
0.507193	0.667575
0.611534	0.244352	0.629721	0.191812	0.573961	0.106217	0.639454	3.332957	0.574271	0.045378
0.587562	0.110389
0.504510	0.607702
0.634125	0.248903	0.583413	0.180022	0.574968	0.121591	0.582776	3.328161	0.581032	0.049691
0.602052	0.112044
0.502869	0.680040
0.606172	0.241829	0.571638	0.180184	0.567123	0.123794	0.591986	3.356464	0.636375	0.074670
0.615945	0.100909
0.498097	0.703676
0.637155	0.251707	0.611534	0.193318	0.611534	0.105924	0.568375	3.323147	0.611955	0.047078
0.660730	0.113314
0.514675	0.688607
0.640825	0.241614	0.589042	0.181378	0.586567	0.128554	0.567390	3.324707	0.609975	0.050462
0.632151	0.128517
0.516355	0.687937
0.626721	0.235121	0.581579	0.191633	0.623695	0.126592	0.583701	3.336745	0.607219	0.061364
0.497144	0.108524
0.511169	0.767022
0.572699	0.243722	0.578743	0.187415	0.575332	0.110586	0.589962	3.318436	0.614593	0.060147
0.635209	0.107222
0.502246	0.657533
0.567266	0.237607	0.623284	0.189739	0.558174	0.115795	0.595122	3.425822	0.580419	0.059893
0.576273	0.107348
0.511775	0.626412
0.572299	0.245991	0.583673	0.189981	0.579977	0.136092	0.581461	3.335441	0.582407	0.059967
0.609431	0.130541
0.530981	0.647323
0.610841	0.243404	0.591816	0.184328	0.565273	0.123620	0.637635	3.343967	0.586056	0.046055
0.617926	0.132085
0.522658	0.674106
0.575870	0.235862	0.549354	0.185418	0.571507	0.132109	0.611534	3.347654	0.561699	0.058426
0.344664	0.164561
0.509612	0.763265
0.614180	0.243580	0.580568	0.185757	0.589350	0.123443	0.577607	3.333120	0.581410	0.063038
0.607740	0.110750
0.501562	0.679881
0.639191	0.241037	0.598575	0.191960	0.643213	0.117186	0.620969	3.311135	0.644055	0.049430
0.617331	0.126840
0.511643	0.674708
0.560401	0.248592	0.581579	0.183401	0.564198	0.104825	0.581668	3.334725	0.579848	0.057056
0.607500	0.162726
0.508240	0.671854
0.637515	0.256676	0.573339	0.183387	0.547861	0.121664	0.582494	3.325378	0.556578	0.059110
0.567180	0.116815
0.523925	0.661414
0.595154	0.242130	0.637554	0.183958	0.605315	0.118806	0.582234	3.332577	0.577679	0.048914
0.611287	0.135606
0.494942	0.627106
0.596234	0.261104	0.557799	0.197776	0.601951	0.113502	0.619942	3.346403	0.578296	0.046035
0.405733	0.116294
0.528733	0.700337
0.637821	0.244250	0.607805	0.183650	0.542704	0.122862	0.611437	3.332220	0.566316	0.060661
0.616116	0.125601
0.539338	0.663626
0.577853	0.252578	0.579814	0.189405	0.566235	0.109611	0.638383	3.324879	0.581518	0.063212
0.617189	0.123891
0.531117	0.641137
0.583729	0.240220	0.582388	0.184109	0.578960	0.119949	0.611108	3.311782	0.602852	0.063206
0.639931	0.140778
0.506732	0.728679
0.592816	0.241064	0.561117	0.187022	0.583624	0.128091	0.579629	3.326782	0.590357	0.062362
0.617903	0.113078
0.512873	0.729550
0.601149	0.243870	0.581236	0.195772	0.611341	0.126134	0.581752	3.330294	0.583693	0.066942
0.639297	0.117169
0.517659	0.762459
0.560829	0.242860	0.580474	0.190936	0.570666	0.118511	0.571361	3.331905	0.622840	0.068081
0.494618	0.132469
0.509211	0.746361
0.583701	0.241404	0.641461	0.176659	0.597808	0.108114	0.593762	3.317241	0.617603	0.066158
0.626780	0.129857
0.535525	0.649742
0.594631	0.238861	0.572665	0.185745	0.581495	0.107578	0.572184	3.334100	0.595184	0.061501
0.506688	0.104294
0.521682	0.786504
0.581122	0.240846	0.598536	0.174486	0.611534	0.127737	0.537779	3.344112	0.610841	0.047760
0.471000	0.167121
0.527614	0.643046
0.581122	0.252207	0.618641	0.192259	0.580195	0.125765	0.577076	3.321799	0.637682	0.064963
0.632989	0.111047
0.516937	0.734151
0.595173	0.237903	0.611304	0.189927	0.590736	0.119887	0.641287	3.335344	0.580706	0.070025
0.538258	0.134657
0.513694	0.576485
delta = 1.900000, m = 90
0.611649	0.295028	0.620653	0.215976	0.594285	0.124901	0.570088	4.464628	0.639458	0.073539
0.634729	0.106433
0.515157	0.684654
0.636192	0.282601	0.583155	0.218653	0.571510	0.136967	0.547495	4.506888	0.543623	0.056274
0.655796	0.120291
0.594010	0.736168
0.581280	0.288327	0.559673	0.212842	0.592727	0.135045	0.618552	4.462811	0.639026	0.089852
0.614245	0.119818
0.527788	0.779848
0.598840	0.297033	0.634276	0.210078	0.610889	0.147423	0.610018	4.486458	0.580456	0.073776
0.611329	0.131326
0.500075	0.712981
0.602733	0.282587	0.540553	0.221826	0.596893	0.137948	0.621438	4.527228	0.581518	0.073179
0.598476	0.149461
0.503614	0.779853
0.639867	0.293801	0.595982	0.203618	0.579994	0.140872	0.585237	4.467633	0.574507	0.074699
0.620551	0.123773
0.513745	0.739617
0.594388	0.284316	0.611534	0.227473	0.579417	0.141906	0.598604	4.474310	0.560844	0.078675
0.636838	0.120324
0.515683	0.709215
0.604582	0.289437	0.551236	0.213532	0.617592	0.139966	0.633077	4.448025	0.571464	0.069697
0.590742	0.097607
0.525455	0.649556
0.638748	0.297947	0.603152	0.218455	0.597624	0.122592	0.586320	4.544749	0.555467	0.069641
0.523976	0.115287
0.506967	0.673649
0.592951	0.279671	0.617424	0.222425	0.576006	0.135057	0.547699	4.546653	0.549504	0.069556
0.569076	0.117917
0.516747	0.622559
0.611534	0.296091	0.555497	0.212576	0.573731	0.140492	0.603414	4.491651	0.611534	0.086143
0.598471	0.136588
0.498251	0.713491
0.540101	0.288076	0.594194	0.218297	0.584016	0.142140	0.564859	4.508964	0.571119	0.071717
0.503229	0.123637
0.496902	0.675423
0.608557	0.289830	0.582586	0.214467	0.577940	0.142005	0.597792	4.486552	0.556642	0.074765
0.629638	0.146999
0.514576	0.759228
0.581878	0.283656	0.611534	0.215622	0.641859	0.143095	0.573757	4.465910	0.581603	0.072654
0.621744	0.117914
0.518405	0.686254
0.611534	0.306795	0.634605	0.209194	0.563719	0.138263	0.611534	4.524072	0.580302	0.070210
0.493632	0.126517
0.506388	0.725150
0.600058	0.288772	0.560171	0.226014	0.580982	0.121447	0.565775	4.505480	0.637830	0.078142
0.638210	0.108643
0.509418	0.714635
0.637684	0.288301	0.583370	0.212175	0.595159	0.135482	0.579442	4.519276	0.552295	0.070809
0.604415	0.145783
0.511207	0.751883
0.642729	0.281398	0.602788	0.208139	0.643390	0.142017	0.568287	4.467286	0.621684	0.078517
0.583481	0.130692
0.501526	0.756999
0.581177	0.293962	0.641098	0.217868	0.580306	0.147847	0.582016	4.623744	0.606413	0.076087
0.483797	0.145799
0.503445	0.641115
0.600405	0.290182	0.567517	0.223966	0.605770	0.125942	0.585845	4.463150	0.611534	0.073219
0.589314	0.153993
0.518076	0.712367
0.641178	0.288667	0.582388	0.215469	0.530391	0.144189	0.580568	4.478449	0.567462	0.076430
0.615448	0.098411
0.511440	0.838990
0.597464	0.295070	0.634711	0.208606	0.571821	0.140960	0.641071	4.508162	0.610893	0.070400
0.599780	0.110704
0.476727	0.742612
0.582551	0.280910	0.636601	0.224516	0.571739	0.133318	0.562145	4.532411	0.581418	0.074839
0.538656	0.101219
0.522768	0.655780
0.640702	0.289865	0.564263	0.219974	0.595946	0.137930	0.596234	4.490411	0.598548	0.073377
0.628366	0.126774
0.523419	0.703378
0.568857	0.285353	0.581957	0.208604	0.581904	0.126685	0.583701	4.527200	0.595800	0.073779
0.490154	0.127676
0.520949	0.766643
0.582837	0.275124	0.580167	0.222629	0.606828	0.141094	0.601117	4.520324	0.555225	0.071500
0.508931	0.113641
0.534304	0.699012
0.578689	0.295943	0.633065	0.216764	0.639203	0.145369	0.638315	4.496782	0.640540	0.058728
0.364897	0.170128
0.537283	0.721944
0.595818	0.291073	0.540645	0.214761	0.581472	0.137376	0.587095	4.515008	0.597355	0.071996
0.620753	0.123006
0.494581	0.754552
0.640986	0.289094	0.578607	0.221954	0.636448	0.124087	0.578366	4.641408	0.611534	0.078731
0.317963	0.168379
0.519107	0.823340
0.625423	0.287209	0.581443	0.211744	0.587169	0.142122	0.635797	4.561333	0.642145	0.077968
0.514586	0.140939
0.524705	0.739436
0.630966	0.293743	0.565379	0.212730	0.582985	0.136708	0.638088	4.513638	0.563028	0.073600
0.592655	0.125538
0.524044	0.712039
0.607300	0.287564	0.581323	0.219974	0.609447	0.126332	0.585251	4.531338	0.609975	0.078602
0.618783	0.119061
0.516841	0.678293
0.558760	0.284082	0.581579	0.216030	0.582077	0.140017	0.542111	4.471294	0.617650	0.075399
0.508381	0.155058
0.514371	0.738491
0.612774	0.279589	0.583901	0.221535	0.580490	0.144296	0.579939	4.514072	0.571963	0.070401
0.594651	0.120538
0.522733	0.737278
0.600210	0.290788	0.569656	0.215586	0.635739	0.140137	0.575713	4.473461	0.568180	0.072360
0.635719	0.133014
0.506327	0.727462
0.590160	0.285473	0.630959	0.226826	0.579411	0.135845	0.685366	4.496629	0.608473	0.077871
0.598069	0.107812
0.519378	0.713995
0.582006	0.285748	0.581122	0.213521	0.616914	0.140621	0.579238	4.482607	0.589379	0.056207
0.656681	0.107540
0.521415	0.777085
0.581076	0.294352	0.555778	0.222406	0.616327	0.141600	0.571987	4.496688	0.618877	0.073249
0.599010	0.110665
0.516972	0.727046
0.541805	0.284555	0.597768	0.218853	0.581926	0.136524	0.611716	4.565467	0.579170	0.070929
0.623732	0.099784
0.509961	0.707931
0.642745	0.291388	0.577143	0.212061	0.565586	0.137948	0.596763	4.435999	0.637611	0.077762
0.517440	0.199102
0.502966	0.770472
0.595849	0.315860	0.581222	0.226775	0.579224	0.135348	0.572680	4.484100	0.583544	0.056959
0.589566	0.123845
0.504278	0.653047
0.596969	0.289981	0.595173	0.220016	0.598345	0.139013	0.642493	4.508610	0.560806	0.074746
0.534154	0.128293
0.522111	0.748694
0.636456	0.294111	0.637635	0.224883	0.637707	0.139711	0.546179	4.486534	0.582569	0.068489
0.612873	0.107948
0.525098	0.814967
0.635696	0.290493	0.637635	0.223862	0.637979	0.136419	0.610402	4.561765	0.597837	0.080148
0.529707	0.113667
0.518033	0.690453
0.581461	0.292530	0.585782	0.212788	0.636599	0.134301	0.641879	4.478749	0.565418	0.074827
0.492890	0.149585
0.521928	0.683234
0.593762	0.289869	0.582007	0.229789	0.568310	0.135281	0.611534	4.569815	0.622351	0.078817
0.412448	0.162606
0.524296	0.711740
0.613006	0.297023	0.609422	0.223054	0.637979	0.142589	0.593621	4.493127	0.582681	0.072149
0.621717	0.129345
0.513433	0.705254
0.611795	0.293549	0.605121	0.211518	0.596961	0.137356	0.579289	4.615309	0.596418	0.076914
0.532300	0.124805
0.501158	0.730383
0.587688	0.299043	0.633187	0.224298	0.551557	0.123446	0.613411	4.520135	0.641516	0.070865
0.544916	0.120778
0.515796	0.739139
0.615101	0.277577	0.591281	0.212208	0.551759	0.132763	0.572797	4.480428	0.640624	0.069949
0.648153	0.106490
0.507492	0.771467
0.568002	6.297067
